4 0.185721 0.151208 0.050392 0.116138
6 0.239885 0.154332 0.053618 0.136526
9 0.295513 0.159692 0.051350 0.130445
4 0.352016 0.160672 0.052165 0.121281
1 0.418759 0.170828 0.024860 0.115723
9 0.460374 0.174850 0.053014 0.138384
10 0.481580 0.225246 0.017769 0.027663
9 0.516667 0.175582 0.051976 0.134578
1 0.584381 0.182449 0.026553 0.119368
6 0.624242 0.186276 0.050493 0.137422
4 0.681969 0.191073 0.052481 0.118876
0 0.283684 0.342859 0.052373 0.132736
10 0.307238 0.394490 0.020511 0.032981
0 0.338919 0.349303 0.051948 0.137163
0 0.394941 0.355062 0.052743 0.138272
2 0.714382 0.382235 0.053731 0.140722
10 0.736637 0.434834 0.019100 0.031904
4 0.771071 0.381977 0.051308 0.117843
5 0.824556 0.390676 0.049550 0.134020
2 0.219727 0.521759 0.052577 0.138500
6 0.275023 0.521975 0.053118 0.134206
10 0.296454 0.577118 0.018499 0.029513
5 0.330827 0.528566 0.047064 0.130964
1 0.610551 0.552419 0.026591 0.121429
1 0.663732 0.561794 0.025015 0.119758
4 0.706827 0.563482 0.050018 0.114559
10 0.727472 0.617910 0.019732 0.030402
1 0.775030 0.568963 0.027473 0.119729
1 0.220478 0.687065 0.024088 0.117321
1 0.258307 0.690923 0.052574 0.137512
8 0.258814 0.692155 0.052083 0.131831
5 0.313340 0.695422 0.050090 0.136551
2 0.368270 0.697647 0.052556 0.134988
5 0.370203 0.698330 0.053246 0.145808
8 0.424211 0.699964 0.053017 0.133386
1 0.424216 0.711299 0.052954 0.141982
10 0.446892 0.762788 0.020012 0.031009
1 0.493935 0.713158 0.025843 0.123429
1 0.548842 0.713587 0.026262 0.126157
