4 0.188765 0.148829 0.051180 0.114116
6 0.242332 0.152790 0.051434 0.134448
9 0.299488 0.159976 0.051196 0.133440
4 0.354127 0.161004 0.050870 0.119715
1 0.418901 0.168122 0.027243 0.119073
9 0.462209 0.173575 0.052176 0.136167
10 0.485976 0.223985 0.017025 0.028221
9 0.519332 0.174279 0.053280 0.137212
1 0.585282 0.178097 0.030400 0.123490
6 0.625933 0.182476 0.049037 0.136296
4 0.681454 0.186873 0.052208 0.124957
0 0.286661 0.342585 0.053527 0.135448
10 0.310415 0.393399 0.019998 0.033583
0 0.341294 0.350149 0.051562 0.139320
0 0.396338 0.353022 0.051138 0.136738
2 0.715568 0.382028 0.053179 0.139052
10 0.736718 0.433408 0.018645 0.030345
4 0.771905 0.382153 0.051819 0.121304
5 0.826021 0.387978 0.048025 0.132537
2 0.222278 0.522313 0.053387 0.139500
6 0.277531 0.522234 0.052867 0.135462
10 0.302023 0.578721 0.020834 0.033469
2 0.332584 0.524134 0.050495 0.134924
5 0.333410 0.527228 0.050760 0.140285
1 0.610046 0.551132 0.028095 0.125314
1 0.666442 0.562700 0.026128 0.124745
3 0.706628 0.566102 0.047588 0.132768
10 0.729094 0.614679 0.018839 0.030579
6 0.759062 0.566763 0.050086 0.133575
1 0.223470 0.688633 0.024080 0.113890
8 0.261842 0.692245 0.050639 0.134913
1 0.261893 0.691339 0.049440 0.134759
5 0.315449 0.694056 0.049069 0.131110
5 0.369811 0.698449 0.050484 0.137577
2 0.369900 0.698608 0.051935 0.135467
8 0.426299 0.701993 0.053928 0.134917
1 0.426714 0.710204 0.055319 0.144589
10 0.448523 0.762897 0.017943 0.030924
1 0.494344 0.711326 0.026340 0.126617
1 0.549419 0.716440 0.026486 0.129304
