4 0.189987 0.149150 0.051320 0.119434
6 0.241773 0.153847 0.051659 0.131812
9 0.298564 0.160324 0.052147 0.135163
4 0.354388 0.160398 0.051174 0.119022
1 0.420984 0.167304 0.025711 0.118058
1 0.461066 0.172279 0.049497 0.136941
9 0.462661 0.172319 0.050687 0.136456
10 0.485215 0.224768 0.017638 0.027670
9 0.517661 0.177339 0.052410 0.135001
1 0.585183 0.182476 0.026904 0.123726
6 0.625687 0.185080 0.049931 0.134974
4 0.682787 0.187696 0.052343 0.122014
0 0.285911 0.344282 0.054318 0.135597
10 0.310574 0.400284 0.019398 0.031867
0 0.340376 0.349253 0.051848 0.139749
0 0.396367 0.354846 0.053178 0.136953
2 0.714482 0.381945 0.054225 0.142701
10 0.737545 0.433468 0.018896 0.032148
4 0.771658 0.381919 0.051040 0.119224
5 0.825945 0.388081 0.048012 0.131156
2 0.222440 0.522128 0.053161 0.140304
6 0.277137 0.522391 0.051933 0.135133
10 0.299622 0.578570 0.019571 0.032163
9 0.333561 0.530346 0.049729 0.128623
1 0.612070 0.553333 0.026262 0.120184
1 0.665195 0.561635 0.025641 0.123516
4 0.707767 0.562819 0.051575 0.118764
10 0.728994 0.620831 0.019924 0.031691
1 0.775728 0.570472 0.026671 0.124275
1 0.223243 0.687567 0.024055 0.113178
8 0.261317 0.693022 0.051741 0.133628
1 0.261476 0.691762 0.051475 0.135676
5 0.315446 0.694737 0.048897 0.131691
2 0.370399 0.698300 0.051659 0.138306
5 0.371764 0.699231 0.053174 0.145889
8 0.425856 0.701575 0.054045 0.135692
1 0.426212 0.711496 0.054303 0.145136
10 0.447637 0.764151 0.019577 0.031484
1 0.496445 0.713824 0.026011 0.124701
1 0.550786 0.714015 0.026582 0.128977
