4 0.188140 0.149065 0.053548 0.117371
8 0.240350 0.161345 0.053697 0.135338
9 0.297868 0.159761 0.054025 0.139029
4 0.352746 0.164973 0.050937 0.129647
7 0.414056 0.173579 0.040803 0.129739
1 0.416844 0.172617 0.033669 0.126499
9 0.455967 0.170348 0.057368 0.148371
8 0.459715 0.178066 0.055514 0.147476
9 0.515843 0.176959 0.053292 0.143144
8 0.518186 0.178451 0.047901 0.127437
8 0.623615 0.187439 0.053430 0.141146
8 0.678033 0.178646 0.045879 0.122697
4 0.678111 0.186130 0.047820 0.120196
0 0.287627 0.350508 0.057211 0.146342
0 0.341782 0.352539 0.050408 0.133040
0 0.396689 0.355978 0.052885 0.135092
2 0.713695 0.385398 0.053949 0.138641
4 0.770715 0.388146 0.052214 0.117383
5 0.820506 0.392305 0.048868 0.132132
2 0.221468 0.528929 0.053311 0.136404
8 0.277719 0.531735 0.050531 0.133459
9 0.278662 0.525905 0.050149 0.137405
8 0.332776 0.527883 0.049952 0.130829
4 0.705115 0.562249 0.049016 0.117080
1 0.775733 0.569921 0.031923 0.126321
1 0.221015 0.688385 0.025198 0.117590
8 0.260560 0.694840 0.053406 0.144292
6 0.313218 0.700792 0.050369 0.138796
5 0.313569 0.696455 0.049484 0.141025
6 0.367287 0.708214 0.051547 0.139117
2 0.369185 0.702877 0.052453 0.141283
8 0.425305 0.706334 0.053750 0.142014
1 0.494098 0.708580 0.024623 0.105309
1 0.550936 0.705001 0.024725 0.102179
