4 0.185722 0.151255 0.050716 0.116970
6 0.239171 0.155336 0.050319 0.134092
9 0.295304 0.159757 0.051232 0.130209
4 0.351699 0.160635 0.052895 0.122384
1 0.418861 0.172056 0.025411 0.117202
9 0.460154 0.175080 0.053422 0.138610
10 0.482244 0.225657 0.017702 0.026870
9 0.516657 0.175911 0.051858 0.135123
1 0.583131 0.182127 0.028259 0.124856
6 0.623794 0.186239 0.049911 0.133157
4 0.681641 0.188674 0.052286 0.119443
0 0.283515 0.346506 0.051669 0.133648
10 0.307374 0.395621 0.020600 0.032582
0 0.338705 0.349202 0.052277 0.138169
0 0.395213 0.354111 0.052681 0.134961
2 0.714152 0.381612 0.053788 0.140522
10 0.736166 0.434303 0.019126 0.031889
4 0.771064 0.381965 0.050753 0.117904
5 0.824672 0.388266 0.047998 0.129228
2 0.220077 0.519532 0.051417 0.133543
6 0.274012 0.521529 0.051620 0.133322
10 0.298568 0.576764 0.019583 0.030020
8 0.330862 0.529008 0.052593 0.134999
1 0.611218 0.553826 0.026117 0.120135
1 0.663606 0.561978 0.024947 0.119710
4 0.706759 0.563551 0.050099 0.114866
10 0.728276 0.619697 0.020938 0.031721
1 0.775069 0.568985 0.026510 0.123037
1 0.220447 0.687315 0.023973 0.117555
1 0.258170 0.691479 0.052101 0.137775
8 0.258672 0.692923 0.052066 0.132408
5 0.312965 0.695859 0.049582 0.135239
2 0.367974 0.697636 0.052375 0.134794
8 0.424075 0.700246 0.053659 0.134449
1 0.424794 0.711280 0.054956 0.143237
10 0.446148 0.762830 0.020161 0.031175
1 0.493333 0.712882 0.026504 0.126750
1 0.549419 0.712900 0.027083 0.129864
