4 0.187158 0.147828 0.051106 0.117152
6 0.240997 0.152386 0.051947 0.132522
9 0.297418 0.157583 0.051993 0.131102
4 0.353650 0.158061 0.051682 0.122779
1 0.419973 0.166240 0.026132 0.121201
9 0.461470 0.172092 0.051883 0.140259
10 0.483271 0.223075 0.017067 0.026563
9 0.517562 0.173969 0.052023 0.136437
1 0.585998 0.179540 0.029022 0.122698
6 0.624167 0.183807 0.049629 0.135497
4 0.681577 0.185766 0.051973 0.121327
0 0.285270 0.342673 0.052721 0.131123
10 0.310015 0.391882 0.019419 0.032163
0 0.340112 0.348777 0.050553 0.133918
0 0.395121 0.352026 0.052393 0.140142
2 0.713153 0.379353 0.052419 0.131564
10 0.738020 0.433294 0.019575 0.032813
4 0.771336 0.380972 0.051675 0.118958
5 0.825192 0.387640 0.048190 0.130365
2 0.221623 0.518201 0.052699 0.137461
9 0.278592 0.523159 0.051954 0.133772
10 0.301641 0.576534 0.020181 0.034629
9 0.333210 0.524635 0.049436 0.130755
1 0.611998 0.548101 0.025542 0.117520
1 0.664090 0.554557 0.027185 0.121936
4 0.707275 0.559737 0.050152 0.119654
1 0.774979 0.570153 0.026080 0.120687
1 0.222254 0.689485 0.024446 0.116282
8 0.260622 0.691343 0.051590 0.135939
1 0.260839 0.690704 0.050802 0.137922
5 0.314047 0.693357 0.048916 0.132480
6 0.369488 0.701039 0.051114 0.134089
2 0.369737 0.696633 0.051928 0.135889
8 0.424943 0.699518 0.054310 0.137454
1 0.425835 0.711673 0.056827 0.145881
1 0.494040 0.713809 0.026848 0.130106
1 0.548756 0.714175 0.026626 0.127457
