3 0.197255 0.140419 0.052963 0.137261
9 0.203128 0.145898 0.044457 0.114847
8 0.253430 0.152891 0.051864 0.134882
7 0.313470 0.153397 0.048762 0.127176
5 0.366290 0.163029 0.051849 0.143658
3 0.366440 0.164743 0.049501 0.135280
9 0.366936 0.161026 0.053017 0.143165
7 0.428227 0.163690 0.043586 0.125635
1 0.435159 0.176905 0.025423 0.099411
2 0.476297 0.172133 0.052941 0.140689
10 0.501109 0.226779 0.018058 0.030868
3 0.534044 0.176610 0.051598 0.137182
9 0.534751 0.175688 0.050994 0.142738
6 0.587384 0.178839 0.053535 0.144385
9 0.644146 0.183015 0.052246 0.134480
4 0.648943 0.181965 0.057691 0.128538
1 0.718679 0.184209 0.027963 0.119361
0 0.299766 0.346168 0.054474 0.144422
10 0.321082 0.400335 0.022885 0.032736
0 0.357075 0.348257 0.054296 0.139992
0 0.413917 0.351592 0.054768 0.138082
2 0.737627 0.377754 0.052928 0.134026
4 0.794266 0.379804 0.051362 0.118115
5 0.849544 0.385887 0.049458 0.129555
3 0.236131 0.530992 0.048043 0.135134
0 0.248560 0.530851 0.072766 0.138334
0 0.290333 0.532632 0.052877 0.139928
10 0.310774 0.582882 0.018891 0.029773
0 0.349297 0.529850 0.055383 0.140465
1 0.634591 0.559163 0.025121 0.120363
1 0.689218 0.560305 0.026182 0.116325
4 0.730679 0.562427 0.051802 0.118348
0 0.731027 0.566044 0.050044 0.124258
10 0.752881 0.615649 0.019602 0.030470
0 0.786553 0.566506 0.054213 0.136006
5 0.219539 0.694130 0.049586 0.138398
2 0.220823 0.694440 0.047393 0.135973
5 0.274191 0.697989 0.054543 0.144770
8 0.275525 0.698139 0.053125 0.141522
9 0.275661 0.701187 0.051772 0.134954
8 0.330467 0.706390 0.052326 0.136739
8 0.387270 0.704707 0.054291 0.138351
0 0.443621 0.708503 0.053979 0.132158
2 0.500109 0.715901 0.052649 0.135126
0 0.556888 0.719945 0.053354 0.137663
