4 0.185786 0.148818 0.050301 0.115570
6 0.240097 0.153176 0.052050 0.134677
9 0.296058 0.159666 0.051715 0.132259
4 0.351795 0.159634 0.052124 0.119928
1 0.418740 0.169171 0.024914 0.115699
1 0.459251 0.172001 0.050207 0.137762
9 0.460155 0.173478 0.052938 0.137480
10 0.482341 0.224298 0.017642 0.026832
9 0.516487 0.174114 0.051690 0.134847
1 0.583449 0.179779 0.027792 0.121389
6 0.624107 0.185262 0.050243 0.135371
4 0.682308 0.189608 0.051802 0.114564
0 0.283823 0.341610 0.052429 0.133691
10 0.307302 0.395190 0.020568 0.032875
0 0.338892 0.348708 0.052198 0.137976
0 0.395207 0.353428 0.052116 0.134491
2 0.713668 0.381735 0.053990 0.141495
10 0.736310 0.434764 0.018982 0.031494
4 0.771128 0.381121 0.050989 0.119146
5 0.824710 0.387510 0.047734 0.129699
2 0.219702 0.519984 0.052431 0.134183
5 0.275428 0.522706 0.050214 0.137506
9 0.275433 0.524474 0.048460 0.130673
10 0.298187 0.578243 0.018482 0.030773
9 0.331646 0.529645 0.050647 0.133375
1 0.611315 0.554473 0.026113 0.120349
1 0.663960 0.562629 0.024877 0.120394
4 0.705526 0.563632 0.048470 0.114676
10 0.727586 0.619200 0.019849 0.031344
0 0.758638 0.568121 0.052207 0.139049
1 0.220869 0.688626 0.023577 0.116725
1 0.258320 0.691966 0.052073 0.137303
8 0.258619 0.693555 0.051856 0.132324
5 0.313154 0.696157 0.049598 0.135345
2 0.368147 0.698433 0.052882 0.135792
8 0.424288 0.700779 0.053197 0.134407
1 0.424311 0.711710 0.053424 0.143019
10 0.446134 0.764252 0.019980 0.030591
1 0.493877 0.714459 0.026075 0.127075
1 0.549175 0.714133 0.026364 0.127055
