3 0.201237 0.157645 0.050197 0.137776
8 0.255639 0.159416 0.054644 0.140747
7 0.314989 0.160729 0.051885 0.134705
3 0.369194 0.168379 0.051045 0.137644
1 0.439256 0.171922 0.022580 0.110314
2 0.478498 0.175729 0.053255 0.135902
10 0.504447 0.228383 0.018419 0.028092
5 0.534708 0.177697 0.050587 0.138284
3 0.535083 0.180168 0.051147 0.137573
6 0.588302 0.182647 0.052568 0.141052
9 0.646734 0.186871 0.052218 0.138396
1 0.715542 0.194344 0.026940 0.116528
0 0.301421 0.350597 0.052014 0.138471
10 0.321711 0.401341 0.019769 0.026082
0 0.358385 0.351002 0.052731 0.135095
0 0.411414 0.356567 0.056029 0.138362
2 0.737867 0.379508 0.050936 0.126634
4 0.794356 0.382678 0.051397 0.117535
5 0.849467 0.389360 0.050744 0.133285
2 0.237930 0.528897 0.056326 0.139284
7 0.298369 0.527201 0.049197 0.136068
10 0.316094 0.587031 0.016070 0.028051
0 0.351320 0.540239 0.054419 0.135105
1 0.636098 0.562952 0.024264 0.120154
1 0.688155 0.562433 0.025798 0.113633
4 0.731767 0.566630 0.049749 0.117555
10 0.754217 0.624049 0.020692 0.031657
1 0.802136 0.572475 0.025481 0.116372
5 0.219840 0.696932 0.049672 0.134398
9 0.277505 0.701102 0.051486 0.134149
8 0.332189 0.711082 0.052902 0.139334
8 0.387934 0.713513 0.053457 0.139781
0 0.445148 0.714284 0.054207 0.133782
10 0.466633 0.772328 0.019530 0.029351
2 0.501250 0.720480 0.051989 0.135790
0 0.558157 0.723461 0.052779 0.134679
