4 0.190901 0.149380 0.048120 0.117488
6 0.241418 0.153718 0.052111 0.130887
9 0.299235 0.160017 0.051569 0.134617
4 0.354027 0.160805 0.051063 0.121060
1 0.418566 0.166479 0.026258 0.117948
9 0.462115 0.173439 0.052339 0.136575
10 0.484896 0.225399 0.017244 0.026707
9 0.517636 0.177081 0.053006 0.136016
1 0.585824 0.180716 0.028303 0.122836
6 0.625137 0.184212 0.049907 0.136331
4 0.681869 0.187748 0.053241 0.124359
0 0.285606 0.347247 0.051888 0.140864
10 0.313153 0.403436 0.021060 0.035246
0 0.340199 0.349114 0.051563 0.137284
0 0.396933 0.354156 0.053915 0.138182
2 0.714766 0.381581 0.053662 0.140292
10 0.738251 0.434116 0.018807 0.031629
4 0.771588 0.382384 0.051142 0.116967
5 0.825648 0.388683 0.048332 0.131282
2 0.223602 0.518923 0.053174 0.140213
7 0.283406 0.518709 0.046187 0.130046
10 0.303089 0.579980 0.018691 0.031996
1 0.348064 0.529378 0.025750 0.125013
1 0.611979 0.553192 0.025751 0.115934
1 0.663231 0.563008 0.027531 0.119235
4 0.708221 0.565386 0.049851 0.115384
1 0.775080 0.570029 0.025631 0.121527
1 0.223912 0.687415 0.024422 0.114216
8 0.261488 0.693683 0.050304 0.134440
1 0.262333 0.692476 0.049001 0.135226
10 0.286321 0.744082 0.018081 0.028800
5 0.314789 0.693734 0.049367 0.131882
2 0.370195 0.698611 0.052106 0.137457
8 0.425909 0.702227 0.054752 0.137621
1 0.427278 0.711670 0.058311 0.142132
10 0.451092 0.763933 0.019586 0.032477
1 0.495578 0.709500 0.028359 0.133422
1 0.550629 0.715772 0.026693 0.132468
