4 0.187103 0.150922 0.052006 0.121888
6 0.240537 0.155494 0.052239 0.134138
9 0.297221 0.161454 0.051519 0.132353
4 0.352641 0.162517 0.051203 0.119529
1 0.420029 0.170327 0.024891 0.115112
9 0.462175 0.173676 0.050463 0.135297
10 0.484008 0.226072 0.017728 0.027153
9 0.517543 0.179552 0.052784 0.133664
1 0.585900 0.184148 0.026406 0.122263
6 0.626384 0.186906 0.050712 0.135375
4 0.683862 0.189864 0.053102 0.121562
0 0.284169 0.346446 0.051652 0.134858
10 0.309003 0.399893 0.018613 0.027063
0 0.339658 0.349574 0.052212 0.138889
0 0.395877 0.354653 0.052009 0.136187
2 0.716501 0.383603 0.053852 0.139770
10 0.738884 0.436397 0.018752 0.030111
4 0.772747 0.383151 0.052324 0.119460
5 0.827749 0.389551 0.047939 0.131503
2 0.220307 0.521874 0.052319 0.135643
6 0.274777 0.523721 0.052568 0.136250
10 0.297543 0.584759 0.019158 0.030208
0 0.332460 0.527301 0.053417 0.137322
1 0.612295 0.558273 0.025245 0.117602
1 0.667338 0.563900 0.024951 0.122966
3 0.706872 0.565741 0.049028 0.134417
10 0.729337 0.616901 0.017121 0.028653
8 0.761066 0.568301 0.052942 0.138694
1 0.221468 0.689801 0.024244 0.112203
1 0.259016 0.693058 0.052655 0.137041
8 0.259346 0.694401 0.051923 0.136160
5 0.314166 0.699668 0.050513 0.136385
2 0.369090 0.700138 0.052688 0.139612
8 0.425076 0.708822 0.054766 0.139503
1 0.425761 0.713762 0.053844 0.143194
10 0.446962 0.766561 0.019574 0.030910
1 0.495089 0.718563 0.025898 0.123340
1 0.550795 0.719489 0.027134 0.131909
