4 0.190141 0.148092 0.051040 0.116765
6 0.242407 0.153333 0.051515 0.133676
9 0.298844 0.160553 0.050724 0.132436
4 0.354132 0.160694 0.051890 0.124240
1 0.419902 0.168123 0.026342 0.120023
9 0.462269 0.172867 0.049739 0.131427
10 0.482281 0.224251 0.016944 0.027340
9 0.517830 0.178734 0.053080 0.133958
1 0.583066 0.179361 0.031210 0.123114
6 0.621132 0.186090 0.054806 0.142551
4 0.682117 0.187454 0.051526 0.118654
0 0.285888 0.344531 0.053772 0.134670
10 0.309532 0.397234 0.020351 0.035425
0 0.340668 0.349420 0.052299 0.139718
0 0.396013 0.353760 0.051997 0.137611
2 0.715342 0.381005 0.054197 0.141363
10 0.738204 0.435369 0.019432 0.034726
4 0.771750 0.382329 0.051645 0.118701
5 0.825897 0.388212 0.047557 0.130161
2 0.222726 0.519728 0.052002 0.137571
7 0.284420 0.521154 0.046044 0.127380
10 0.302093 0.582306 0.020171 0.033426
1 0.347673 0.530847 0.027023 0.133255
1 0.611618 0.553568 0.026867 0.128572
1 0.664482 0.561125 0.025914 0.125843
4 0.707071 0.561152 0.052823 0.116031
1 0.776537 0.571463 0.025766 0.120709
1 0.223039 0.687968 0.024817 0.114764
1 0.261356 0.692137 0.051501 0.137441
8 0.261509 0.693416 0.051078 0.137236
5 0.315254 0.695487 0.050555 0.134768
2 0.370017 0.697686 0.051118 0.133401
5 0.370197 0.698691 0.052444 0.143688
6 0.370542 0.698892 0.050137 0.137937
8 0.425555 0.707829 0.054019 0.137000
10 0.449654 0.764958 0.019990 0.033195
1 0.495588 0.710423 0.027078 0.123184
1 0.550619 0.712779 0.025987 0.119778
