4 0.189524 0.150147 0.051553 0.120678
6 0.242422 0.153974 0.051708 0.132261
9 0.299214 0.159877 0.051698 0.131507
4 0.354882 0.162325 0.050852 0.119748
1 0.422735 0.170067 0.026022 0.119431
1 0.462106 0.173800 0.049326 0.135114
9 0.463587 0.173140 0.050838 0.135448
10 0.486399 0.225208 0.017577 0.028157
9 0.519459 0.178323 0.052149 0.132973
1 0.588198 0.181845 0.025852 0.118605
6 0.627815 0.185484 0.050521 0.136532
4 0.685171 0.189277 0.053210 0.122177
0 0.286875 0.343228 0.053317 0.133947
10 0.311772 0.400777 0.019010 0.030539
0 0.341220 0.348074 0.051767 0.138365
0 0.398150 0.353429 0.053418 0.135384
2 0.717047 0.382346 0.053721 0.139542
10 0.739674 0.435051 0.018707 0.031785
4 0.773468 0.381864 0.051549 0.118709
5 0.828192 0.388687 0.047809 0.129913
2 0.223187 0.522135 0.054328 0.141336
5 0.278621 0.522390 0.049164 0.133123
10 0.301133 0.579849 0.020001 0.032907
9 0.335128 0.529731 0.049861 0.130433
1 0.613906 0.552371 0.026336 0.120112
1 0.668145 0.560566 0.025685 0.124250
3 0.708431 0.564397 0.049097 0.130640
9 0.713695 0.566557 0.066835 0.136470
10 0.731310 0.615374 0.019182 0.031500
9 0.763728 0.567576 0.050802 0.131733
1 0.223444 0.686869 0.024259 0.112522
8 0.262068 0.692639 0.050551 0.132739
1 0.262189 0.690174 0.050053 0.134139
5 0.316306 0.693472 0.049050 0.131103
5 0.369048 0.698565 0.055733 0.137633
2 0.371252 0.697383 0.052196 0.138600
8 0.427124 0.701453 0.053890 0.133893
1 0.427427 0.709877 0.053133 0.143002
10 0.449207 0.764122 0.019987 0.031467
1 0.498193 0.711972 0.026076 0.125208
1 0.552405 0.712675 0.026089 0.127183
