3 0.202583 0.157381 0.049032 0.135016
8 0.256916 0.159004 0.054847 0.138753
7 0.317195 0.159311 0.049044 0.132229
3 0.370198 0.167789 0.052182 0.138806
1 0.438891 0.172170 0.025020 0.116363
2 0.480958 0.175340 0.052771 0.135756
10 0.505179 0.229116 0.018350 0.027089
3 0.537289 0.180003 0.051059 0.137439
6 0.590358 0.182863 0.053637 0.137469
9 0.648784 0.187554 0.052245 0.136853
1 0.717896 0.193980 0.029388 0.126382
0 0.302203 0.350943 0.052388 0.139380
10 0.327581 0.402388 0.019917 0.034322
0 0.359408 0.351719 0.052973 0.134640
0 0.416143 0.353723 0.054935 0.138541
2 0.739892 0.381004 0.050451 0.130681
4 0.796920 0.382757 0.051495 0.114115
5 0.852293 0.389152 0.049736 0.133802
2 0.238158 0.528563 0.054891 0.140645
6 0.294367 0.531342 0.050884 0.132537
10 0.316598 0.591202 0.019873 0.033804
1 0.366312 0.541574 0.026160 0.119406
1 0.637448 0.560496 0.025304 0.113548
1 0.690187 0.562490 0.027389 0.122407
3 0.732646 0.568461 0.049755 0.137281
10 0.757479 0.618841 0.017396 0.026911
8 0.788476 0.567222 0.053804 0.136034
5 0.220490 0.696017 0.049713 0.132881
9 0.278276 0.699880 0.051255 0.130571
8 0.333096 0.709730 0.053487 0.139805
8 0.388937 0.712203 0.053604 0.139724
0 0.391622 0.714612 0.060364 0.143793
10 0.445581 0.720319 0.052614 0.136753
0 0.446724 0.712369 0.054807 0.135206
10 0.469059 0.770840 0.019038 0.028665
2 0.503026 0.718917 0.051423 0.136321
0 0.559823 0.725726 0.055535 0.143125
