4 0.187009 0.145887 0.053197 0.121112
6 0.240656 0.149794 0.052400 0.136008
9 0.296565 0.156473 0.052366 0.131175
4 0.352587 0.158742 0.052599 0.120310
1 0.421134 0.165415 0.025656 0.121778
9 0.460756 0.168190 0.049134 0.131250
10 0.483902 0.222692 0.017130 0.026299
9 0.518118 0.171772 0.052516 0.137742
1 0.586172 0.178524 0.026200 0.118267
6 0.626624 0.182704 0.049871 0.138280
4 0.683650 0.184553 0.054283 0.124470
0 0.284131 0.343788 0.051555 0.133900
10 0.307632 0.393037 0.020763 0.033095
0 0.339544 0.346387 0.052375 0.137117
0 0.395923 0.348848 0.052353 0.132661
2 0.715922 0.379589 0.052229 0.138089
10 0.742096 0.430666 0.019581 0.028832
4 0.773360 0.378502 0.051469 0.121867
5 0.827828 0.386654 0.047525 0.130385
2 0.219931 0.517740 0.052672 0.141371
5 0.276289 0.520841 0.049369 0.132593
10 0.299645 0.577263 0.018947 0.032699
9 0.332471 0.528952 0.051553 0.134867
1 0.612884 0.553485 0.026754 0.123930
1 0.667054 0.561826 0.025397 0.126211
3 0.708003 0.564109 0.049103 0.133893
10 0.729290 0.618013 0.018757 0.029754
9 0.763061 0.565931 0.051031 0.133269
1 0.221600 0.687344 0.023931 0.118869
1 0.259161 0.690498 0.052255 0.137827
8 0.259594 0.692020 0.052541 0.134855
5 0.314048 0.694870 0.050301 0.136670
2 0.369553 0.696512 0.052753 0.135821
8 0.425259 0.698693 0.053558 0.135294
1 0.425745 0.709596 0.054005 0.141778
10 0.447511 0.762299 0.020176 0.031014
1 0.496166 0.712115 0.026309 0.127332
1 0.550938 0.710837 0.026989 0.130835
