4 0.189954 0.150494 0.051655 0.119383
6 0.242575 0.153856 0.051901 0.133079
9 0.299923 0.161879 0.050576 0.133744
4 0.355676 0.160782 0.051524 0.119518
1 0.422742 0.168942 0.025904 0.119338
9 0.464201 0.173390 0.050242 0.134649
10 0.485832 0.225516 0.017315 0.027410
9 0.519847 0.177836 0.051874 0.136396
1 0.588496 0.181630 0.026511 0.120425
6 0.627583 0.185452 0.050819 0.135490
4 0.684712 0.189203 0.053298 0.124263
0 0.287185 0.343529 0.053407 0.135763
10 0.311742 0.402021 0.019302 0.031592
0 0.341538 0.349402 0.051626 0.137310
0 0.398200 0.354841 0.053633 0.137561
2 0.717023 0.382514 0.053520 0.139671
10 0.740459 0.432973 0.019219 0.033385
4 0.773308 0.382296 0.051811 0.119168
5 0.828556 0.389160 0.048384 0.131154
2 0.223294 0.522667 0.054172 0.141766
6 0.278436 0.522373 0.053637 0.135308
10 0.301195 0.578288 0.020403 0.032510
3 0.335307 0.531157 0.049041 0.133523
1 0.613369 0.552878 0.026941 0.123126
1 0.668137 0.561291 0.025031 0.122264
4 0.709656 0.560241 0.049643 0.116832
10 0.732844 0.618638 0.020717 0.031172
1 0.778580 0.570819 0.027540 0.125894
1 0.223229 0.687134 0.024506 0.114312
8 0.262083 0.693023 0.051012 0.134261
1 0.262193 0.691448 0.050192 0.136256
5 0.316311 0.693724 0.049178 0.130422
5 0.369680 0.698960 0.056456 0.136964
2 0.371948 0.697672 0.051977 0.135243
8 0.427127 0.701761 0.054045 0.134307
1 0.427166 0.710151 0.053003 0.141613
10 0.449212 0.763458 0.019882 0.030214
1 0.497978 0.712739 0.026331 0.124672
1 0.552282 0.715779 0.026519 0.131087
