4 0.188972 0.148996 0.051289 0.120888
6 0.242482 0.154840 0.051872 0.133879
9 0.298201 0.159365 0.051834 0.130382
8 0.298781 0.159827 0.053379 0.140847
10 0.325652 0.214799 0.017914 0.030713
4 0.355047 0.162216 0.051869 0.121445
1 0.420049 0.167475 0.027102 0.118173
9 0.461932 0.174420 0.051702 0.137164
10 0.483903 0.226027 0.017374 0.027779
9 0.517520 0.175346 0.053124 0.137805
8 0.518072 0.179384 0.052703 0.141085
1 0.586148 0.179276 0.030419 0.124585
6 0.626481 0.184877 0.048779 0.136796
4 0.682209 0.188784 0.054273 0.129192
0 0.286478 0.345995 0.053859 0.137540
0 0.341030 0.349537 0.053037 0.144034
0 0.396964 0.351118 0.053404 0.136772
2 0.715351 0.382430 0.053657 0.135120
10 0.736992 0.434078 0.019231 0.031510
4 0.771870 0.384223 0.052800 0.119045
5 0.825709 0.389266 0.048680 0.132035
2 0.222843 0.519445 0.052601 0.137824
7 0.283096 0.516160 0.046234 0.130809
10 0.304078 0.579302 0.020125 0.032862
1 0.347839 0.525620 0.026698 0.122459
1 0.611731 0.550674 0.027827 0.131556
1 0.665593 0.560498 0.025821 0.120519
4 0.706781 0.559718 0.052166 0.117475
1 0.774615 0.571849 0.027065 0.129521
1 0.223047 0.687207 0.023886 0.109635
8 0.261717 0.692595 0.050978 0.136558
1 0.261826 0.690628 0.050646 0.135961
5 0.315120 0.694550 0.049648 0.133102
6 0.315454 0.695726 0.049200 0.134718
6 0.368852 0.700716 0.050810 0.135667
2 0.370677 0.697359 0.051594 0.137164
8 0.424671 0.706751 0.053530 0.137697
1 0.426707 0.712844 0.056773 0.141710
10 0.451161 0.762623 0.019424 0.031537
1 0.495489 0.708115 0.027942 0.129839
1 0.550501 0.716219 0.026874 0.132740
