4 0.187330 0.145546 0.052680 0.118832
6 0.240032 0.150867 0.050952 0.132289
9 0.296386 0.155527 0.052114 0.131530
4 0.352043 0.158174 0.052959 0.121881
1 0.421568 0.165192 0.025361 0.121632
9 0.461501 0.167436 0.050203 0.134303
10 0.484824 0.222561 0.017070 0.025978
9 0.518479 0.171676 0.052116 0.137546
1 0.587522 0.178007 0.026872 0.118357
6 0.626517 0.183501 0.049296 0.136071
4 0.684678 0.185210 0.051049 0.115672
0 0.284270 0.343639 0.051097 0.133047
10 0.307926 0.393468 0.020496 0.032500
0 0.338730 0.345739 0.052826 0.141129
0 0.395184 0.350599 0.055422 0.147751
2 0.715869 0.379465 0.052792 0.137855
10 0.738532 0.432269 0.019133 0.031828
4 0.773391 0.378321 0.051404 0.121093
5 0.827534 0.387236 0.049912 0.137035
2 0.220171 0.517608 0.052397 0.142462
6 0.276690 0.521113 0.053560 0.131721
10 0.298053 0.577330 0.020739 0.031598
1 0.348082 0.527773 0.024849 0.114847
1 0.612407 0.554032 0.025856 0.125117
1 0.667048 0.560456 0.025626 0.128767
3 0.675039 0.562329 0.042164 0.130995
3 0.707698 0.563555 0.049360 0.135935
10 0.730229 0.612959 0.018856 0.029163
6 0.760808 0.564951 0.051599 0.136537
1 0.221306 0.685969 0.024038 0.113734
1 0.259418 0.690331 0.051934 0.137992
8 0.259664 0.691672 0.052477 0.135219
5 0.313952 0.694601 0.049987 0.135842
2 0.369337 0.696462 0.052191 0.134848
8 0.425242 0.698606 0.053959 0.136003
1 0.426190 0.708968 0.055059 0.142211
10 0.447720 0.761761 0.020245 0.030467
1 0.495331 0.711183 0.026655 0.129012
1 0.551201 0.710992 0.026919 0.132167
