4 0.185111 0.150649 0.052159 0.119406
6 0.239557 0.155754 0.051624 0.134017
9 0.295393 0.159571 0.051525 0.131966
4 0.351516 0.159526 0.052599 0.121408
1 0.418144 0.171928 0.026639 0.120629
9 0.460004 0.174195 0.053989 0.143098
10 0.482007 0.224980 0.017448 0.028532
9 0.516544 0.174027 0.054710 0.137834
1 0.582649 0.179542 0.031064 0.121578
6 0.623999 0.185959 0.048612 0.134105
4 0.680855 0.187790 0.052352 0.120323
0 0.284524 0.342981 0.052191 0.129185
10 0.308775 0.393036 0.020112 0.033103
0 0.339138 0.348295 0.051718 0.136124
0 0.395260 0.349084 0.052869 0.134484
2 0.713668 0.380789 0.051604 0.130947
10 0.736328 0.433967 0.018481 0.030937
4 0.771038 0.382228 0.051954 0.119348
5 0.825208 0.388433 0.048409 0.130715
6 0.220728 0.522010 0.051025 0.142731
2 0.220748 0.517071 0.050322 0.138076
6 0.275378 0.521993 0.053166 0.136955
10 0.302018 0.574563 0.018596 0.031023
2 0.330752 0.521233 0.051009 0.135082
1 0.610755 0.554087 0.026577 0.125631
1 0.663553 0.563609 0.026426 0.127584
3 0.704714 0.561352 0.051574 0.134684
10 0.728061 0.614840 0.016924 0.028815
6 0.757871 0.566359 0.050583 0.134742
7 0.216952 0.689545 0.026941 0.098159
1 0.220539 0.684812 0.027094 0.114250
8 0.259374 0.691161 0.051888 0.133996
5 0.313068 0.693695 0.049602 0.136131
2 0.367700 0.697688 0.052840 0.136144
8 0.424746 0.700585 0.054143 0.137199
1 0.425668 0.712702 0.056688 0.142443
1 0.493605 0.706162 0.029300 0.129300
1 0.548414 0.714810 0.025734 0.127403
