4 0.187098 0.151982 0.051875 0.122609
6 0.240079 0.156353 0.050578 0.134557
9 0.296727 0.162323 0.050789 0.129031
4 0.352955 0.162820 0.051671 0.119331
1 0.420175 0.172762 0.025092 0.115550
9 0.462156 0.175279 0.050539 0.133856
10 0.484439 0.227880 0.017909 0.028125
9 0.517838 0.180531 0.052652 0.133181
1 0.586931 0.184127 0.026161 0.121517
6 0.626486 0.187356 0.049756 0.132156
4 0.683751 0.191291 0.052703 0.120604
0 0.284412 0.347286 0.051524 0.134457
10 0.311409 0.403045 0.019619 0.030806
0 0.339536 0.350728 0.052502 0.138296
0 0.396146 0.356305 0.053602 0.135500
2 0.716537 0.384035 0.053518 0.139417
10 0.737408 0.435881 0.018675 0.030991
4 0.772928 0.383847 0.052034 0.118019
5 0.827607 0.390330 0.047798 0.129955
2 0.220703 0.522006 0.053171 0.137417
6 0.276342 0.524204 0.053569 0.134626
10 0.297342 0.584551 0.017742 0.028180
1 0.348530 0.532777 0.024576 0.115625
1 0.612340 0.555739 0.026766 0.123191
1 0.667287 0.561979 0.025502 0.124222
3 0.706926 0.565818 0.049069 0.134670
10 0.730678 0.621384 0.019232 0.029538
6 0.759417 0.568296 0.050936 0.139053
1 0.221261 0.689723 0.024255 0.113165
1 0.259408 0.692185 0.052437 0.135697
8 0.259591 0.693997 0.051925 0.135417
5 0.313532 0.695936 0.049962 0.134065
2 0.369092 0.699417 0.052563 0.138948
8 0.425107 0.708185 0.055268 0.139928
1 0.425684 0.712819 0.054658 0.143392
10 0.449428 0.764928 0.020151 0.032131
1 0.495635 0.714320 0.026855 0.128204
1 0.551017 0.717224 0.027266 0.131341
