4 0.189765 0.149726 0.050886 0.121009
6 0.242708 0.154065 0.051999 0.132882
9 0.299688 0.161904 0.050960 0.133375
4 0.355269 0.161640 0.050885 0.119943
1 0.422693 0.169108 0.026060 0.119149
1 0.462216 0.173912 0.049385 0.135543
9 0.463880 0.173924 0.051024 0.134222
10 0.486670 0.225533 0.017418 0.027549
9 0.519344 0.178179 0.052401 0.134067
1 0.588618 0.179764 0.027192 0.116798
6 0.627845 0.185782 0.050876 0.136088
4 0.684635 0.189262 0.053004 0.124315
0 0.286467 0.345328 0.054178 0.135190
10 0.312186 0.401429 0.019406 0.031421
0 0.341581 0.349031 0.051526 0.136394
0 0.397966 0.354111 0.053262 0.133229
2 0.716350 0.382578 0.054250 0.141522
10 0.742815 0.432361 0.021289 0.030641
4 0.773158 0.382698 0.052200 0.118775
5 0.828627 0.389541 0.048511 0.131868
2 0.223056 0.522359 0.052853 0.138663
6 0.277760 0.522316 0.052722 0.135120
10 0.300573 0.578820 0.019988 0.031473
5 0.333666 0.529846 0.048583 0.135263
1 0.614259 0.553856 0.026599 0.118788
1 0.667583 0.561415 0.025496 0.122179
4 0.709899 0.563175 0.050159 0.115695
10 0.736122 0.611903 0.019699 0.035892
1 0.777739 0.570888 0.027152 0.124615
1 0.223505 0.686715 0.024090 0.113384
1 0.261997 0.691596 0.050296 0.134452
8 0.262012 0.693351 0.051494 0.134594
5 0.316481 0.695407 0.050299 0.135619
2 0.371475 0.697860 0.052286 0.135549
5 0.373026 0.698067 0.052900 0.145872
8 0.427383 0.701525 0.054136 0.133965
1 0.427443 0.709936 0.053251 0.142489
10 0.448727 0.762789 0.019100 0.030875
1 0.497734 0.711888 0.026073 0.124553
1 0.552306 0.715657 0.026844 0.132473
