3 0.202458 0.156303 0.049263 0.136447
8 0.256800 0.158575 0.055108 0.140959
7 0.315466 0.158750 0.050875 0.135445
3 0.370179 0.167651 0.051619 0.140468
7 0.428633 0.169719 0.045665 0.128482
1 0.437071 0.170167 0.025405 0.111858
2 0.480362 0.174162 0.053550 0.135657
10 0.504776 0.227504 0.018595 0.028414
2 0.536069 0.177260 0.052553 0.139802
3 0.536947 0.179881 0.051503 0.137869
6 0.589751 0.182200 0.052984 0.140524
9 0.648804 0.186401 0.051843 0.135665
7 0.713718 0.191342 0.037833 0.119829
1 0.714009 0.191977 0.034328 0.130707
0 0.302246 0.350383 0.052276 0.140524
10 0.328095 0.402693 0.019938 0.034951
0 0.359584 0.351345 0.052784 0.134102
0 0.416232 0.352625 0.054769 0.138665
2 0.739808 0.381171 0.050667 0.131285
10 0.765998 0.435809 0.019268 0.033658
4 0.797288 0.382832 0.049415 0.110003
5 0.852341 0.389030 0.049602 0.133823
2 0.238096 0.529001 0.054982 0.141325
6 0.293851 0.530170 0.053895 0.138435
10 0.318305 0.586796 0.018919 0.029606
4 0.352780 0.537886 0.053214 0.114670
1 0.636884 0.562293 0.025573 0.112688
1 0.690732 0.562897 0.027417 0.122232
3 0.733194 0.569325 0.049157 0.133925
1 0.733954 0.568267 0.047140 0.137893
10 0.757653 0.619554 0.017293 0.026959
6 0.787271 0.567574 0.051747 0.136875
5 0.220834 0.697270 0.049359 0.133970
9 0.278470 0.701020 0.051213 0.131132
8 0.333093 0.710880 0.053293 0.139176
8 0.388893 0.713710 0.053838 0.140872
0 0.446645 0.714078 0.054832 0.135762
10 0.468917 0.774102 0.019734 0.029787
2 0.503257 0.720055 0.051894 0.137432
0 0.560142 0.723042 0.052792 0.134828
