3 0.202504 0.157878 0.050670 0.133190
8 0.256920 0.160467 0.055501 0.141643
7 0.317063 0.160745 0.049704 0.134507
3 0.370427 0.169458 0.051617 0.139095
1 0.439042 0.172056 0.024957 0.113955
2 0.480964 0.175670 0.053172 0.134249
10 0.504093 0.228992 0.018334 0.028125
3 0.537469 0.180636 0.050858 0.136130
6 0.589870 0.183532 0.053185 0.141059
9 0.648573 0.188235 0.052340 0.136922
1 0.717095 0.193230 0.029630 0.125368
0 0.302231 0.349049 0.053274 0.142633
10 0.327466 0.402823 0.019890 0.034561
0 0.359470 0.351960 0.052794 0.133973
0 0.416109 0.352869 0.054418 0.137287
2 0.739878 0.380630 0.051520 0.134040
4 0.797708 0.383731 0.050078 0.112020
5 0.852244 0.389251 0.049357 0.132537
2 0.237929 0.528553 0.055048 0.140737
6 0.294363 0.529368 0.053706 0.139895
1 0.366280 0.541416 0.025359 0.115866
1 0.637454 0.561230 0.024882 0.120365
1 0.690772 0.562674 0.027657 0.121984
3 0.732864 0.569056 0.049308 0.133667
10 0.757547 0.618800 0.017306 0.026628
8 0.788630 0.567021 0.053072 0.135508
5 0.220508 0.695840 0.049540 0.133399
9 0.278334 0.699922 0.051064 0.130835
8 0.279532 0.707141 0.054636 0.135485
8 0.333164 0.710117 0.053427 0.139662
8 0.388827 0.712550 0.053913 0.140666
0 0.446510 0.713137 0.054758 0.134945
10 0.468965 0.771615 0.019279 0.028748
2 0.502988 0.718603 0.052479 0.137832
0 0.559860 0.725309 0.054982 0.141809
