4 0.189562 0.150340 0.051311 0.120590
6 0.242513 0.154141 0.051799 0.134156
9 0.298993 0.159611 0.052237 0.132002
4 0.354839 0.162544 0.050998 0.121472
1 0.422586 0.170268 0.026157 0.119544
9 0.463514 0.173760 0.051245 0.132644
10 0.485522 0.233009 0.019049 0.031393
9 0.519549 0.178091 0.052390 0.134263
1 0.588970 0.180530 0.026765 0.118002
6 0.627728 0.186430 0.050628 0.137542
10 0.651163 0.245785 0.018422 0.029193
4 0.684730 0.189518 0.052377 0.121488
0 0.287035 0.345424 0.054097 0.137194
10 0.312649 0.402647 0.019748 0.032054
0 0.341700 0.348908 0.051246 0.137085
0 0.398904 0.354048 0.053096 0.131961
2 0.716898 0.382374 0.053954 0.140793
10 0.741567 0.434966 0.018413 0.031352
4 0.773789 0.382314 0.051420 0.117580
5 0.828195 0.389177 0.047393 0.129326
2 0.223380 0.523031 0.053171 0.134171
6 0.278114 0.522117 0.053369 0.134533
10 0.301648 0.576781 0.021154 0.033464
2 0.334193 0.523738 0.051489 0.134774
1 0.614317 0.555053 0.025514 0.121092
1 0.667803 0.559861 0.025607 0.122733
4 0.709769 0.559794 0.048917 0.117027
10 0.735586 0.611542 0.020173 0.038173
1 0.777508 0.567762 0.027964 0.120737
1 0.223368 0.687076 0.024339 0.114868
1 0.262170 0.690895 0.050138 0.133407
8 0.262254 0.693096 0.051468 0.134476
5 0.316402 0.693560 0.048821 0.131675
2 0.371361 0.697595 0.052142 0.134812
5 0.373107 0.697146 0.053299 0.143959
8 0.427584 0.701987 0.054333 0.134437
1 0.427890 0.710577 0.053302 0.141721
10 0.450639 0.762301 0.019024 0.030679
1 0.498158 0.713324 0.026247 0.124525
1 0.552156 0.714875 0.026460 0.130268
