3 0.203046 0.157845 0.049706 0.130984
8 0.256655 0.159935 0.054758 0.139034
7 0.316780 0.161876 0.050696 0.130843
3 0.370120 0.169401 0.050854 0.136685
7 0.429497 0.172119 0.042934 0.130702
1 0.437862 0.172635 0.024876 0.110343
2 0.481234 0.175955 0.050998 0.132958
10 0.504648 0.229916 0.018657 0.029161
2 0.536563 0.178805 0.051691 0.139320
3 0.537288 0.181534 0.050699 0.135549
6 0.589919 0.183276 0.052822 0.140153
9 0.648427 0.188228 0.051817 0.133056
1 0.711361 0.187332 0.031851 0.121112
0 0.302369 0.350826 0.053586 0.141897
10 0.328092 0.402921 0.020398 0.037442
0 0.359509 0.352047 0.053014 0.134878
0 0.416208 0.353265 0.054359 0.138412
2 0.740798 0.384079 0.051232 0.132981
4 0.797901 0.383803 0.049872 0.111880
5 0.852166 0.389933 0.050021 0.134175
1 0.637451 0.561047 0.024962 0.108872
1 0.688985 0.561381 0.028733 0.117756
4 0.734200 0.565446 0.051642 0.118447
4 0.734688 0.435173 0.052181 0.244801
10 0.758525 0.622825 0.021721 0.033129
1 0.803634 0.571448 0.025285 0.113657
2 0.237844 0.528993 0.054882 0.141227
6 0.292401 0.532040 0.051205 0.137559
10 0.317757 0.585837 0.020007 0.030619
6 0.350892 0.532126 0.051169 0.135037
5 0.220641 0.696002 0.049461 0.133181
9 0.278477 0.700538 0.051113 0.131445
8 0.333118 0.710254 0.052995 0.138104
8 0.388799 0.712701 0.053705 0.140270
0 0.446669 0.712933 0.055126 0.135922
10 0.468670 0.771722 0.019115 0.028595
2 0.503039 0.718851 0.052207 0.137353
0 0.560111 0.722040 0.052729 0.134143
