4 0.190752 0.146821 0.050980 0.118548
6 0.242505 0.153154 0.051885 0.131254
9 0.299525 0.160226 0.051364 0.136123
4 0.355962 0.159840 0.051379 0.119328
1 0.422649 0.167914 0.026482 0.121779
9 0.462902 0.171198 0.052243 0.137768
10 0.486815 0.224217 0.017223 0.028049
9 0.520221 0.173723 0.053357 0.136681
1 0.586627 0.184211 0.025105 0.122032
6 0.627770 0.185609 0.050570 0.137467
4 0.684568 0.187386 0.054155 0.126315
0 0.287193 0.343540 0.053424 0.134259
10 0.311035 0.397609 0.018952 0.029922
0 0.341676 0.348709 0.050843 0.136943
0 0.397354 0.354364 0.051210 0.135541
2 0.716805 0.382483 0.054800 0.142989
10 0.740085 0.433660 0.019073 0.033975
4 0.773866 0.382967 0.051622 0.119534
5 0.828373 0.389037 0.047877 0.132718
2 0.222203 0.520178 0.052667 0.138751
6 0.229349 0.524963 0.066489 0.142218
6 0.277917 0.522743 0.052353 0.135458
10 0.300299 0.578929 0.019672 0.032494
5 0.333639 0.528183 0.049785 0.136978
1 0.613438 0.555176 0.026624 0.123922
1 0.667783 0.563001 0.025182 0.124525
4 0.710269 0.564190 0.048854 0.114147
10 0.732846 0.619609 0.020403 0.031528
1 0.776483 0.569869 0.027193 0.122391
1 0.224197 0.687818 0.024114 0.114481
8 0.261966 0.693794 0.049920 0.132908
1 0.262203 0.691657 0.049350 0.135969
5 0.316408 0.694955 0.049335 0.132666
2 0.371321 0.698291 0.051981 0.136208
6 0.371855 0.701466 0.050752 0.134450
5 0.372934 0.699289 0.052639 0.146188
8 0.427380 0.702285 0.054509 0.136055
10 0.450621 0.764278 0.019269 0.032047
1 0.496934 0.709548 0.027235 0.127421
1 0.552608 0.713088 0.026051 0.128082
