3 0.201488 0.156374 0.049856 0.136120
8 0.256217 0.157915 0.054939 0.139570
7 0.316181 0.158410 0.049140 0.131679
4 0.369313 0.165502 0.050999 0.122613
7 0.425640 0.169552 0.049788 0.132877
6 0.478352 0.174482 0.053478 0.139206
10 0.502136 0.225111 0.018481 0.030780
4 0.536062 0.179550 0.052956 0.125693
7 0.591556 0.181396 0.051085 0.139835
8 0.644049 0.185997 0.053420 0.137842
8 0.701358 0.190586 0.055051 0.140338
8 0.246128 0.346269 0.053014 0.137386
5 0.302979 0.347964 0.051509 0.137162
10 0.323701 0.400907 0.018145 0.025821
9 0.358713 0.353348 0.050888 0.132107
2 0.414998 0.354244 0.053526 0.136178
2 0.737400 0.380004 0.051216 0.128354
10 0.760828 0.431041 0.020166 0.032270
4 0.794505 0.382374 0.051234 0.117196
5 0.849934 0.389040 0.050172 0.131373
2 0.237928 0.528505 0.056842 0.140031
7 0.299684 0.525929 0.045452 0.130143
10 0.319857 0.586676 0.016492 0.027033
2 0.351103 0.533206 0.049403 0.129175
1 0.635951 0.563029 0.024307 0.120311
1 0.688702 0.562467 0.026130 0.120050
1 0.728947 0.567650 0.050804 0.144338
2 0.730599 0.568193 0.051076 0.134981
10 0.757391 0.618911 0.018259 0.028696
6 0.785860 0.567955 0.051359 0.136845
5 0.219671 0.696802 0.050319 0.133783
9 0.278311 0.701908 0.053752 0.136233
4 0.334626 0.707527 0.052011 0.116768
7 0.392512 0.709135 0.045651 0.129399
8 0.446611 0.713478 0.054775 0.140635
10 0.468801 0.775452 0.019783 0.029259
1 0.517113 0.724713 0.025930 0.125728
3 0.559988 0.727891 0.051209 0.139956
