4 0.189766 0.150147 0.051899 0.120912
6 0.242422 0.154075 0.051799 0.132751
9 0.299675 0.160643 0.050825 0.131504
4 0.354723 0.162148 0.050231 0.118708
1 0.422132 0.167970 0.025851 0.118482
9 0.463847 0.173866 0.050783 0.134006
10 0.486338 0.225642 0.017561 0.028403
9 0.520065 0.174844 0.053344 0.135819
1 0.587855 0.179885 0.027737 0.119692
6 0.627637 0.185817 0.050859 0.136270
10 0.652429 0.244496 0.018439 0.028428
4 0.685053 0.191507 0.052933 0.120062
0 0.287648 0.342169 0.053129 0.134017
10 0.312095 0.402158 0.019983 0.032863
0 0.341618 0.349992 0.051133 0.137080
0 0.398253 0.354802 0.053636 0.134441
2 0.717235 0.382559 0.053680 0.139924
10 0.740373 0.434921 0.018354 0.031402
4 0.773695 0.382817 0.051346 0.118734
5 0.828486 0.389395 0.048425 0.131936
2 0.223147 0.522259 0.053608 0.140211
6 0.277972 0.522184 0.052483 0.134034
10 0.301026 0.579505 0.020198 0.031638
5 0.333612 0.528473 0.050204 0.137082
1 0.613804 0.555620 0.024812 0.121738
1 0.667836 0.560490 0.025219 0.121111
4 0.709488 0.559053 0.049321 0.117348
10 0.732003 0.612686 0.017676 0.029195
2 0.763210 0.567633 0.050470 0.130117
1 0.223610 0.686876 0.024291 0.113359
8 0.262016 0.692786 0.051663 0.134953
1 0.262094 0.691324 0.050670 0.135278
5 0.316275 0.693333 0.048836 0.130247
2 0.371380 0.697666 0.052157 0.135580
5 0.373229 0.698036 0.052762 0.145261
1 0.427110 0.710152 0.052471 0.142627
8 0.427117 0.702140 0.054089 0.133920
10 0.449715 0.763177 0.019072 0.029763
1 0.498221 0.712245 0.026098 0.124647
1 0.551627 0.714420 0.026428 0.130508
