3 0.201448 0.157524 0.050120 0.137675
8 0.255892 0.158744 0.055013 0.141217
7 0.315069 0.160462 0.051676 0.135728
3 0.368514 0.168597 0.051520 0.139354
7 0.427001 0.168748 0.046405 0.131132
1 0.435683 0.170790 0.024920 0.106116
2 0.478402 0.175670 0.054063 0.137988
10 0.502431 0.228993 0.018579 0.028331
5 0.534727 0.178000 0.050522 0.138853
3 0.534996 0.179599 0.051221 0.137929
6 0.588316 0.182700 0.052372 0.134321
9 0.646211 0.186660 0.051882 0.134114
3 0.703427 0.189911 0.043117 0.124268
7 0.704253 0.185983 0.041519 0.128952
1 0.713042 0.193541 0.028361 0.113111
0 0.301426 0.350641 0.052384 0.140765
10 0.321091 0.401594 0.019635 0.026340
0 0.358294 0.351332 0.052567 0.135327
0 0.411238 0.356453 0.055700 0.137306
2 0.737818 0.378656 0.050864 0.124471
4 0.794140 0.381985 0.050967 0.115630
5 0.849362 0.389076 0.050557 0.131503
2 0.237096 0.528547 0.055021 0.141893
6 0.291488 0.532068 0.051776 0.136825
10 0.316341 0.588020 0.020541 0.034303
2 0.350505 0.533603 0.051193 0.133058
1 0.635482 0.563379 0.024045 0.117202
1 0.688241 0.562522 0.025690 0.113448
4 0.731063 0.568577 0.049913 0.118745
10 0.755247 0.622674 0.020252 0.030550
0 0.787076 0.570149 0.053786 0.138630
5 0.219634 0.696904 0.049633 0.134120
9 0.277166 0.701206 0.051518 0.133553
8 0.332143 0.711022 0.052758 0.138924
8 0.387825 0.713956 0.053525 0.140480
0 0.445188 0.713469 0.054540 0.135045
10 0.467167 0.771421 0.020094 0.030893
2 0.501189 0.719732 0.052051 0.137249
0 0.558127 0.723038 0.052707 0.135695
