4 0.189306 0.147884 0.050500 0.118373
6 0.242016 0.153099 0.051339 0.133045
9 0.298372 0.160036 0.051258 0.131384
4 0.354159 0.159765 0.051784 0.120230
1 0.420222 0.169119 0.025488 0.117943
1 0.460849 0.172558 0.049409 0.136092
9 0.462460 0.172767 0.050832 0.137035
10 0.483632 0.224173 0.017419 0.027353
9 0.517914 0.177261 0.052425 0.134143
7 0.576434 0.175481 0.042662 0.128509
1 0.582926 0.181670 0.025372 0.124109
6 0.596174 0.181405 0.043293 0.132304
6 0.625224 0.185198 0.050292 0.137245
4 0.682440 0.187376 0.052965 0.125167
0 0.286432 0.343247 0.053610 0.135553
10 0.309566 0.399537 0.018248 0.026861
0 0.340817 0.348088 0.051351 0.137283
0 0.396151 0.354320 0.052023 0.136849
2 0.714544 0.381417 0.053886 0.142012
10 0.737502 0.434669 0.019253 0.032884
4 0.771856 0.382403 0.051328 0.119338
5 0.825741 0.388057 0.047713 0.130818
2 0.223122 0.521216 0.054359 0.141977
7 0.281375 0.523760 0.046183 0.133485
0 0.284678 0.528020 0.054727 0.139354
10 0.301611 0.583196 0.017683 0.028272
0 0.333529 0.526650 0.054030 0.133695
1 0.612028 0.553749 0.026382 0.120805
1 0.665103 0.561957 0.025289 0.123584
4 0.707910 0.563853 0.049109 0.114370
10 0.729390 0.620027 0.019888 0.030787
1 0.776259 0.571290 0.026358 0.122847
1 0.222462 0.687677 0.024329 0.113421
8 0.260990 0.693546 0.052114 0.137520
1 0.261003 0.692182 0.051309 0.137050
5 0.315414 0.694684 0.047491 0.132124
2 0.370657 0.697795 0.051707 0.137973
5 0.371723 0.698928 0.052756 0.144428
8 0.426049 0.701347 0.053803 0.134730
1 0.426150 0.711301 0.052682 0.143026
10 0.447229 0.757178 0.018864 0.030584
1 0.496139 0.713050 0.025866 0.123598
1 0.550951 0.714025 0.026544 0.128158
