3 0.205091 0.156698 0.050192 0.133163
8 0.258879 0.158991 0.055473 0.141181
7 0.318204 0.158369 0.049714 0.134152
3 0.371828 0.167428 0.052333 0.139665
1 0.438419 0.170234 0.026243 0.119208
2 0.482709 0.174420 0.052553 0.135104
10 0.505702 0.229710 0.018743 0.027953
3 0.538430 0.179746 0.051248 0.138992
6 0.591346 0.182621 0.053514 0.142131
9 0.649426 0.187887 0.050908 0.132701
1 0.715010 0.191892 0.033488 0.121491
0 0.305472 0.348233 0.050354 0.133078
10 0.329701 0.403693 0.018574 0.032178
0 0.361380 0.350990 0.051878 0.132399
0 0.417983 0.351808 0.052926 0.138004
2 0.741042 0.380967 0.051673 0.135384
4 0.798358 0.383114 0.050079 0.111069
5 0.853043 0.389628 0.049491 0.133604
1 0.638064 0.562164 0.026161 0.113674
1 0.689745 0.562058 0.029529 0.119881
4 0.735403 0.436544 0.052855 0.253136
4 0.735996 0.567416 0.048648 0.111314
10 0.757278 0.622208 0.020839 0.031250
1 0.804376 0.573164 0.026089 0.118092
2 0.241425 0.532013 0.055582 0.143182
7 0.301485 0.530273 0.050174 0.137994
2 0.354096 0.533579 0.049768 0.129456
5 0.223593 0.697697 0.048716 0.132583
9 0.280586 0.700557 0.052752 0.132668
8 0.335661 0.704809 0.053821 0.138212
8 0.390825 0.713559 0.053327 0.140328
0 0.448304 0.714653 0.055167 0.137895
10 0.474074 0.772452 0.019823 0.031597
2 0.504877 0.719704 0.051510 0.137846
0 0.562292 0.726422 0.055200 0.141779
