4 0.186670 0.146017 0.052606 0.121309
6 0.239700 0.151153 0.050830 0.131639
9 0.296250 0.156011 0.052374 0.131630
4 0.353173 0.155950 0.052199 0.123006
1 0.420796 0.164739 0.025559 0.121141
9 0.461130 0.168391 0.049326 0.131538
10 0.484611 0.222786 0.017097 0.026156
9 0.518192 0.172015 0.051763 0.136837
1 0.586860 0.178258 0.025593 0.117556
6 0.626309 0.182772 0.049199 0.136001
4 0.684263 0.186550 0.051497 0.117485
0 0.284547 0.342714 0.052057 0.136847
10 0.308612 0.392789 0.020047 0.032051
0 0.340019 0.346070 0.052553 0.136682
0 0.395666 0.349600 0.054260 0.142739
2 0.715986 0.379570 0.051981 0.136832
10 0.739272 0.431915 0.019452 0.032236
4 0.773386 0.378589 0.051234 0.119974
5 0.827862 0.386693 0.047495 0.130454
2 0.220005 0.517507 0.052574 0.140083
5 0.276335 0.520741 0.049397 0.132882
10 0.299184 0.576311 0.018235 0.031179
9 0.332738 0.528852 0.050335 0.131417
1 0.612552 0.553726 0.025768 0.122476
1 0.667029 0.559929 0.025404 0.125172
3 0.707984 0.564676 0.049590 0.134992
10 0.729787 0.613358 0.018689 0.030391
9 0.763039 0.566607 0.051230 0.134046
1 0.221736 0.686184 0.023657 0.112178
1 0.259000 0.690477 0.052277 0.137708
8 0.259409 0.691705 0.052241 0.133639
5 0.314262 0.694740 0.050331 0.136686
2 0.369508 0.696476 0.052723 0.134906
8 0.425456 0.698996 0.053906 0.135166
1 0.425935 0.709271 0.054354 0.141978
10 0.447161 0.763041 0.020210 0.031146
1 0.496323 0.711843 0.026087 0.126897
1 0.551117 0.710262 0.026889 0.129983
