3 0.203219 0.158365 0.048428 0.136014
8 0.257286 0.160185 0.055162 0.138971
7 0.315773 0.159074 0.050080 0.132272
3 0.369493 0.166493 0.052200 0.139644
7 0.431714 0.174176 0.033076 0.106643
2 0.479786 0.176160 0.054973 0.135329
5 0.536197 0.177960 0.051216 0.134067
2 0.536726 0.178847 0.051265 0.139616
3 0.537451 0.180734 0.051005 0.136839
6 0.589978 0.183826 0.052892 0.141017
9 0.648047 0.188070 0.051202 0.133175
7 0.709081 0.187761 0.039916 0.124291
0 0.302109 0.351838 0.054068 0.142850
10 0.322937 0.401744 0.021119 0.028255
0 0.359613 0.351898 0.053036 0.135020
0 0.416454 0.353029 0.055044 0.138724
2 0.740546 0.380276 0.050380 0.126646
4 0.797442 0.384550 0.049814 0.112309
5 0.852061 0.389439 0.049363 0.131997
2 0.238049 0.529371 0.054733 0.140555
6 0.294181 0.530420 0.054135 0.138428
10 0.317678 0.586071 0.018482 0.029249
4 0.352970 0.537811 0.053237 0.115163
1 0.637245 0.562121 0.025967 0.116549
1 0.691598 0.563234 0.026556 0.122216
3 0.732813 0.567791 0.049660 0.137514
10 0.757844 0.619192 0.017106 0.026998
6 0.787202 0.567723 0.051953 0.135112
5 0.221269 0.697309 0.049284 0.135559
9 0.278722 0.707415 0.051653 0.134487
8 0.278876 0.704019 0.049470 0.135311
8 0.333139 0.710475 0.053528 0.139671
8 0.390639 0.707419 0.053243 0.135849
0 0.446687 0.712748 0.054773 0.135536
10 0.469069 0.772019 0.019147 0.031043
2 0.502951 0.718851 0.051652 0.135453
0 0.560143 0.721625 0.052578 0.133760
