3 0.201807 0.147719 0.048659 0.132050
8 0.255722 0.153467 0.052826 0.138026
7 0.316207 0.158276 0.051579 0.138499
4 0.370426 0.162674 0.051834 0.124950
1 0.439317 0.167260 0.023086 0.114516
3 0.480164 0.171901 0.049851 0.135556
9 0.534423 0.174142 0.049312 0.124804
4 0.535144 0.173875 0.050868 0.124626
8 0.589151 0.178757 0.052502 0.132126
4 0.646031 0.183346 0.051302 0.122228
9 0.702286 0.185670 0.051575 0.134804
4 0.703376 0.185748 0.051967 0.123259
7 0.249893 0.338327 0.047136 0.137518
3 0.251252 0.330203 0.046257 0.126202
2 0.303012 0.346801 0.051502 0.130526
10 0.325309 0.398060 0.020011 0.031932
5 0.358317 0.345923 0.047459 0.126801
8 0.415264 0.351755 0.054606 0.139708
2 0.738606 0.376722 0.051005 0.131004
4 0.794692 0.378911 0.051123 0.115886
5 0.850055 0.383607 0.049798 0.125594
2 0.237741 0.524266 0.053795 0.140211
6 0.292935 0.528606 0.050111 0.135329
10 0.316432 0.582971 0.018787 0.029490
6 0.349955 0.531092 0.051912 0.132788
8 0.351209 0.528332 0.053086 0.138186
1 0.632456 0.560764 0.022114 0.109339
1 0.690437 0.558290 0.025160 0.114900
2 0.729526 0.566664 0.052781 0.138071
10 0.757201 0.618943 0.018156 0.027532
6 0.785100 0.565774 0.049678 0.134190
5 0.220949 0.693321 0.049310 0.138468
9 0.277468 0.696950 0.052169 0.130858
6 0.332881 0.705320 0.054138 0.141964
3 0.390007 0.711508 0.049877 0.134505
2 0.444838 0.707714 0.053606 0.135992
10 0.468925 0.764146 0.021187 0.032281
4 0.503163 0.713580 0.055478 0.127933
7 0.562216 0.719326 0.048255 0.130371
