3 0.202809 0.158287 0.050288 0.133064
8 0.256838 0.160848 0.055597 0.141659
7 0.315872 0.159150 0.049906 0.130846
5 0.369767 0.167916 0.049326 0.136240
3 0.369921 0.166745 0.053332 0.135870
1 0.436786 0.171276 0.026440 0.110546
2 0.479847 0.176239 0.054173 0.134381
10 0.503835 0.230283 0.018972 0.029005
5 0.536680 0.178760 0.051672 0.139038
3 0.537831 0.180570 0.049741 0.131763
6 0.590621 0.183289 0.053057 0.137648
9 0.648593 0.189382 0.051768 0.135498
0 0.302377 0.352414 0.053213 0.141247
10 0.324032 0.401961 0.020384 0.027330
0 0.359409 0.351071 0.052954 0.134585
0 0.416418 0.352530 0.054846 0.137861
2 0.740010 0.381779 0.050896 0.131977
4 0.797409 0.384352 0.050176 0.110719
5 0.852737 0.389698 0.049956 0.134397
2 0.238224 0.529160 0.055283 0.142196
6 0.294283 0.531334 0.054070 0.138428
10 0.318297 0.586186 0.018612 0.030016
4 0.352399 0.538167 0.053329 0.115019
1 0.637676 0.562269 0.024783 0.122830
1 0.690178 0.561602 0.029577 0.121285
3 0.733121 0.569597 0.048838 0.132187
10 0.758495 0.619050 0.017200 0.026776
6 0.787377 0.568019 0.051550 0.136308
5 0.221134 0.695966 0.048985 0.132671
9 0.278811 0.700448 0.051067 0.131379
8 0.281170 0.707491 0.058724 0.134705
8 0.333504 0.704566 0.053986 0.138796
8 0.389121 0.713249 0.053733 0.140370
0 0.446647 0.713165 0.054933 0.135749
10 0.469479 0.771293 0.018530 0.028770
2 0.503007 0.718872 0.051815 0.137912
0 0.560325 0.722068 0.053095 0.135405
