4 0.188564 0.150742 0.050792 0.120732
6 0.239431 0.156358 0.050721 0.131924
8 0.241929 0.153490 0.050796 0.127278
9 0.295547 0.160190 0.052652 0.140132
8 0.297121 0.157367 0.050296 0.126406
9 0.351141 0.163043 0.049405 0.129996
4 0.352230 0.165560 0.053418 0.125738
7 0.417096 0.172030 0.034807 0.120573
1 0.418593 0.174728 0.030781 0.117288
9 0.457083 0.169994 0.057494 0.150079
8 0.461577 0.175404 0.049736 0.132527
10 0.486018 0.229566 0.018261 0.027942
9 0.518207 0.177734 0.054480 0.154017
8 0.518749 0.178011 0.055489 0.159690
7 0.577905 0.180904 0.039628 0.133694
6 0.620959 0.186302 0.057781 0.147641
8 0.623240 0.185845 0.054928 0.144647
4 0.678019 0.185472 0.050841 0.124239
0 0.286669 0.346688 0.052777 0.134898
0 0.340968 0.351390 0.054211 0.140841
0 0.395926 0.352518 0.053031 0.138765
8 0.396382 0.357372 0.050928 0.138090
2 0.713692 0.385987 0.054224 0.138296
10 0.739210 0.438651 0.020485 0.037649
4 0.770561 0.388631 0.054344 0.121880
5 0.821478 0.389658 0.053594 0.145160
2 0.221721 0.523494 0.052878 0.136268
9 0.278517 0.523861 0.049364 0.127720
10 0.299458 0.577157 0.019757 0.032075
8 0.332495 0.526923 0.050011 0.131204
1 0.611124 0.555623 0.024775 0.108806
1 0.664993 0.563401 0.024505 0.110749
4 0.705667 0.563421 0.051852 0.117914
1 0.777048 0.572540 0.026188 0.116284
1 0.222076 0.689105 0.024929 0.119070
8 0.260481 0.692223 0.050204 0.138192
5 0.314461 0.695741 0.050354 0.134738
6 0.315027 0.697779 0.048546 0.133300
2 0.369481 0.701702 0.051752 0.135898
8 0.425653 0.705372 0.054453 0.138477
1 0.494307 0.709105 0.028855 0.121534
1 0.550512 0.711055 0.022779 0.114541
