4 0.189808 0.149954 0.050546 0.117423
6 0.242371 0.153924 0.051874 0.133289
9 0.299529 0.161307 0.050848 0.132038
4 0.354994 0.160155 0.050839 0.117499
1 0.422650 0.170064 0.025584 0.118111
9 0.463780 0.173149 0.050412 0.133925
10 0.486623 0.224934 0.017331 0.027650
9 0.519258 0.177737 0.051863 0.131903
1 0.587421 0.182963 0.024594 0.122249
6 0.627624 0.185144 0.050443 0.135026
4 0.684586 0.189021 0.052730 0.122289
0 0.287093 0.342980 0.053500 0.135363
10 0.311886 0.401055 0.019252 0.030710
0 0.341295 0.348618 0.051396 0.136983
0 0.398048 0.353969 0.053269 0.135767
2 0.717172 0.382469 0.053763 0.140140
10 0.739975 0.435332 0.018718 0.031135
4 0.773493 0.381926 0.051552 0.118355
5 0.828093 0.389073 0.047921 0.131115
2 0.223030 0.521947 0.053380 0.140006
6 0.277623 0.521803 0.052263 0.133624
10 0.300585 0.577305 0.020812 0.032375
0 0.335041 0.524994 0.053113 0.135430
1 0.614147 0.555868 0.025172 0.118238
1 0.668223 0.560585 0.024583 0.119465
3 0.707740 0.563886 0.049324 0.133223
10 0.730579 0.614250 0.018447 0.029137
8 0.762505 0.566826 0.052608 0.134703
1 0.223162 0.686351 0.024406 0.114203
8 0.261916 0.692477 0.051572 0.133704
1 0.261927 0.690635 0.050280 0.133385
5 0.316237 0.693418 0.048711 0.130424
5 0.369148 0.698472 0.055383 0.136122
2 0.371450 0.697334 0.052188 0.134938
8 0.427204 0.701258 0.053997 0.133889
10 0.449988 0.762868 0.019743 0.030511
1 0.498483 0.710844 0.025488 0.122849
1 0.552229 0.713390 0.026122 0.128696
