3 0.205451 0.156569 0.049482 0.130528
8 0.259331 0.158035 0.055224 0.139585
7 0.318165 0.158511 0.050836 0.135015
3 0.371445 0.166704 0.052732 0.140329
7 0.430759 0.171133 0.044885 0.130177
1 0.436875 0.170043 0.027300 0.117376
2 0.483089 0.175628 0.051675 0.136525
10 0.506104 0.230324 0.019686 0.030920
3 0.538539 0.179710 0.050916 0.137954
6 0.591293 0.181925 0.053041 0.137804
9 0.649400 0.186945 0.051141 0.132654
7 0.707522 0.189159 0.045799 0.136832
1 0.716259 0.189449 0.025403 0.107974
0 0.305378 0.347603 0.050354 0.132613
10 0.329454 0.403404 0.019425 0.033155
0 0.361346 0.350553 0.051848 0.132632
0 0.418137 0.351255 0.053062 0.138881
2 0.741501 0.383503 0.051636 0.133737
4 0.798097 0.383036 0.049051 0.111566
5 0.852600 0.388783 0.048914 0.132031
2 0.240060 0.530060 0.055034 0.141721
6 0.295736 0.530343 0.053460 0.139109
10 0.320393 0.585785 0.018103 0.029635
2 0.354010 0.531966 0.051794 0.134580
1 0.638283 0.562020 0.025664 0.112879
1 0.690615 0.562224 0.028096 0.120916
3 0.734437 0.567809 0.050709 0.138614
5 0.735024 0.565528 0.051309 0.136858
10 0.757835 0.623824 0.020422 0.031944
7 0.793543 0.570701 0.047645 0.124416
5 0.223438 0.697373 0.048607 0.133552
9 0.280675 0.700381 0.052059 0.131696
8 0.334938 0.710520 0.053177 0.138090
8 0.390958 0.713257 0.053298 0.139725
0 0.448394 0.714083 0.055194 0.137985
10 0.471699 0.773166 0.018861 0.028524
2 0.504548 0.719411 0.051317 0.137693
0 0.562049 0.726041 0.054737 0.142760
