3 0.201599 0.157438 0.050019 0.136856
8 0.256116 0.158139 0.054843 0.141403
7 0.315967 0.157626 0.050214 0.131034
3 0.369169 0.168040 0.051183 0.138931
1 0.437876 0.170237 0.024250 0.106367
2 0.478046 0.175546 0.054182 0.137921
10 0.502819 0.228770 0.018265 0.027265
5 0.534822 0.177838 0.050852 0.138789
3 0.535150 0.179637 0.051441 0.138641
6 0.588665 0.182988 0.052649 0.134110
9 0.647083 0.186942 0.052871 0.138649
1 0.717408 0.194682 0.025498 0.111298
0 0.301481 0.351302 0.052543 0.139006
10 0.321329 0.401630 0.019514 0.025792
0 0.358194 0.351395 0.052835 0.134473
0 0.411584 0.357023 0.055548 0.136579
2 0.737512 0.379669 0.051607 0.129062
4 0.794397 0.382188 0.050831 0.116199
5 0.849423 0.389196 0.050548 0.131608
1 0.637042 0.559636 0.024889 0.108718
1 0.688381 0.562632 0.025122 0.112649
4 0.732195 0.440819 0.051368 0.257847
4 0.732466 0.567051 0.049697 0.116703
10 0.753804 0.623267 0.020965 0.031687
1 0.802274 0.572928 0.025471 0.114027
2 0.237898 0.528483 0.055976 0.138718
7 0.298857 0.528213 0.048418 0.135322
10 0.318511 0.587902 0.016825 0.028159
2 0.351128 0.533713 0.049293 0.129986
5 0.219513 0.697047 0.049907 0.134773
9 0.277572 0.700901 0.051917 0.133742
8 0.332176 0.711205 0.052736 0.138512
8 0.389068 0.707094 0.052661 0.135357
0 0.444992 0.713895 0.054378 0.135156
10 0.466805 0.772988 0.020203 0.031122
2 0.501196 0.720408 0.052300 0.135788
0 0.558209 0.723068 0.052710 0.134851
