4 0.188893 0.148499 0.051061 0.118663
6 0.241858 0.153756 0.051993 0.131254
9 0.298432 0.160170 0.051235 0.132846
4 0.353957 0.160304 0.051286 0.120853
1 0.420633 0.168506 0.025249 0.116704
1 0.461043 0.172991 0.049168 0.136600
9 0.462386 0.172920 0.050229 0.136027
10 0.485188 0.224673 0.017189 0.026405
9 0.517691 0.178026 0.052716 0.134537
1 0.585342 0.181754 0.026931 0.121536
6 0.625274 0.184477 0.049602 0.132363
4 0.682606 0.187659 0.052025 0.118798
0 0.285821 0.345308 0.051640 0.137665
10 0.311649 0.401190 0.019278 0.031770
0 0.340252 0.347895 0.051459 0.137671
0 0.396372 0.352615 0.053386 0.135170
2 0.714598 0.381455 0.054078 0.141811
10 0.737123 0.434150 0.019251 0.032546
4 0.771447 0.381702 0.051056 0.119214
5 0.825265 0.387860 0.047772 0.130094
2 0.222658 0.522087 0.053355 0.141692
6 0.277233 0.522918 0.053453 0.136526
10 0.301315 0.581029 0.018043 0.029669
4 0.334531 0.529914 0.054289 0.125337
1 0.611935 0.554164 0.026214 0.120540
1 0.664883 0.562096 0.024956 0.121821
4 0.707489 0.563737 0.051500 0.119540
10 0.728731 0.620132 0.019819 0.030519
1 0.775522 0.569418 0.026273 0.121234
1 0.222831 0.687777 0.024401 0.114718
8 0.261523 0.693947 0.051630 0.135612
1 0.261633 0.692053 0.051283 0.136504
5 0.315124 0.694350 0.048815 0.131476
2 0.370344 0.698103 0.051859 0.139077
5 0.371386 0.698485 0.053910 0.145825
8 0.426034 0.701898 0.053833 0.135525
1 0.427670 0.711204 0.056911 0.142577
10 0.448048 0.764823 0.019911 0.031166
1 0.495246 0.714421 0.026497 0.125272
1 0.550333 0.714616 0.027247 0.131581
