4 0.190037 0.147691 0.051516 0.121319
6 0.242779 0.152618 0.051672 0.133595
9 0.298903 0.158429 0.052331 0.134537
4 0.355273 0.160110 0.050694 0.118920
1 0.422715 0.168293 0.026096 0.119473
1 0.462833 0.172517 0.049265 0.137676
9 0.463860 0.171592 0.052024 0.138614
10 0.484912 0.223845 0.016394 0.026588
9 0.520252 0.173874 0.052501 0.135838
1 0.590689 0.178877 0.026559 0.115348
6 0.627326 0.184052 0.050690 0.138292
4 0.684307 0.187721 0.052746 0.124734
0 0.286729 0.343948 0.052708 0.135171
10 0.312196 0.398406 0.018647 0.029270
0 0.341513 0.347615 0.051528 0.138241
0 0.398662 0.354506 0.050918 0.132375
2 0.717253 0.382821 0.053862 0.138861
10 0.742211 0.431662 0.022267 0.032902
4 0.774069 0.381611 0.051889 0.120637
5 0.828434 0.388775 0.047873 0.131994
2 0.222695 0.520223 0.052885 0.140315
6 0.277701 0.522689 0.053113 0.137282
10 0.300719 0.580484 0.020350 0.032564
5 0.333615 0.527271 0.048728 0.134339
1 0.613309 0.554414 0.026654 0.122384
1 0.666960 0.560619 0.026783 0.129849
4 0.709435 0.561509 0.051004 0.115710
10 0.730851 0.618006 0.021488 0.033707
1 0.777871 0.569986 0.027306 0.126744
1 0.223336 0.687266 0.024124 0.113591
1 0.261991 0.691952 0.050061 0.134146
8 0.262037 0.693731 0.050307 0.133752
5 0.316108 0.694824 0.049226 0.131137
2 0.371606 0.698664 0.052610 0.137062
5 0.373010 0.699373 0.052926 0.146603
8 0.427266 0.702658 0.054384 0.136107
1 0.427771 0.710974 0.053818 0.145791
10 0.449060 0.762964 0.018212 0.029758
1 0.498190 0.712630 0.026271 0.125444
1 0.552606 0.713302 0.026245 0.126276
