3 0.203404 0.157010 0.047075 0.133863
8 0.256508 0.160244 0.054691 0.139605
7 0.316570 0.161768 0.051835 0.132664
5 0.369870 0.167699 0.050058 0.142530
3 0.370082 0.166792 0.053381 0.137848
7 0.428600 0.166650 0.047924 0.128821
1 0.436807 0.170291 0.025647 0.111700
2 0.480859 0.175529 0.053078 0.133390
10 0.503744 0.228389 0.019185 0.028970
2 0.536040 0.178580 0.054269 0.138446
3 0.537489 0.180361 0.050261 0.135789
6 0.589806 0.183719 0.053269 0.141559
9 0.648473 0.189031 0.052178 0.135866
7 0.710106 0.187387 0.037511 0.124797
1 0.711434 0.193524 0.036682 0.126104
0 0.303161 0.348670 0.049757 0.133678
10 0.321966 0.400939 0.020251 0.026883
0 0.359524 0.350987 0.053228 0.136071
0 0.416183 0.353078 0.054514 0.137979
2 0.734496 0.386110 0.057110 0.144643
4 0.797388 0.383844 0.049847 0.110683
5 0.852354 0.389598 0.049456 0.133164
2 0.238103 0.528370 0.054497 0.139146
6 0.293880 0.530689 0.053395 0.135073
10 0.317522 0.585967 0.018955 0.028720
5 0.351369 0.534945 0.049755 0.132575
1 0.637019 0.561455 0.025471 0.111239
1 0.690008 0.561486 0.027734 0.118223
4 0.734547 0.565949 0.050370 0.116158
10 0.756126 0.622317 0.021190 0.031832
1 0.803578 0.571879 0.025518 0.113620
5 0.220106 0.695941 0.049921 0.133986
9 0.278407 0.700043 0.051129 0.131442
8 0.332950 0.710604 0.053344 0.139754
8 0.388853 0.713055 0.053618 0.139662
0 0.446516 0.713347 0.054783 0.135286
10 0.472530 0.771030 0.020761 0.032918
2 0.503203 0.719184 0.051950 0.135986
0 0.560042 0.722107 0.052627 0.133550
