3 0.202208 0.157902 0.048210 0.130701
8 0.256939 0.157918 0.054122 0.137066
7 0.316263 0.158448 0.050670 0.136521
9 0.368918 0.166179 0.050683 0.141946
3 0.369602 0.164052 0.050992 0.133081
1 0.434401 0.172079 0.026734 0.112652
2 0.479092 0.176648 0.052749 0.137849
10 0.502331 0.228804 0.019192 0.030300
6 0.534663 0.177020 0.051920 0.136590
3 0.535312 0.178689 0.051118 0.140545
6 0.587952 0.180213 0.052919 0.140871
9 0.646192 0.186894 0.052578 0.137483
1 0.717606 0.191195 0.025269 0.103901
0 0.302133 0.348436 0.050837 0.136422
10 0.322737 0.402197 0.020176 0.027125
0 0.358677 0.351507 0.053294 0.136927
0 0.415621 0.354411 0.054970 0.139564
2 0.736772 0.381595 0.052691 0.134982
10 0.762706 0.437580 0.019293 0.031479
4 0.795117 0.383914 0.052048 0.118232
5 0.849814 0.389276 0.051038 0.133366
2 0.237171 0.528842 0.056692 0.139991
7 0.299342 0.526317 0.046585 0.133200
10 0.317752 0.589171 0.017507 0.028658
5 0.351273 0.532548 0.047708 0.132423
1 0.635836 0.561858 0.023925 0.115541
1 0.688715 0.563698 0.026037 0.117228
4 0.731671 0.567103 0.048323 0.117675
10 0.755448 0.622071 0.019726 0.029021
0 0.787662 0.569988 0.053478 0.138127
5 0.220103 0.696930 0.050136 0.136778
2 0.220231 0.699843 0.051372 0.140319
9 0.277680 0.700919 0.051821 0.133030
8 0.332195 0.710567 0.053539 0.138509
8 0.389209 0.707919 0.052683 0.135503
0 0.445077 0.714188 0.054903 0.134975
10 0.468410 0.773376 0.019251 0.029119
2 0.501730 0.720880 0.051689 0.135626
0 0.558457 0.723458 0.052636 0.137765
