3 0.202295 0.157841 0.049752 0.135966
8 0.256614 0.159337 0.055101 0.139802
7 0.317144 0.159684 0.050086 0.134495
3 0.370384 0.166943 0.052875 0.136401
7 0.430303 0.172385 0.042443 0.126038
1 0.438152 0.171137 0.025175 0.113729
2 0.481021 0.175698 0.051868 0.135107
10 0.504392 0.230032 0.019685 0.030732
2 0.536488 0.178924 0.053138 0.139664
3 0.537537 0.180703 0.050917 0.136370
6 0.590492 0.183595 0.053292 0.136324
9 0.648565 0.187724 0.050886 0.131907
1 0.711618 0.187302 0.032875 0.119458
0 0.303354 0.349116 0.049626 0.133110
10 0.323960 0.401452 0.020371 0.027156
0 0.359602 0.351617 0.052773 0.133812
0 0.413147 0.356534 0.056272 0.137838
2 0.740776 0.378601 0.049627 0.124458
4 0.797316 0.382472 0.051056 0.112975
5 0.852195 0.389378 0.049212 0.131995
2 0.238291 0.528870 0.055383 0.142550
6 0.294730 0.529127 0.053574 0.139744
1 0.366941 0.543072 0.024868 0.112644
1 0.637827 0.562223 0.024518 0.118450
1 0.689764 0.560965 0.029232 0.118917
3 0.733015 0.566897 0.050029 0.137052
10 0.755889 0.622072 0.019428 0.030932
9 0.789324 0.570275 0.050903 0.134604
5 0.220713 0.695814 0.049069 0.132020
9 0.278515 0.699984 0.051054 0.130918
8 0.333273 0.709683 0.053675 0.139545
8 0.388932 0.712703 0.053531 0.140116
0 0.446827 0.712907 0.055232 0.136411
10 0.468944 0.770954 0.018931 0.028544
2 0.503199 0.718448 0.051564 0.137488
0 0.559914 0.721761 0.052130 0.133402
