3 0.199717 0.149736 0.049402 0.134870
8 0.254620 0.152604 0.052672 0.136019
7 0.314167 0.156627 0.049585 0.134217
3 0.367237 0.164910 0.051545 0.140446
6 0.421032 0.164708 0.052473 0.142466
9 0.479192 0.170064 0.053127 0.133896
10 0.502138 0.228149 0.018441 0.029106
9 0.534210 0.176364 0.051786 0.136377
4 0.590894 0.180836 0.052241 0.124769
5 0.645461 0.183831 0.052052 0.138577
6 0.700530 0.186967 0.052499 0.138745
9 0.246144 0.346388 0.051886 0.133514
2 0.301798 0.346937 0.052210 0.135178
10 0.324509 0.400105 0.018823 0.031411
2 0.358907 0.348781 0.055527 0.141895
1 0.430102 0.359167 0.024855 0.120764
2 0.739320 0.378321 0.051356 0.132384
10 0.763408 0.434693 0.019026 0.031606
4 0.797276 0.382392 0.051799 0.115024
5 0.852183 0.385858 0.048922 0.128240
2 0.235727 0.525434 0.054883 0.141183
6 0.240487 0.528889 0.058884 0.139363
6 0.291135 0.528808 0.052532 0.140252
10 0.315202 0.585461 0.019327 0.029045
4 0.350892 0.536353 0.051939 0.113128
1 0.636867 0.558799 0.024434 0.122361
1 0.689781 0.560798 0.026027 0.120791
2 0.732890 0.566254 0.050446 0.132604
10 0.755766 0.615794 0.017814 0.025444
2 0.787708 0.564214 0.048454 0.133068
3 0.789641 0.566099 0.052005 0.136271
5 0.218506 0.697169 0.051538 0.140777
5 0.264318 0.699285 0.086405 0.139145
9 0.277421 0.698907 0.054561 0.134892
7 0.336040 0.704707 0.047112 0.131708
3 0.389812 0.706164 0.050565 0.138611
9 0.445435 0.715048 0.051543 0.133305
10 0.468367 0.768069 0.021645 0.034005
1 0.517108 0.723263 0.026245 0.127125
4 0.560063 0.725977 0.052455 0.120851
