4 0.186010 0.149213 0.051239 0.114707
6 0.239832 0.154182 0.051844 0.133072
9 0.295725 0.159721 0.051671 0.130789
4 0.352052 0.160699 0.051401 0.119386
1 0.419355 0.171005 0.025417 0.116747
1 0.459206 0.172434 0.049857 0.137686
9 0.460301 0.173566 0.052360 0.137181
10 0.482380 0.224533 0.017844 0.027635
9 0.516830 0.174847 0.052263 0.134704
1 0.583162 0.181548 0.027361 0.119238
6 0.624337 0.185156 0.050523 0.134822
4 0.681097 0.190433 0.052360 0.118084
0 0.283978 0.346192 0.051666 0.134257
10 0.310709 0.401169 0.019237 0.030171
0 0.339071 0.349780 0.051963 0.137156
0 0.395365 0.355063 0.053527 0.137905
2 0.713881 0.381883 0.053812 0.139657
10 0.736265 0.434049 0.018799 0.031062
4 0.771244 0.382108 0.050667 0.117824
5 0.824717 0.388133 0.048180 0.128692
2 0.219925 0.519186 0.052242 0.134228
6 0.275781 0.522191 0.053874 0.135554
10 0.296752 0.579163 0.020648 0.031582
1 0.346762 0.529540 0.024545 0.119426
1 0.611188 0.554329 0.026570 0.122637
1 0.663224 0.562388 0.025759 0.125107
3 0.705397 0.566099 0.049453 0.136836
10 0.727740 0.615012 0.018650 0.030327
6 0.758209 0.566754 0.050827 0.133504
1 0.220949 0.686918 0.023729 0.110392
1 0.258545 0.690356 0.052394 0.136644
8 0.258891 0.691880 0.052250 0.132358
5 0.313185 0.694722 0.049513 0.133880
2 0.368199 0.697313 0.052910 0.135374
8 0.424113 0.705501 0.054304 0.137851
1 0.425135 0.710742 0.055744 0.142453
10 0.446915 0.763173 0.019751 0.031220
1 0.492690 0.712289 0.026616 0.125574
1 0.549132 0.718668 0.025437 0.125268
