3 0.203254 0.158549 0.049483 0.131295
8 0.256520 0.158743 0.054877 0.139037
7 0.316837 0.160086 0.050845 0.131788
3 0.370371 0.169130 0.050690 0.136322
7 0.430717 0.169917 0.041271 0.128851
1 0.438110 0.173403 0.024679 0.111719
2 0.480673 0.176000 0.053605 0.135212
10 0.502375 0.229065 0.018057 0.026937
5 0.536058 0.178836 0.052349 0.138498
3 0.537129 0.181027 0.050322 0.134622
6 0.589818 0.183556 0.053411 0.141296
9 0.648851 0.188089 0.052713 0.137333
0 0.302363 0.350016 0.052548 0.140625
10 0.328268 0.402849 0.019691 0.034936
0 0.359361 0.351400 0.052919 0.134284
0 0.416270 0.352519 0.054769 0.139595
2 0.740608 0.383822 0.051359 0.132431
4 0.797415 0.383786 0.049309 0.108914
5 0.852117 0.388678 0.049577 0.131902
2 0.237971 0.528836 0.055026 0.140729
6 0.293216 0.531778 0.051925 0.137730
10 0.318074 0.586087 0.019042 0.029999
2 0.351814 0.533783 0.051889 0.132017
1 0.637641 0.560669 0.024775 0.111897
1 0.690991 0.562653 0.026701 0.119154
3 0.733450 0.567149 0.050572 0.137827
5 0.734205 0.566065 0.050917 0.136245
10 0.757465 0.623538 0.020693 0.032118
7 0.793942 0.563124 0.046286 0.130389
5 0.220685 0.696024 0.049412 0.133291
9 0.278331 0.700364 0.051409 0.131184
8 0.333014 0.710519 0.053356 0.139621
8 0.388847 0.713010 0.053542 0.139629
0 0.391243 0.715527 0.058830 0.142713
0 0.446619 0.712727 0.055041 0.135397
10 0.468428 0.770865 0.019204 0.029163
2 0.502978 0.718606 0.051567 0.135995
0 0.560343 0.725607 0.055127 0.142315
