3 0.202843 0.158303 0.050583 0.133712
8 0.256588 0.159426 0.054753 0.139661
7 0.316593 0.158362 0.050897 0.131102
3 0.370256 0.167302 0.053405 0.136629
1 0.438296 0.172065 0.024491 0.111214
2 0.480548 0.175475 0.052201 0.135803
10 0.507637 0.232473 0.018622 0.029587
5 0.537016 0.178408 0.051412 0.138455
3 0.537104 0.181492 0.050961 0.137601
6 0.589624 0.183651 0.053346 0.141461
9 0.648187 0.187912 0.051741 0.133551
0 0.303498 0.349189 0.049576 0.133019
10 0.323358 0.400639 0.021333 0.028835
0 0.359384 0.351813 0.053022 0.134151
0 0.413289 0.355594 0.056191 0.135403
2 0.741011 0.384226 0.051223 0.132625
4 0.797572 0.383755 0.049276 0.110152
5 0.852037 0.389225 0.049567 0.132193
2 0.238152 0.529226 0.055296 0.142333
6 0.294353 0.530316 0.053309 0.138538
10 0.315636 0.588569 0.021219 0.035385
7 0.356772 0.529733 0.045824 0.132217
1 0.638207 0.560916 0.025370 0.111610
1 0.690089 0.562131 0.027670 0.118814
4 0.734912 0.566904 0.048641 0.110003
10 0.757305 0.622733 0.021496 0.032828
1 0.803868 0.573188 0.025954 0.116329
5 0.221021 0.696575 0.049568 0.134605
9 0.278456 0.700349 0.051217 0.131737
8 0.333403 0.705209 0.054096 0.137855
8 0.388906 0.712900 0.053632 0.140356
0 0.391239 0.715392 0.058450 0.143275
0 0.446521 0.712923 0.055053 0.136094
10 0.468834 0.772216 0.019080 0.028701
2 0.503090 0.718730 0.052085 0.136967
0 0.559997 0.722200 0.052319 0.133602
