3 0.202621 0.157520 0.049419 0.134758
8 0.257408 0.159627 0.055625 0.140850
7 0.317753 0.161610 0.050352 0.132208
10 0.339058 0.223724 0.018385 0.030221
3 0.370136 0.169257 0.050231 0.136174
7 0.428962 0.171311 0.043317 0.130356
1 0.436063 0.169378 0.026768 0.111919
2 0.481706 0.176509 0.051425 0.134820
10 0.504572 0.230161 0.019065 0.028721
2 0.536143 0.178984 0.053326 0.139569
3 0.537571 0.181339 0.051260 0.138031
6 0.590769 0.184200 0.053191 0.136102
9 0.648367 0.188401 0.050875 0.131857
7 0.706686 0.189532 0.047061 0.136009
1 0.712112 0.194611 0.035863 0.124410
0 0.303989 0.349209 0.049803 0.133241
10 0.324282 0.402565 0.019434 0.025225
0 0.359748 0.352286 0.052428 0.132814
0 0.416387 0.353027 0.054547 0.137684
2 0.740124 0.379977 0.050536 0.127886
4 0.797387 0.383577 0.050212 0.111001
5 0.852535 0.389480 0.049695 0.132783
2 0.238141 0.529246 0.054718 0.141100
6 0.294046 0.530403 0.054194 0.138668
10 0.317714 0.586914 0.019197 0.030225
4 0.352530 0.537261 0.052455 0.111529
1 0.637200 0.562953 0.024995 0.116199
1 0.691436 0.563276 0.026961 0.121523
3 0.733195 0.568669 0.049086 0.133018
10 0.758150 0.618432 0.016915 0.026436
6 0.787311 0.567372 0.051745 0.136293
5 0.221050 0.696485 0.049525 0.134400
9 0.278667 0.700213 0.051084 0.130485
8 0.279417 0.707697 0.053904 0.135217
8 0.333042 0.710070 0.053242 0.138493
8 0.389211 0.712407 0.053812 0.140323
0 0.446758 0.713161 0.054812 0.136262
10 0.469745 0.771937 0.019403 0.029991
2 0.503312 0.719187 0.051852 0.138381
0 0.560258 0.722314 0.052705 0.134552
