3 0.201903 0.157919 0.050126 0.137086
8 0.256990 0.160528 0.055148 0.139992
7 0.315216 0.160732 0.050489 0.132719
3 0.370039 0.169101 0.051387 0.137335
7 0.429784 0.170580 0.043642 0.130651
1 0.438980 0.171298 0.024437 0.112897
2 0.481481 0.176445 0.051103 0.132856
10 0.504587 0.228621 0.018776 0.030021
2 0.536470 0.178535 0.052677 0.138904
3 0.537085 0.181474 0.050927 0.136416
6 0.589603 0.184446 0.053020 0.139639
10 0.614829 0.240109 0.019040 0.029027
9 0.648618 0.188209 0.051241 0.133404
8 0.649265 0.184435 0.054011 0.146555
0 0.302567 0.350997 0.052459 0.141699
10 0.328850 0.402560 0.019003 0.033998
0 0.359349 0.351098 0.052650 0.134878
0 0.413042 0.355986 0.055878 0.136010
2 0.740785 0.378866 0.050236 0.124443
4 0.797395 0.382638 0.051179 0.113823
5 0.852490 0.388978 0.049191 0.131987
2 0.238019 0.528776 0.054716 0.140350
6 0.292368 0.532349 0.051124 0.136965
10 0.318181 0.585803 0.019537 0.029488
8 0.352201 0.531667 0.052709 0.136369
1 0.636060 0.561603 0.025430 0.108985
1 0.689289 0.561874 0.028854 0.118264
4 0.734228 0.565998 0.050951 0.118378
10 0.758268 0.623057 0.021201 0.032089
1 0.803418 0.571091 0.025470 0.113607
5 0.220764 0.696184 0.049186 0.133188
9 0.278301 0.700428 0.051525 0.131687
8 0.332999 0.710250 0.053435 0.139222
8 0.388853 0.713157 0.053778 0.140848
0 0.446685 0.713404 0.055060 0.135897
10 0.469353 0.772020 0.019481 0.029217
2 0.503186 0.718974 0.051671 0.136908
0 0.559985 0.725661 0.053455 0.141551
