3 0.202406 0.157518 0.048998 0.135350
8 0.256641 0.158628 0.054643 0.137789
7 0.316652 0.160207 0.049734 0.132172
3 0.370170 0.169185 0.051840 0.139797
7 0.431350 0.171460 0.038900 0.127850
1 0.438764 0.172491 0.024394 0.111963
2 0.480192 0.176097 0.054116 0.135617
10 0.504898 0.229625 0.018742 0.028029
2 0.536703 0.178995 0.051663 0.139727
3 0.537082 0.180933 0.050942 0.135521
6 0.589900 0.183106 0.053322 0.141171
9 0.648453 0.188284 0.051843 0.133471
1 0.716218 0.192569 0.025569 0.113075
0 0.302516 0.351130 0.051303 0.139818
10 0.328180 0.403510 0.020156 0.035763
0 0.359463 0.352389 0.052827 0.133126
0 0.416170 0.353634 0.054510 0.137366
2 0.739650 0.380177 0.050691 0.127270
10 0.764781 0.436731 0.019065 0.031354
4 0.797484 0.383881 0.049854 0.110789
5 0.852441 0.389170 0.049358 0.132347
2 0.237821 0.528868 0.055224 0.141240
6 0.293804 0.529934 0.054122 0.138372
10 0.317308 0.586371 0.019133 0.029401
4 0.352970 0.537527 0.053263 0.113922
1 0.636793 0.561625 0.025651 0.114148
1 0.690681 0.563510 0.027005 0.122916
3 0.733190 0.568514 0.049193 0.133386
1 0.733879 0.567785 0.047255 0.137677
10 0.757067 0.619167 0.017193 0.026618
6 0.787500 0.567187 0.051896 0.136010
5 0.220383 0.696025 0.050032 0.132888
9 0.278483 0.700111 0.051262 0.130567
8 0.333134 0.709980 0.053397 0.139666
8 0.388791 0.712842 0.053839 0.140496
0 0.446673 0.713072 0.054871 0.135108
10 0.468827 0.771786 0.019496 0.029154
2 0.503114 0.718915 0.052157 0.136589
0 0.560342 0.725703 0.055065 0.142670
