4 0.189387 0.149880 0.051417 0.120567
6 0.242580 0.154114 0.052215 0.134430
9 0.299302 0.160836 0.050932 0.132352
10 0.325179 0.218179 0.018037 0.029647
4 0.354702 0.161700 0.050696 0.121217
1 0.422760 0.170521 0.026044 0.119941
1 0.462292 0.174074 0.048891 0.135988
9 0.463788 0.173536 0.050666 0.136097
10 0.485742 0.225805 0.017286 0.027668
9 0.519655 0.179120 0.052281 0.133582
1 0.587878 0.183356 0.024180 0.118772
6 0.627512 0.185846 0.050173 0.134750
4 0.684925 0.189049 0.053159 0.121484
0 0.287097 0.343243 0.054041 0.135596
10 0.311731 0.401832 0.019302 0.031544
0 0.341288 0.349164 0.051762 0.138865
0 0.397868 0.354458 0.053679 0.138078
2 0.716904 0.381958 0.053860 0.139340
10 0.740057 0.435268 0.018630 0.031107
4 0.773613 0.382107 0.051747 0.118670
5 0.828213 0.389196 0.048263 0.131537
2 0.222198 0.519345 0.052906 0.137911
6 0.277797 0.521755 0.052088 0.134137
10 0.300510 0.577163 0.020445 0.031842
0 0.334775 0.525066 0.053180 0.136580
1 0.614301 0.556446 0.025097 0.121277
1 0.667804 0.561378 0.024925 0.122200
3 0.707755 0.564732 0.048571 0.130867
10 0.731500 0.615253 0.018906 0.029960
8 0.762615 0.566933 0.052736 0.135595
1 0.223310 0.686935 0.024040 0.111982
8 0.261973 0.692685 0.050815 0.133441
1 0.262027 0.690694 0.051440 0.134652
5 0.316141 0.693550 0.048955 0.130841
5 0.369406 0.698512 0.054559 0.138117
2 0.371251 0.697245 0.052080 0.138366
8 0.427171 0.701197 0.054150 0.134729
1 0.427261 0.710080 0.053104 0.141764
10 0.449923 0.764052 0.019813 0.031482
1 0.498280 0.711096 0.026106 0.123955
1 0.552374 0.712479 0.026276 0.128410
