3 0.199810 0.149037 0.047217 0.128612
8 0.254256 0.154012 0.052676 0.136425
7 0.312978 0.157415 0.050672 0.134863
4 0.367218 0.163634 0.052546 0.124023
3 0.421704 0.167616 0.050823 0.139248
8 0.477026 0.168783 0.054880 0.135548
10 0.499898 0.221568 0.019948 0.037928
9 0.533982 0.174710 0.049298 0.125462
4 0.534108 0.176085 0.051684 0.122928
5 0.588068 0.179678 0.050757 0.139726
2 0.643071 0.183902 0.053876 0.139859
0 0.702104 0.186654 0.052859 0.130002
9 0.245443 0.345364 0.051811 0.133440
2 0.300787 0.346381 0.051656 0.133321
10 0.325874 0.399468 0.018433 0.030021
0 0.358249 0.346494 0.053948 0.138908
3 0.414184 0.353062 0.051194 0.137365
5 0.415210 0.350780 0.048437 0.133920
2 0.738028 0.376971 0.050902 0.130957
4 0.794090 0.379389 0.051096 0.116371
5 0.849704 0.384777 0.049787 0.126092
2 0.236788 0.522827 0.054799 0.139480
7 0.296796 0.521210 0.045632 0.127161
0 0.297162 0.529830 0.049919 0.133545
10 0.314547 0.581918 0.016752 0.027692
0 0.348066 0.534263 0.052811 0.134215
1 0.631824 0.559168 0.024186 0.121036
1 0.689115 0.558272 0.025889 0.116599
2 0.729091 0.566963 0.052520 0.137222
10 0.755672 0.618716 0.018275 0.026921
6 0.784301 0.565983 0.050315 0.135117
5 0.218881 0.692887 0.050074 0.137359
5 0.275205 0.697657 0.050458 0.142223
9 0.275973 0.701801 0.051923 0.133150
5 0.331488 0.705125 0.051343 0.144694
7 0.392877 0.702619 0.047405 0.133727
1 0.459046 0.715750 0.024982 0.119904
10 0.464361 0.768971 0.021157 0.035057
3 0.500550 0.718000 0.050667 0.136688
5 0.500646 0.713867 0.049672 0.139630
0 0.556713 0.717380 0.052904 0.136691
