3 0.202421 0.157644 0.049623 0.137705
8 0.256926 0.158631 0.055291 0.140991
7 0.317001 0.159075 0.049541 0.133733
3 0.370393 0.169026 0.051550 0.138478
1 0.438856 0.172323 0.024844 0.114036
2 0.481136 0.175369 0.052024 0.136176
10 0.503869 0.228905 0.018865 0.029145
2 0.536118 0.178915 0.053113 0.138852
3 0.537264 0.180597 0.050710 0.135597
6 0.589888 0.183563 0.053558 0.142250
9 0.648834 0.187831 0.051573 0.133270
1 0.716068 0.193934 0.031645 0.129390
0 0.302497 0.350723 0.053052 0.141410
10 0.328124 0.403251 0.019523 0.032246
0 0.359480 0.351416 0.052850 0.134044
0 0.416190 0.353107 0.054312 0.137452
2 0.740237 0.380605 0.051435 0.134522
10 0.765301 0.437039 0.019208 0.032504
4 0.797430 0.383729 0.050335 0.112122
5 0.852289 0.389064 0.049704 0.133039
2 0.238324 0.528790 0.054917 0.140888
6 0.294577 0.529553 0.053481 0.138672
10 0.315405 0.588555 0.021591 0.035162
1 0.366176 0.541755 0.025180 0.112752
1 0.637780 0.560173 0.024283 0.118803
1 0.690685 0.562723 0.027591 0.123091
3 0.733388 0.568768 0.049516 0.135537
10 0.755957 0.621917 0.019636 0.031248
9 0.789467 0.570495 0.051122 0.134605
5 0.220894 0.696354 0.049577 0.134006
9 0.278417 0.699655 0.051038 0.130931
8 0.333629 0.704465 0.054102 0.138047
8 0.388999 0.712625 0.053493 0.139565
0 0.446840 0.713008 0.054903 0.135394
10 0.468685 0.771439 0.018989 0.028414
2 0.503432 0.718215 0.052158 0.137323
0 0.560049 0.721737 0.052364 0.133731
