3 0.201118 0.157320 0.050280 0.136878
9 0.205393 0.147485 0.047722 0.125381
8 0.255609 0.158725 0.051845 0.139161
7 0.317159 0.156581 0.045790 0.135900
3 0.367835 0.165696 0.050248 0.141366
7 0.430343 0.171815 0.032438 0.112891
2 0.478103 0.175394 0.056290 0.140475
10 0.500256 0.229930 0.019633 0.028057
3 0.535758 0.178735 0.050988 0.142556
6 0.588325 0.182223 0.052221 0.139479
9 0.646981 0.185297 0.051884 0.135104
0 0.302376 0.348600 0.050776 0.136494
10 0.323549 0.402196 0.020897 0.028150
0 0.358686 0.351868 0.053246 0.135422
0 0.415762 0.354360 0.054784 0.139198
2 0.736972 0.380814 0.052526 0.131175
4 0.794629 0.383578 0.051491 0.117720
5 0.849499 0.389831 0.050409 0.132909
2 0.237787 0.529431 0.055993 0.141392
7 0.299643 0.527837 0.046243 0.134253
6 0.350640 0.538107 0.050378 0.135314
5 0.351518 0.533656 0.047817 0.132499
1 0.636537 0.561764 0.025176 0.116139
1 0.687812 0.563027 0.026585 0.119224
4 0.730733 0.567344 0.048753 0.119177
10 0.755585 0.622969 0.019916 0.030175
0 0.786617 0.569341 0.054513 0.137594
5 0.220253 0.696692 0.049307 0.137304
2 0.221938 0.698022 0.047863 0.140015
8 0.278180 0.701464 0.052729 0.137142
8 0.332697 0.706769 0.054071 0.138814
8 0.389334 0.708088 0.052674 0.136123
0 0.444681 0.713201 0.053636 0.133227
10 0.466279 0.771620 0.020398 0.035454
2 0.501135 0.720900 0.052934 0.135434
0 0.558012 0.723593 0.052275 0.134358
