4 0.187187 0.151972 0.051248 0.119567
6 0.239790 0.156853 0.050457 0.133827
9 0.296963 0.163549 0.051547 0.132181
4 0.353128 0.163102 0.051903 0.120204
1 0.419833 0.171528 0.025294 0.117163
9 0.462246 0.175158 0.050700 0.134978
10 0.483829 0.227854 0.017931 0.027345
9 0.517877 0.177507 0.051692 0.134194
1 0.586768 0.184404 0.026326 0.121437
6 0.626357 0.188770 0.050073 0.134640
10 0.651152 0.246693 0.018253 0.028857
4 0.683836 0.193097 0.052864 0.118178
0 0.284544 0.344744 0.053278 0.135448
10 0.310218 0.404241 0.019766 0.031212
0 0.339646 0.351014 0.052345 0.138169
0 0.396325 0.356126 0.053561 0.136027
2 0.716295 0.383923 0.054133 0.140958
10 0.738885 0.435208 0.019117 0.032825
4 0.772490 0.384477 0.052241 0.119263
5 0.827697 0.390452 0.048296 0.131088
2 0.220314 0.521657 0.052145 0.134987
6 0.274658 0.523717 0.052579 0.135834
10 0.298781 0.584220 0.019133 0.030246
0 0.332014 0.526946 0.053950 0.131892
1 0.612262 0.554997 0.026522 0.120723
1 0.666831 0.563488 0.024985 0.120301
4 0.708172 0.563351 0.052184 0.114489
10 0.730025 0.621141 0.020228 0.030552
1 0.776895 0.570649 0.027165 0.121491
1 0.221500 0.689198 0.024332 0.113621
1 0.258564 0.692344 0.052993 0.137588
8 0.259215 0.694017 0.051136 0.134946
5 0.314249 0.698749 0.050270 0.135663
2 0.369089 0.699442 0.052872 0.139491
8 0.425184 0.707500 0.054759 0.138686
1 0.426035 0.712700 0.055012 0.143225
10 0.447434 0.765452 0.019520 0.030167
1 0.495359 0.714876 0.026994 0.129748
1 0.550773 0.718409 0.027410 0.132309
