4 0.190004 0.149322 0.051063 0.127498
6 0.242381 0.153188 0.050626 0.132429
9 0.298669 0.159870 0.051385 0.132919
4 0.353720 0.160548 0.051491 0.122313
1 0.421396 0.167697 0.025999 0.119300
1 0.460999 0.172349 0.049618 0.136845
9 0.461832 0.173668 0.050777 0.130727
10 0.484147 0.224255 0.016939 0.027337
9 0.517980 0.177503 0.052979 0.134299
1 0.584930 0.177589 0.029386 0.128040
6 0.625444 0.185097 0.048759 0.133517
4 0.681663 0.187713 0.053531 0.125633
0 0.286183 0.344485 0.053948 0.135889
10 0.311370 0.401763 0.019548 0.031828
0 0.340535 0.349469 0.051458 0.137792
0 0.396422 0.353201 0.051715 0.137198
2 0.715371 0.382017 0.053789 0.141653
10 0.737657 0.435058 0.019174 0.032751
4 0.772136 0.382664 0.051621 0.119247
5 0.825634 0.388384 0.047995 0.130596
2 0.222972 0.520254 0.052387 0.138609
7 0.283658 0.519853 0.047491 0.134297
10 0.302499 0.580052 0.019286 0.033068
1 0.347858 0.530959 0.023259 0.109714
1 0.612006 0.552481 0.027235 0.126165
1 0.665186 0.563283 0.025645 0.120377
4 0.708346 0.565028 0.049040 0.114094
1 0.776108 0.570133 0.027164 0.128520
1 0.222737 0.688017 0.024337 0.114460
8 0.261435 0.693075 0.051654 0.136440
1 0.261613 0.692072 0.050918 0.137745
5 0.315545 0.694608 0.049140 0.132579
5 0.369143 0.699148 0.052678 0.139748
2 0.370292 0.698318 0.052719 0.137645
8 0.425564 0.708229 0.054239 0.138424
1 0.426813 0.713079 0.054551 0.143351
10 0.449406 0.765565 0.019228 0.031179
1 0.496042 0.708800 0.027806 0.128632
1 0.550402 0.713558 0.026355 0.126767
