4 0.188637 0.151226 0.052050 0.121545
6 0.241709 0.154712 0.050132 0.133866
9 0.298851 0.161798 0.051239 0.134021
4 0.353865 0.162319 0.050509 0.119494
1 0.422218 0.170448 0.025648 0.117608
1 0.454703 0.170105 0.066367 0.129539
9 0.462770 0.174325 0.050618 0.136876
10 0.484173 0.226314 0.017774 0.027778
9 0.518398 0.179320 0.052666 0.134171
1 0.586819 0.183237 0.025868 0.121259
6 0.626246 0.187339 0.050384 0.135179
4 0.683737 0.189876 0.052403 0.120400
0 0.286128 0.346895 0.050500 0.134295
10 0.311951 0.404535 0.020677 0.033702
0 0.340729 0.350639 0.051600 0.137529
0 0.397283 0.355095 0.053522 0.136832
2 0.716614 0.382998 0.053936 0.141075
10 0.738703 0.435460 0.018386 0.029714
4 0.772652 0.383048 0.051973 0.119453
5 0.827211 0.388870 0.048144 0.131684
2 0.221858 0.521972 0.053499 0.138938
9 0.276800 0.525420 0.049792 0.134281
5 0.277910 0.524111 0.050241 0.134680
10 0.300592 0.581434 0.020461 0.033768
5 0.333047 0.530026 0.049665 0.140610
1 0.612658 0.554111 0.026650 0.121431
1 0.667373 0.561884 0.025045 0.123305
2 0.707289 0.562564 0.047995 0.131534
10 0.725927 0.615290 0.017375 0.024883
9 0.762698 0.569775 0.050441 0.131495
1 0.222743 0.688955 0.024506 0.115052
8 0.260797 0.694471 0.051885 0.135963
1 0.260987 0.693248 0.052004 0.137271
5 0.315622 0.698716 0.050583 0.136335
5 0.364596 0.700835 0.064370 0.136043
2 0.370060 0.699537 0.052577 0.140004
8 0.426650 0.703780 0.054055 0.135394
1 0.426866 0.713353 0.054645 0.143096
10 0.449885 0.766215 0.020031 0.032789
1 0.495898 0.715226 0.026920 0.130568
1 0.551624 0.717774 0.026963 0.131826
