4 0.188285 0.147622 0.051563 0.116010
6 0.242159 0.152975 0.051639 0.131873
9 0.299305 0.160627 0.052136 0.137295
4 0.354712 0.160849 0.051996 0.120884
1 0.420448 0.168332 0.025946 0.120382
9 0.462019 0.174674 0.051914 0.138102
10 0.484931 0.224544 0.017722 0.028266
9 0.517647 0.177734 0.051574 0.133677
1 0.583174 0.182518 0.025424 0.124276
6 0.626004 0.184808 0.050439 0.138155
4 0.682487 0.187243 0.053827 0.125798
0 0.286409 0.343675 0.053569 0.133060
10 0.309194 0.395911 0.020363 0.035681
0 0.340576 0.350027 0.051987 0.140431
0 0.396568 0.353871 0.052825 0.140360
2 0.714879 0.381928 0.054552 0.143259
10 0.737538 0.434995 0.019359 0.032463
4 0.772050 0.382792 0.050885 0.118794
5 0.825387 0.388591 0.047997 0.131288
2 0.222777 0.519743 0.051725 0.137355
7 0.281666 0.519066 0.045583 0.131244
0 0.284351 0.527809 0.052619 0.139542
10 0.303916 0.579393 0.018608 0.031101
0 0.333623 0.526558 0.050637 0.130417
1 0.611693 0.553026 0.026803 0.124523
1 0.665120 0.562223 0.026465 0.128517
4 0.706991 0.562473 0.052826 0.116134
1 0.776418 0.571033 0.026583 0.126782
1 0.223071 0.688778 0.024479 0.115323
8 0.261459 0.693050 0.051768 0.135856
1 0.261522 0.691977 0.051187 0.137523
5 0.315482 0.695049 0.048763 0.132051
2 0.370018 0.698405 0.052435 0.135896
5 0.370969 0.699437 0.052589 0.144728
8 0.424906 0.706571 0.053990 0.138088
1 0.426022 0.711337 0.054238 0.142613
10 0.448701 0.764878 0.019792 0.033105
1 0.495436 0.708074 0.027991 0.128721
1 0.549923 0.713307 0.026767 0.126169
