3 0.201316 0.157241 0.049590 0.137883
8 0.256137 0.158020 0.052532 0.139684
7 0.314728 0.158565 0.050991 0.134305
3 0.369306 0.166992 0.052024 0.139844
7 0.433812 0.169788 0.036081 0.126978
1 0.435366 0.174019 0.027205 0.114128
2 0.478851 0.175852 0.053603 0.136136
10 0.503431 0.229781 0.018514 0.027321
5 0.534696 0.178402 0.050806 0.139009
3 0.535759 0.179385 0.051378 0.137658
6 0.588427 0.183350 0.053042 0.141359
9 0.646774 0.187729 0.052109 0.136306
7 0.704784 0.186060 0.045316 0.130546
1 0.715509 0.195325 0.028645 0.113262
0 0.301406 0.350689 0.052880 0.139371
10 0.323459 0.402553 0.020228 0.026455
0 0.359139 0.351817 0.052972 0.135325
0 0.415809 0.354366 0.055090 0.139253
2 0.737732 0.381413 0.052101 0.130841
10 0.763646 0.436959 0.019814 0.028255
4 0.794804 0.383627 0.052107 0.118417
5 0.850096 0.390166 0.050446 0.135364
3 0.238861 0.531561 0.048305 0.137340
0 0.294424 0.535982 0.053828 0.135351
10 0.315032 0.592988 0.020200 0.032819
1 0.365375 0.541285 0.027018 0.126002
1 0.636470 0.561263 0.026173 0.115643
1 0.689408 0.564053 0.026000 0.117981
4 0.730751 0.566553 0.049397 0.119391
10 0.754389 0.619972 0.016993 0.026842
0 0.787385 0.570573 0.053958 0.135899
5 0.220180 0.697752 0.050448 0.137148
9 0.277894 0.708023 0.050818 0.132543
8 0.332116 0.711293 0.052592 0.137335
8 0.388271 0.714794 0.053030 0.137140
0 0.445555 0.715363 0.054765 0.136030
10 0.468315 0.774049 0.019563 0.029846
2 0.501567 0.721486 0.052477 0.136805
0 0.558207 0.723741 0.052068 0.136571
8 0.835997 0.709659 0.031558 0.082081
