4 0.190035 0.149733 0.051029 0.119319
6 0.242757 0.153934 0.051645 0.132701
9 0.299511 0.161469 0.050452 0.131081
4 0.354455 0.162565 0.051447 0.123157
1 0.422267 0.168812 0.026264 0.121100
9 0.464130 0.173150 0.050757 0.136469
10 0.486661 0.224819 0.017213 0.027148
9 0.519654 0.174944 0.052056 0.132934
1 0.587425 0.179637 0.029090 0.119704
6 0.627374 0.185580 0.050755 0.134979
4 0.685347 0.191086 0.052688 0.120243
0 0.286604 0.344806 0.053255 0.135204
10 0.312758 0.400836 0.019466 0.031398
0 0.341356 0.348506 0.051669 0.138625
0 0.398138 0.354003 0.053220 0.133261
2 0.716728 0.382881 0.054311 0.141710
10 0.739440 0.435216 0.019204 0.032061
4 0.773833 0.381550 0.051676 0.118081
5 0.828454 0.388955 0.048031 0.130396
2 0.222473 0.519829 0.053314 0.139368
6 0.278713 0.522247 0.052916 0.133316
10 0.300417 0.577077 0.019584 0.030920
1 0.349133 0.528271 0.026280 0.120055
1 0.613787 0.556292 0.025416 0.121729
1 0.668185 0.560159 0.024902 0.119924
4 0.710129 0.564238 0.050179 0.117194
10 0.733831 0.612592 0.018929 0.035678
1 0.777607 0.569407 0.026741 0.122707
1 0.223521 0.686692 0.024502 0.114933
8 0.262008 0.692923 0.050593 0.133890
1 0.262292 0.690867 0.050471 0.136351
10 0.283986 0.748930 0.017510 0.029141
5 0.316621 0.695013 0.050721 0.135243
5 0.368355 0.698791 0.060091 0.136564
2 0.371447 0.697857 0.052389 0.135442
1 0.427326 0.710338 0.052492 0.142399
8 0.427359 0.701571 0.054003 0.133870
10 0.450630 0.763425 0.019772 0.031869
1 0.498365 0.711753 0.025822 0.124072
1 0.551817 0.713099 0.026604 0.130234
