4 0.186286 0.149004 0.050381 0.112084
6 0.240092 0.155589 0.051900 0.131860
9 0.295916 0.159840 0.051803 0.132020
4 0.352640 0.160969 0.053062 0.123600
1 0.419524 0.171123 0.026304 0.121985
9 0.461220 0.174686 0.051944 0.137790
9 0.516373 0.174810 0.053696 0.135694
1 0.582957 0.179824 0.030276 0.117297
6 0.624107 0.187426 0.050317 0.135305
4 0.681310 0.188009 0.052176 0.118635
0 0.284835 0.343734 0.052318 0.131282
10 0.306903 0.392691 0.019906 0.032687
0 0.338574 0.348764 0.052794 0.140682
0 0.394460 0.354413 0.052156 0.137777
2 0.714072 0.381343 0.053641 0.139964
10 0.738216 0.433390 0.019982 0.029409
4 0.771521 0.382196 0.051190 0.119345
5 0.824432 0.388293 0.047187 0.128600
2 0.220369 0.519917 0.052063 0.137312
6 0.275050 0.521567 0.052883 0.134026
10 0.298759 0.576301 0.019448 0.031295
6 0.330761 0.529969 0.050784 0.141875
2 0.330950 0.525060 0.050762 0.134710
1 0.611431 0.552979 0.025393 0.124852
1 0.664314 0.562282 0.026726 0.127007
5 0.705548 0.566391 0.047125 0.138548
3 0.705637 0.565982 0.048393 0.133240
10 0.727793 0.615062 0.018628 0.030709
6 0.757904 0.567992 0.052151 0.143289
1 0.220854 0.687988 0.024255 0.117785
1 0.258628 0.690603 0.052032 0.135801
8 0.258874 0.691926 0.051597 0.131975
5 0.313636 0.695049 0.049982 0.135631
2 0.368430 0.697140 0.051648 0.133763
5 0.370660 0.697736 0.053186 0.144051
8 0.424609 0.699806 0.054123 0.135294
1 0.425022 0.712928 0.055230 0.144870
10 0.448808 0.763862 0.019817 0.033909
1 0.492742 0.715507 0.025564 0.124342
1 0.548423 0.719268 0.025356 0.124569
