3 0.202151 0.157252 0.049401 0.135304
8 0.256739 0.158871 0.054932 0.139142
7 0.315660 0.160619 0.050803 0.135491
3 0.370198 0.169495 0.051047 0.137801
1 0.438873 0.172790 0.025074 0.116459
2 0.481286 0.175106 0.051920 0.135612
10 0.504341 0.229730 0.018966 0.029315
3 0.537007 0.181148 0.051155 0.136542
6 0.589807 0.184001 0.053051 0.140753
10 0.615289 0.239047 0.019225 0.029729
9 0.648429 0.187123 0.051455 0.132587
1 0.712613 0.193379 0.035366 0.125794
0 0.302249 0.350717 0.052882 0.141274
10 0.328406 0.402175 0.019972 0.036834
0 0.359091 0.351297 0.053104 0.134456
0 0.415981 0.353088 0.054719 0.138147
2 0.740613 0.384199 0.051851 0.134778
4 0.797552 0.383523 0.049795 0.111890
5 0.852066 0.389813 0.049830 0.133898
2 0.238152 0.528843 0.054432 0.140669
6 0.293880 0.531183 0.053978 0.137175
10 0.317385 0.586310 0.019004 0.030137
4 0.352352 0.537859 0.052694 0.113052
1 0.637619 0.560825 0.025494 0.112980
1 0.690186 0.562644 0.027161 0.119431
4 0.734114 0.565189 0.050881 0.117873
10 0.756334 0.623970 0.020704 0.031298
1 0.803890 0.572781 0.025297 0.115240
5 0.220317 0.696348 0.049584 0.134874
9 0.278307 0.699871 0.051033 0.130774
8 0.333079 0.709810 0.053263 0.138937
8 0.388784 0.712737 0.053716 0.139980
0 0.446496 0.712484 0.055005 0.135367
10 0.469086 0.771537 0.019328 0.029581
2 0.503082 0.718540 0.051717 0.136960
0 0.559944 0.721889 0.052887 0.134459
