3 0.204485 0.156653 0.050109 0.133094
8 0.259189 0.160233 0.055707 0.143795
7 0.318835 0.160382 0.051602 0.133438
3 0.372223 0.166218 0.053771 0.138115
1 0.435879 0.169295 0.028372 0.109961
5 0.481660 0.177301 0.049772 0.138429
2 0.481798 0.174342 0.053809 0.131912
10 0.506643 0.229197 0.019453 0.029367
2 0.533549 0.178554 0.065786 0.135867
3 0.538327 0.179680 0.051269 0.138541
6 0.591019 0.182528 0.052799 0.140307
9 0.649252 0.187312 0.052847 0.135964
0 0.305690 0.349290 0.050846 0.132598
10 0.332211 0.400555 0.018489 0.029389
0 0.361433 0.350920 0.051800 0.132486
0 0.418565 0.351017 0.053100 0.137214
2 0.741926 0.382682 0.051064 0.132827
4 0.798693 0.382870 0.050158 0.111860
5 0.853446 0.389655 0.049207 0.134549
2 0.241462 0.531250 0.054908 0.141231
7 0.303666 0.527421 0.045685 0.128719
10 0.320480 0.588074 0.021311 0.029796
3 0.354989 0.539995 0.051967 0.135141
1 0.638444 0.561013 0.026803 0.115484
1 0.689861 0.561888 0.029220 0.121736
4 0.736042 0.568870 0.047900 0.108817
10 0.758085 0.623402 0.020563 0.031292
1 0.803916 0.572220 0.025925 0.111717
5 0.224168 0.698147 0.048640 0.135081
9 0.280950 0.700686 0.052699 0.133188
8 0.335650 0.704779 0.053809 0.136724
8 0.391092 0.713652 0.052955 0.136790
0 0.448468 0.714255 0.055294 0.139153
10 0.474009 0.772653 0.019627 0.031395
2 0.504723 0.719963 0.051343 0.138587
0 0.561375 0.722965 0.053095 0.135197
