4 0.187350 0.146631 0.052956 0.119743
6 0.239974 0.151785 0.051075 0.130448
9 0.296615 0.156585 0.052405 0.130169
4 0.352845 0.157572 0.051637 0.119259
1 0.421084 0.165387 0.025509 0.119254
9 0.461289 0.168486 0.049498 0.131131
10 0.483811 0.222342 0.017076 0.026165
9 0.517973 0.172183 0.052387 0.138025
1 0.586187 0.179139 0.026934 0.119294
6 0.626493 0.182881 0.050316 0.137698
4 0.684175 0.186218 0.054762 0.122549
0 0.284020 0.343331 0.051898 0.136083
10 0.308463 0.393447 0.020132 0.032799
0 0.340086 0.345750 0.052587 0.136626
0 0.395344 0.349906 0.053244 0.142954
2 0.715865 0.379832 0.052457 0.136601
10 0.741764 0.430233 0.019607 0.029155
4 0.773476 0.378777 0.051245 0.121296
5 0.827410 0.387545 0.049956 0.136570
2 0.220226 0.517973 0.051636 0.140967
6 0.220861 0.516002 0.052627 0.137682
6 0.275878 0.521410 0.053585 0.136123
10 0.300254 0.580402 0.018195 0.029185
4 0.333835 0.527307 0.054933 0.127665
1 0.612745 0.552460 0.026626 0.124022
1 0.635535 0.556551 0.034340 0.126035
1 0.666137 0.561372 0.026003 0.127970
4 0.708681 0.557129 0.050361 0.119163
10 0.730713 0.619197 0.019606 0.030910
1 0.777021 0.569415 0.027137 0.125236
1 0.221317 0.687410 0.024021 0.117881
1 0.259368 0.690293 0.051997 0.136500
8 0.259567 0.691629 0.052215 0.134124
5 0.313972 0.694749 0.050382 0.137345
2 0.369337 0.696612 0.052638 0.135581
8 0.425370 0.699238 0.053953 0.135975
1 0.425659 0.709946 0.054407 0.142808
10 0.447663 0.763163 0.019526 0.031196
1 0.496007 0.712648 0.026269 0.125821
1 0.550705 0.712271 0.026661 0.131364
