4 0.189287 0.148658 0.051382 0.119917
6 0.242537 0.152621 0.051749 0.133843
9 0.299451 0.159870 0.050985 0.133229
4 0.355338 0.159719 0.050835 0.118737
1 0.422269 0.167987 0.025657 0.119331
1 0.462080 0.172339 0.049118 0.136805
9 0.463700 0.171795 0.050387 0.136506
10 0.485793 0.223525 0.017326 0.027853
9 0.519243 0.176719 0.051860 0.132861
1 0.586773 0.183788 0.024425 0.116726
6 0.627670 0.184515 0.050325 0.134774
4 0.685270 0.190014 0.052644 0.119030
0 0.287254 0.342562 0.053452 0.135816
10 0.312010 0.401038 0.019548 0.031451
0 0.341295 0.347698 0.051463 0.138934
0 0.397958 0.352517 0.053343 0.135632
2 0.716946 0.381908 0.053877 0.140986
10 0.738644 0.435059 0.019000 0.031608
4 0.773154 0.381379 0.051720 0.118956
5 0.828297 0.388252 0.048085 0.131526
2 0.223329 0.522075 0.053881 0.140876
5 0.278493 0.522673 0.049148 0.134584
10 0.300871 0.580111 0.020159 0.033580
9 0.335192 0.527908 0.053382 0.138448
1 0.613901 0.555816 0.025547 0.123094
1 0.668047 0.560794 0.025632 0.126873
3 0.708458 0.565432 0.049228 0.132527
10 0.731060 0.615093 0.018971 0.031221
9 0.763649 0.568242 0.050634 0.132521
1 0.223128 0.687328 0.024242 0.112033
8 0.262045 0.693595 0.051174 0.134062
1 0.262058 0.691541 0.050222 0.133856
5 0.316154 0.694231 0.049202 0.131010
5 0.370144 0.699449 0.053193 0.138262
2 0.371544 0.698283 0.051917 0.135494
8 0.427064 0.702534 0.054083 0.134634
1 0.427165 0.710783 0.052479 0.142710
10 0.448956 0.765688 0.019870 0.031753
1 0.498237 0.712386 0.025927 0.124876
1 0.552527 0.714852 0.026962 0.133656
