4 0.190903 0.150733 0.052989 0.115693
6 0.244716 0.157753 0.050215 0.133264
9 0.301093 0.163566 0.049853 0.134167
4 0.356363 0.166298 0.049984 0.117431
1 0.423021 0.172111 0.027741 0.123875
9 0.464657 0.177445 0.052101 0.139164
10 0.487509 0.229398 0.017737 0.028035
9 0.521088 0.179938 0.054043 0.140901
1 0.584178 0.183131 0.029593 0.126367
6 0.621725 0.188445 0.055613 0.143892
4 0.682624 0.190610 0.054088 0.127065
0 0.288893 0.346506 0.054568 0.137704
10 0.315030 0.402279 0.018792 0.032026
0 0.342757 0.351489 0.051342 0.135699
0 0.399765 0.356491 0.053572 0.134803
2 0.715983 0.385289 0.051538 0.130317
10 0.738188 0.435581 0.017990 0.032135
4 0.771986 0.386253 0.052376 0.120026
5 0.827412 0.394221 0.050502 0.138228
2 0.226805 0.524973 0.052997 0.146264
7 0.284441 0.526131 0.045702 0.125344
10 0.304805 0.578708 0.019696 0.033181
2 0.335616 0.528304 0.050633 0.133796
1 0.613598 0.557567 0.025961 0.118722
1 0.667265 0.561495 0.025939 0.121813
4 0.708192 0.564712 0.053716 0.116574
1 0.776586 0.574135 0.026544 0.126216
1 0.225373 0.688815 0.024226 0.112286
8 0.264360 0.693491 0.049827 0.134284
5 0.318211 0.696286 0.050186 0.136533
2 0.372168 0.699197 0.052166 0.140070
8 0.427883 0.703841 0.054503 0.136753
10 0.450791 0.763186 0.019206 0.032066
1 0.497310 0.710965 0.027406 0.121958
1 0.551683 0.713493 0.025148 0.120614
