4 0.185860 0.148830 0.049685 0.114733
6 0.239690 0.153298 0.051780 0.132792
9 0.295446 0.158467 0.051098 0.130866
4 0.351667 0.158774 0.051743 0.119503
1 0.419267 0.168270 0.024787 0.116543
1 0.459347 0.171565 0.050390 0.138257
9 0.460337 0.172687 0.053253 0.139562
10 0.480123 0.231155 0.019376 0.031382
9 0.516695 0.173822 0.052246 0.136781
1 0.583734 0.180752 0.026945 0.121788
6 0.624298 0.184540 0.050113 0.134702
4 0.681548 0.187340 0.051662 0.119001
0 0.283688 0.341633 0.052499 0.133660
10 0.307319 0.394645 0.020570 0.032614
0 0.338642 0.348270 0.052573 0.140041
0 0.395717 0.352831 0.052552 0.135165
2 0.713965 0.380956 0.054135 0.142609
10 0.735393 0.434659 0.019104 0.031609
4 0.771219 0.381142 0.051097 0.118793
5 0.824888 0.387553 0.047969 0.130389
2 0.219849 0.519894 0.052446 0.135292
9 0.275421 0.524774 0.048578 0.131137
5 0.275465 0.522862 0.050441 0.138304
10 0.297940 0.577978 0.017891 0.029702
9 0.331532 0.529864 0.050999 0.134239
1 0.611366 0.552969 0.026486 0.121864
1 0.664276 0.562901 0.024840 0.122452
3 0.705342 0.565587 0.049259 0.135792
1 0.705909 0.564854 0.049073 0.140756
10 0.728991 0.615508 0.018395 0.029996
9 0.760529 0.567430 0.051857 0.136710
1 0.221088 0.688276 0.023978 0.112336
1 0.257963 0.692094 0.052228 0.137481
8 0.258539 0.693376 0.052004 0.132566
5 0.313246 0.696177 0.049948 0.135029
2 0.368330 0.698236 0.052593 0.134822
8 0.423690 0.706948 0.054246 0.138963
1 0.424142 0.711693 0.052918 0.142996
10 0.446691 0.764450 0.020097 0.030496
1 0.494394 0.714920 0.025823 0.126076
1 0.548376 0.718881 0.025448 0.125542
