4 0.185927 0.149540 0.050065 0.118656
6 0.239769 0.153715 0.051828 0.133796
9 0.295227 0.158283 0.051426 0.131365
4 0.351646 0.159190 0.052345 0.122150
1 0.418534 0.168616 0.025209 0.118197
9 0.460486 0.171919 0.049674 0.132433
10 0.482076 0.230197 0.018355 0.029547
9 0.515688 0.177103 0.052502 0.132092
1 0.584326 0.181276 0.026496 0.120982
6 0.624342 0.184669 0.050277 0.137077
4 0.681547 0.186557 0.052921 0.121281
0 0.283420 0.344362 0.053995 0.132248
10 0.307500 0.394237 0.019522 0.031908
0 0.338731 0.350565 0.051774 0.136885
0 0.394640 0.354492 0.053086 0.140122
2 0.713670 0.381070 0.053779 0.141908
10 0.737671 0.435482 0.018671 0.031979
4 0.770881 0.382036 0.050826 0.119273
5 0.824332 0.387971 0.047890 0.130348
2 0.220085 0.519650 0.051337 0.134139
6 0.274484 0.521662 0.052148 0.133530
10 0.298242 0.577492 0.019384 0.030216
6 0.330108 0.529408 0.051178 0.134210
1 0.610719 0.554551 0.026471 0.121186
1 0.663684 0.561767 0.025611 0.123512
4 0.706241 0.563079 0.049954 0.118047
10 0.728043 0.619544 0.019276 0.031532
2 0.759131 0.567307 0.051016 0.135914
1 0.220809 0.688426 0.024329 0.116888
1 0.258146 0.692432 0.052605 0.138355
8 0.258618 0.693626 0.051985 0.133442
5 0.313104 0.696615 0.049799 0.136421
2 0.368559 0.698238 0.052214 0.134592
8 0.424022 0.706982 0.054700 0.140097
1 0.424883 0.712910 0.055517 0.144519
10 0.447875 0.765472 0.019832 0.032268
1 0.493348 0.714872 0.026835 0.130619
1 0.548971 0.714453 0.026349 0.128440
