4 0.185612 0.146554 0.052533 0.120765
6 0.239320 0.152663 0.052399 0.134072
9 0.295723 0.157643 0.051669 0.130831
4 0.351864 0.156642 0.052233 0.121054
1 0.419854 0.167046 0.024775 0.116287
1 0.460185 0.170957 0.050111 0.135873
9 0.461162 0.171343 0.052149 0.137158
10 0.483032 0.229438 0.018194 0.029236
9 0.517608 0.173226 0.052368 0.137586
1 0.586358 0.179315 0.026125 0.118057
6 0.625878 0.183598 0.049425 0.137154
4 0.683414 0.186792 0.053608 0.121794
0 0.283978 0.343606 0.052011 0.137241
10 0.307289 0.395415 0.020392 0.032317
0 0.338683 0.347037 0.052321 0.138700
0 0.395252 0.352906 0.053036 0.139669
2 0.715276 0.380866 0.054285 0.141266
10 0.736232 0.434044 0.019277 0.030643
4 0.772845 0.380258 0.051448 0.120015
5 0.827046 0.387856 0.047789 0.130347
2 0.219683 0.521167 0.052990 0.138724
6 0.275091 0.521773 0.053810 0.135702
10 0.297239 0.576619 0.019694 0.033552
3 0.332759 0.530561 0.048714 0.128421
1 0.611849 0.552914 0.026308 0.122288
1 0.666619 0.561437 0.025115 0.126290
2 0.706865 0.558783 0.049688 0.129729
10 0.728885 0.617565 0.018307 0.026346
6 0.759972 0.563347 0.050715 0.134061
1 0.220899 0.688430 0.024020 0.117746
1 0.258061 0.691743 0.052763 0.138302
8 0.258663 0.692791 0.052239 0.133172
5 0.313306 0.696412 0.049904 0.135945
2 0.368363 0.697902 0.052470 0.138445
8 0.424086 0.706433 0.054346 0.138913
1 0.424503 0.711213 0.053608 0.142591
10 0.446586 0.764625 0.020099 0.031292
1 0.494821 0.712969 0.026476 0.127420
1 0.550938 0.714935 0.027041 0.131939
