4 0.186810 0.152142 0.051710 0.123518
6 0.240650 0.156384 0.052810 0.133767
9 0.296973 0.163664 0.051639 0.131833
4 0.352665 0.162530 0.052316 0.120469
1 0.419790 0.171383 0.025380 0.117036
1 0.460778 0.175292 0.049965 0.137602
9 0.462294 0.175449 0.050643 0.135136
10 0.484144 0.227444 0.017488 0.027094
9 0.517462 0.180886 0.052998 0.134453
1 0.586418 0.184485 0.026576 0.121843
6 0.626143 0.187824 0.050329 0.135198
4 0.683460 0.190890 0.053109 0.124341
0 0.284466 0.347719 0.051226 0.133320
10 0.310431 0.402197 0.019192 0.030294
0 0.339417 0.351583 0.052132 0.136575
0 0.396316 0.355966 0.053686 0.135813
2 0.716095 0.383649 0.054355 0.140637
10 0.738730 0.436191 0.018178 0.029187
4 0.772780 0.383786 0.051801 0.117344
5 0.827735 0.390127 0.047781 0.129818
2 0.220088 0.521582 0.053184 0.136746
6 0.276252 0.523638 0.053861 0.135157
10 0.297779 0.580477 0.019987 0.030908
1 0.347895 0.532253 0.024257 0.113144
1 0.612150 0.555539 0.026783 0.121386
1 0.667334 0.560994 0.025749 0.125311
3 0.707091 0.566724 0.048025 0.131760
10 0.730513 0.616771 0.017922 0.029650
6 0.759085 0.567886 0.050862 0.138385
1 0.221527 0.689338 0.024193 0.112645
1 0.258863 0.693088 0.053303 0.136556
8 0.259330 0.694437 0.051936 0.136096
5 0.314345 0.699121 0.050347 0.134699
2 0.369022 0.700215 0.052767 0.140251
8 0.424892 0.707655 0.054392 0.138305
1 0.425698 0.713034 0.054030 0.141688
10 0.447172 0.765453 0.020372 0.031167
1 0.495557 0.715885 0.026303 0.125627
1 0.551114 0.718840 0.027118 0.130478
