3 0.202665 0.157802 0.050774 0.133311
8 0.256733 0.160485 0.055050 0.140078
7 0.317244 0.160765 0.049456 0.133455
3 0.369849 0.167606 0.052026 0.138865
7 0.428780 0.169703 0.046272 0.134842
1 0.438402 0.170476 0.024949 0.111657
2 0.480742 0.175741 0.053377 0.135934
10 0.505256 0.229429 0.018606 0.027885
5 0.536006 0.178950 0.053076 0.139022
3 0.536858 0.180577 0.051204 0.136685
6 0.589980 0.183514 0.053198 0.140074
9 0.648538 0.188751 0.051674 0.133812
1 0.715706 0.195661 0.031370 0.126721
0 0.302137 0.350948 0.052187 0.140507
10 0.322299 0.402085 0.020155 0.026226
0 0.359409 0.352089 0.052931 0.133658
0 0.416081 0.352998 0.054445 0.137450
2 0.740662 0.383659 0.051204 0.132399
4 0.797143 0.383086 0.051408 0.114210
5 0.852236 0.389866 0.049737 0.133739
2 0.238609 0.528340 0.056605 0.138732
7 0.299360 0.527909 0.049336 0.136084
10 0.318393 0.587715 0.016288 0.028012
0 0.353051 0.539551 0.054676 0.134564
1 0.636680 0.561507 0.025390 0.110395
1 0.689606 0.562347 0.027737 0.119172
4 0.734473 0.566328 0.051198 0.119092
10 0.755745 0.624298 0.020396 0.031698
1 0.804133 0.572105 0.025751 0.116180
5 0.220547 0.696567 0.049692 0.134110
9 0.278605 0.700314 0.051504 0.131321
8 0.333607 0.704108 0.053537 0.137080
8 0.388899 0.712864 0.053679 0.139880
0 0.446829 0.712829 0.054885 0.135505
10 0.469327 0.771579 0.019154 0.029485
2 0.503334 0.718946 0.051530 0.136368
0 0.560203 0.725619 0.055271 0.141596
