3 0.202361 0.157898 0.049579 0.136597
8 0.256848 0.160810 0.055147 0.140713
7 0.317063 0.159367 0.050498 0.131697
5 0.370093 0.167203 0.049607 0.137277
3 0.370252 0.167718 0.051875 0.138381
7 0.430630 0.169709 0.040322 0.124871
1 0.438493 0.170302 0.024798 0.112422
2 0.480389 0.175390 0.053608 0.135388
10 0.503482 0.228394 0.018695 0.028459
2 0.535830 0.178318 0.053007 0.138871
5 0.535913 0.177446 0.050693 0.132528
3 0.536911 0.181070 0.051033 0.137714
6 0.589979 0.183513 0.053585 0.141945
9 0.648387 0.188229 0.051233 0.132749
7 0.709149 0.188193 0.040911 0.126180
0 0.302428 0.350850 0.052954 0.145335
10 0.323003 0.401240 0.020820 0.028197
0 0.359396 0.351449 0.053245 0.135875
0 0.416108 0.352871 0.053975 0.137997
2 0.740099 0.380210 0.050217 0.126571
4 0.797039 0.383105 0.052019 0.115089
2 0.852468 0.382103 0.046363 0.127101
5 0.852489 0.389108 0.049639 0.133478
2 0.237778 0.528440 0.054810 0.140213
6 0.292443 0.532048 0.051380 0.136727
10 0.318170 0.585731 0.019540 0.029380
6 0.351101 0.532083 0.051467 0.137472
1 0.637447 0.561745 0.025869 0.113435
1 0.690297 0.562064 0.027426 0.119029
4 0.734571 0.566602 0.050386 0.117167
10 0.757468 0.622445 0.020820 0.031381
1 0.803727 0.573263 0.025253 0.116454
5 0.220359 0.696040 0.050245 0.133831
9 0.278507 0.700546 0.051053 0.131567
8 0.333146 0.710374 0.053130 0.138582
8 0.388833 0.712791 0.053879 0.140517
0 0.446816 0.712032 0.055083 0.135894
10 0.468060 0.771774 0.019315 0.029186
2 0.503165 0.718661 0.051517 0.135953
0 0.560008 0.721772 0.052460 0.133374
