4 0.189833 0.149720 0.050680 0.116794
6 0.242674 0.154060 0.051897 0.133080
9 0.299625 0.161544 0.050849 0.132498
4 0.355154 0.160608 0.051030 0.117205
1 0.422766 0.170109 0.025425 0.116385
1 0.462170 0.173652 0.048867 0.134081
9 0.463678 0.173289 0.050511 0.134292
10 0.485867 0.225002 0.017340 0.027173
9 0.519300 0.178568 0.052094 0.133070
1 0.587798 0.182334 0.026252 0.121158
6 0.627537 0.186120 0.051020 0.136425
4 0.684633 0.191257 0.052196 0.117701
0 0.287016 0.343418 0.053177 0.134072
10 0.312286 0.401189 0.019432 0.031354
0 0.341295 0.347734 0.051750 0.139397
0 0.397820 0.353900 0.053414 0.136997
2 0.716699 0.382546 0.054038 0.140411
10 0.739668 0.434837 0.018575 0.031053
4 0.773774 0.381842 0.051581 0.118248
5 0.828302 0.389013 0.047961 0.130705
2 0.223661 0.520989 0.053797 0.138728
5 0.278216 0.521865 0.048822 0.131662
10 0.300912 0.577269 0.020668 0.033749
8 0.334424 0.525467 0.053823 0.137096
1 0.613595 0.552124 0.026773 0.122144
1 0.668118 0.560517 0.024596 0.119658
4 0.708354 0.559706 0.047847 0.115029
10 0.731371 0.613125 0.018694 0.029886
0 0.762724 0.568189 0.052941 0.135196
1 0.222873 0.686772 0.024499 0.114125
1 0.261766 0.690828 0.050685 0.135063
8 0.261889 0.692874 0.051591 0.134580
5 0.316191 0.693516 0.048754 0.130248
5 0.369292 0.698556 0.055187 0.136521
2 0.371446 0.697708 0.052178 0.135588
8 0.427282 0.701243 0.053740 0.133470
10 0.448540 0.763608 0.019586 0.030746
1 0.498669 0.711321 0.025668 0.123761
1 0.552290 0.714669 0.026441 0.128844
