3 0.204939 0.156392 0.050048 0.133208
8 0.259209 0.159691 0.054997 0.140669
7 0.318707 0.158541 0.049462 0.129794
4 0.372002 0.166469 0.050887 0.121369
9 0.427180 0.171211 0.050709 0.132499
0 0.481577 0.175670 0.053589 0.134416
10 0.504089 0.229489 0.019507 0.029465
6 0.536394 0.178417 0.051011 0.136145
0 0.591597 0.183152 0.053511 0.136573
2 0.648851 0.188012 0.053476 0.138397
2 0.701977 0.189683 0.055494 0.146964
5 0.249801 0.343896 0.051030 0.135564
7 0.310341 0.343304 0.044783 0.126862
10 0.329097 0.404013 0.019495 0.031436
5 0.361085 0.352358 0.048439 0.133917
8 0.418895 0.352520 0.052961 0.137702
2 0.741460 0.379435 0.050299 0.128516
10 0.766693 0.436545 0.019010 0.032187
4 0.798064 0.383452 0.050210 0.110844
5 0.853097 0.388732 0.048719 0.132310
2 0.241365 0.528918 0.056120 0.140473
7 0.303045 0.527122 0.045197 0.129262
10 0.320317 0.586256 0.020722 0.029804
3 0.355161 0.540398 0.050406 0.136070
1 0.638814 0.562054 0.026281 0.116487
1 0.691102 0.562960 0.026578 0.121856
2 0.732747 0.567392 0.049011 0.134014
10 0.758332 0.618673 0.018242 0.028985
8 0.789957 0.567222 0.052902 0.136789
5 0.223330 0.697223 0.049419 0.134386
9 0.281459 0.701500 0.054218 0.137036
4 0.338078 0.708072 0.051750 0.121081
4 0.394486 0.707927 0.051801 0.120235
3 0.449289 0.718155 0.051083 0.134229
5 0.449682 0.716653 0.051003 0.133965
10 0.471853 0.775730 0.019243 0.029104
5 0.504373 0.718110 0.050428 0.135318
3 0.563217 0.727368 0.051539 0.139938
