3 0.202962 0.157531 0.048920 0.135062
8 0.256785 0.159353 0.055404 0.141320
7 0.315719 0.159577 0.050534 0.133737
3 0.370514 0.169385 0.050947 0.137182
7 0.431034 0.171247 0.040115 0.123648
1 0.437913 0.171473 0.024951 0.110285
2 0.480701 0.175189 0.053515 0.134436
10 0.503316 0.229004 0.018655 0.027675
5 0.536469 0.178435 0.052554 0.139070
3 0.537314 0.180586 0.050775 0.136354
6 0.589719 0.183939 0.052892 0.140971
9 0.648754 0.188194 0.051695 0.136573
1 0.714437 0.193728 0.034159 0.130074
0 0.302614 0.349118 0.053330 0.142337
10 0.322351 0.401523 0.020480 0.027212
0 0.359342 0.352024 0.052790 0.133802
0 0.416099 0.352685 0.054465 0.136539
2 0.740342 0.382184 0.050880 0.131587
10 0.765828 0.436099 0.019253 0.033593
4 0.797523 0.383408 0.049766 0.109974
5 0.852642 0.389828 0.049701 0.133654
2 0.237892 0.528452 0.055297 0.141014
6 0.293381 0.532029 0.052112 0.136994
10 0.319665 0.588621 0.019811 0.028673
5 0.352340 0.531097 0.048869 0.133972
3 0.352881 0.539880 0.051849 0.132608
1 0.636718 0.561000 0.025570 0.113781
1 0.690265 0.562374 0.027656 0.123018
3 0.732994 0.568530 0.049230 0.132582
10 0.757325 0.619047 0.017402 0.027260
6 0.787232 0.567286 0.051891 0.136133
5 0.220620 0.695969 0.049732 0.132769
9 0.278513 0.700321 0.051128 0.131372
8 0.333252 0.710229 0.053364 0.139090
8 0.388925 0.713030 0.053976 0.141195
0 0.446749 0.712879 0.054921 0.135393
10 0.468987 0.771680 0.019572 0.029706
2 0.503024 0.718768 0.052349 0.137798
0 0.560052 0.722126 0.052903 0.134132
