3 0.202551 0.157935 0.050787 0.133611
8 0.256438 0.159289 0.054480 0.137943
7 0.316552 0.160683 0.050172 0.135668
10 0.336871 0.224707 0.017937 0.028690
5 0.369695 0.168231 0.049956 0.138542
3 0.369733 0.169268 0.050715 0.137384
7 0.428618 0.170190 0.045945 0.131791
1 0.438628 0.172367 0.024656 0.111076
2 0.480742 0.175910 0.053101 0.134802
10 0.504968 0.229927 0.019339 0.028239
2 0.536102 0.178937 0.052953 0.139281
3 0.536953 0.181104 0.051548 0.137509
6 0.589694 0.183854 0.053394 0.141740
9 0.648415 0.188687 0.051732 0.134048
1 0.718006 0.194860 0.025731 0.108790
0 0.303253 0.349221 0.050063 0.134603
10 0.328218 0.402663 0.020493 0.038023
0 0.359279 0.351510 0.053187 0.134938
0 0.416048 0.352649 0.054232 0.136707
2 0.740243 0.379462 0.050376 0.126047
4 0.797536 0.383940 0.050343 0.111583
5 0.852683 0.389954 0.049955 0.134566
2 0.237701 0.529005 0.055075 0.141348
6 0.292327 0.531719 0.051405 0.137495
10 0.318051 0.586000 0.020179 0.030259
8 0.352274 0.531839 0.052682 0.136320
1 0.637563 0.560382 0.025805 0.114563
1 0.690077 0.562502 0.027083 0.119173
4 0.734295 0.564985 0.050596 0.117053
10 0.756625 0.623141 0.021173 0.031612
1 0.803808 0.572350 0.026028 0.118920
5 0.220618 0.696407 0.049604 0.133920
9 0.278248 0.700114 0.051133 0.131058
8 0.279385 0.707796 0.055158 0.135187
8 0.333049 0.710108 0.053310 0.138438
8 0.388881 0.712799 0.053586 0.139541
0 0.446680 0.713428 0.054643 0.135493
10 0.468368 0.772544 0.019409 0.028907
2 0.503018 0.718965 0.051738 0.135884
0 0.559854 0.722154 0.052866 0.133978
