4 0.186393 0.148585 0.050298 0.120192
6 0.239089 0.153442 0.050635 0.137083
9 0.295587 0.158329 0.051425 0.131039
4 0.351756 0.159910 0.052671 0.123711
1 0.418842 0.168226 0.025723 0.121224
9 0.459944 0.172115 0.052718 0.139074
10 0.481165 0.223929 0.017793 0.028359
9 0.516226 0.176495 0.051925 0.132462
1 0.582426 0.179609 0.028335 0.124310
6 0.624049 0.185408 0.050827 0.137199
4 0.681563 0.187273 0.051580 0.120512
0 0.283068 0.346574 0.051980 0.137124
10 0.308742 0.395373 0.021717 0.036034
0 0.338358 0.349261 0.052430 0.139408
0 0.394940 0.350118 0.053426 0.136058
2 0.713809 0.381222 0.053947 0.141331
10 0.737362 0.434294 0.018888 0.032623
4 0.770452 0.382202 0.051588 0.118612
5 0.824570 0.388152 0.048071 0.129529
2 0.220183 0.519466 0.051673 0.133167
6 0.220661 0.522689 0.054443 0.140288
6 0.274215 0.521221 0.051951 0.134335
10 0.298101 0.576391 0.018075 0.028480
6 0.329808 0.530012 0.050764 0.134000
1 0.610432 0.553190 0.026300 0.121795
1 0.664004 0.564742 0.025936 0.123655
4 0.707352 0.563405 0.048448 0.109779
1 0.774412 0.570937 0.025260 0.119575
1 0.220779 0.688655 0.024046 0.117285
8 0.258505 0.692545 0.051634 0.131947
5 0.313420 0.696237 0.049841 0.135703
2 0.367456 0.703697 0.051800 0.133209
8 0.423672 0.706090 0.054973 0.140302
1 0.424745 0.712705 0.055575 0.143626
10 0.448235 0.763196 0.019052 0.031216
1 0.492700 0.715067 0.026120 0.123733
1 0.548265 0.713894 0.025918 0.122968
