3 0.203006 0.158177 0.050029 0.131260
8 0.256856 0.158750 0.055030 0.139666
7 0.316702 0.160244 0.050544 0.131399
3 0.370401 0.169130 0.051287 0.137802
7 0.430770 0.171760 0.039718 0.124291
1 0.438796 0.171787 0.024607 0.111960
2 0.480458 0.176227 0.053483 0.135688
10 0.504693 0.229608 0.018491 0.028198
2 0.536489 0.178710 0.052410 0.139258
3 0.537331 0.181145 0.051123 0.137342
6 0.589950 0.183330 0.053036 0.141524
9 0.648845 0.188572 0.050774 0.132562
1 0.714273 0.195888 0.032775 0.127035
0 0.301981 0.351067 0.052731 0.142077
10 0.323808 0.401783 0.020734 0.027480
0 0.359434 0.351554 0.052949 0.134839
0 0.416216 0.352998 0.054157 0.137386
2 0.740547 0.383490 0.051354 0.133322
4 0.798135 0.383563 0.049955 0.111920
5 0.852324 0.389286 0.049325 0.132783
2 0.237948 0.528948 0.055129 0.141537
6 0.293885 0.530128 0.053820 0.138387
10 0.317716 0.586649 0.019115 0.029825
4 0.352627 0.537946 0.052741 0.113819
1 0.636807 0.561874 0.025132 0.111869
1 0.690481 0.562501 0.027408 0.121402
3 0.733030 0.568762 0.049008 0.132582
1 0.733607 0.567857 0.047410 0.137105
10 0.757239 0.618918 0.017204 0.026968
6 0.787271 0.567529 0.051467 0.135479
5 0.220419 0.695661 0.049981 0.132294
9 0.278495 0.700004 0.051000 0.130263
8 0.278553 0.708789 0.052819 0.132709
8 0.333169 0.710194 0.053446 0.139744
8 0.388989 0.712958 0.053877 0.141116
0 0.391257 0.715417 0.058866 0.142790
0 0.446782 0.713200 0.055245 0.135480
10 0.469055 0.771620 0.019127 0.028827
2 0.503339 0.718507 0.051716 0.136762
0 0.560228 0.721948 0.052927 0.134224
