4 0.186552 0.149502 0.051749 0.124423
6 0.239372 0.153782 0.050247 0.134788
9 0.295601 0.158348 0.051163 0.129365
4 0.351961 0.159381 0.051818 0.122065
1 0.418119 0.171004 0.025389 0.117012
9 0.460245 0.174150 0.052805 0.136987
10 0.482679 0.223963 0.017754 0.027766
9 0.516155 0.173727 0.051974 0.133821
1 0.582533 0.179618 0.028336 0.124731
6 0.624095 0.184792 0.049696 0.134980
4 0.681519 0.186956 0.051498 0.119129
0 0.283714 0.345759 0.051335 0.135724
10 0.310862 0.401570 0.019396 0.030846
0 0.338635 0.348563 0.052322 0.138585
0 0.394858 0.354462 0.053192 0.138480
2 0.714497 0.381629 0.053956 0.142195
10 0.737581 0.435052 0.019141 0.032828
4 0.770831 0.382072 0.051191 0.119098
5 0.824707 0.387500 0.047529 0.129338
2 0.220105 0.518989 0.052041 0.134611
6 0.275806 0.521936 0.054157 0.134531
10 0.296580 0.576719 0.019302 0.032804
7 0.334706 0.525564 0.043196 0.125005
1 0.610216 0.554451 0.026068 0.120200
1 0.663041 0.563008 0.025524 0.121509
4 0.705670 0.561511 0.052683 0.116025
10 0.730320 0.617142 0.021395 0.033652
1 0.774840 0.571348 0.026620 0.124781
1 0.219344 0.686628 0.025244 0.114540
1 0.258573 0.691515 0.052099 0.138076
8 0.258820 0.692909 0.051719 0.132859
5 0.313053 0.696565 0.049769 0.135187
2 0.367693 0.698810 0.052965 0.136675
8 0.424056 0.707277 0.054970 0.139595
1 0.424862 0.712423 0.055934 0.144642
10 0.447464 0.766035 0.019742 0.032195
1 0.492099 0.713752 0.026725 0.128362
1 0.548698 0.714745 0.026766 0.128868
