4 0.185533 0.150643 0.049781 0.115184
6 0.239017 0.154843 0.050537 0.134698
9 0.295423 0.159683 0.051429 0.130936
4 0.351901 0.160216 0.052386 0.120636
1 0.418785 0.171704 0.025494 0.117826
9 0.460825 0.173547 0.049169 0.130611
10 0.481141 0.225588 0.017446 0.026703
9 0.516010 0.179635 0.052812 0.132110
1 0.583379 0.183023 0.027112 0.122089
6 0.624158 0.186502 0.050134 0.133624
4 0.681392 0.191488 0.053034 0.119858
0 0.283577 0.342331 0.052723 0.133263
10 0.306701 0.395613 0.020854 0.033281
0 0.338683 0.348847 0.052573 0.139438
0 0.395464 0.353977 0.052716 0.134785
2 0.713843 0.382259 0.054097 0.141204
10 0.736256 0.434234 0.019154 0.032182
4 0.771235 0.381895 0.050740 0.117627
5 0.824306 0.390982 0.049342 0.133490
2 0.219426 0.520013 0.052383 0.134003
6 0.273902 0.522160 0.051672 0.133804
10 0.298151 0.582351 0.018452 0.028763
8 0.330885 0.529014 0.052667 0.135202
1 0.610797 0.553782 0.026139 0.120923
1 0.663719 0.561586 0.024906 0.118839
4 0.706388 0.563194 0.051107 0.118106
10 0.728703 0.620423 0.020182 0.031348
1 0.775146 0.569555 0.026400 0.121535
1 0.220425 0.687232 0.024184 0.112200
1 0.258198 0.691609 0.052837 0.139996
8 0.258512 0.692761 0.052073 0.132356
10 0.281663 0.747417 0.019064 0.028546
5 0.313117 0.695763 0.050031 0.136016
2 0.368031 0.697280 0.052382 0.134388
8 0.423863 0.706041 0.054506 0.138430
1 0.424217 0.711331 0.052990 0.142019
10 0.447479 0.764459 0.019561 0.031720
1 0.493865 0.714383 0.025972 0.125139
1 0.549224 0.714213 0.026530 0.126949
