3 0.203159 0.158052 0.049425 0.130136
8 0.256492 0.159314 0.054603 0.138389
7 0.316083 0.161274 0.050892 0.130440
3 0.369755 0.169087 0.050788 0.135761
7 0.426241 0.170843 0.049764 0.126396
1 0.439715 0.171655 0.022496 0.105734
4 0.481104 0.177060 0.051125 0.125900
10 0.499787 0.226637 0.018138 0.030346
5 0.535882 0.182031 0.052073 0.141134
5 0.590782 0.184226 0.047805 0.133803
3 0.644726 0.189691 0.044382 0.121060
1 0.658990 0.188165 0.032697 0.124181
6 0.702668 0.191483 0.051339 0.139643
5 0.246836 0.347159 0.050300 0.137993
5 0.302617 0.348245 0.050594 0.138028
10 0.329321 0.401918 0.019596 0.032780
8 0.359014 0.352188 0.053305 0.133629
2 0.416157 0.354214 0.053352 0.140106
2 0.740416 0.383678 0.051392 0.134018
4 0.797105 0.382358 0.050804 0.113014
5 0.852275 0.388935 0.049473 0.131980
2 0.238430 0.529358 0.056336 0.145336
5 0.295255 0.530229 0.050467 0.135037
10 0.315995 0.588936 0.020990 0.035685
7 0.356273 0.528153 0.045321 0.129621
1 0.637919 0.560960 0.024766 0.120385
1 0.689722 0.562162 0.026185 0.118927
2 0.731100 0.566163 0.049518 0.135202
10 0.757737 0.618675 0.018300 0.028739
6 0.786950 0.567725 0.050668 0.135643
5 0.220845 0.696240 0.048710 0.132273
9 0.278378 0.699997 0.051643 0.131451
8 0.333870 0.708400 0.053388 0.137909
7 0.394315 0.706407 0.047841 0.134648
4 0.447772 0.715048 0.050597 0.117170
10 0.470719 0.771720 0.020120 0.030499
8 0.503434 0.718022 0.052360 0.132618
5 0.558199 0.720462 0.048152 0.130142
