3 0.202330 0.157574 0.049518 0.134847
8 0.256714 0.159902 0.054706 0.139105
7 0.316859 0.160452 0.050237 0.134204
3 0.370117 0.169642 0.051524 0.138438
1 0.439074 0.172538 0.024400 0.112977
2 0.480536 0.176483 0.053344 0.134916
10 0.503858 0.229334 0.018180 0.027574
3 0.537171 0.180847 0.050998 0.136831
6 0.589755 0.182928 0.053060 0.139401
9 0.648715 0.188214 0.050855 0.131376
7 0.710719 0.187713 0.036544 0.125464
1 0.713137 0.192533 0.035675 0.129037
0 0.302451 0.349827 0.052717 0.140139
10 0.327454 0.402700 0.019743 0.033097
0 0.359377 0.351943 0.053061 0.133785
0 0.416294 0.353282 0.054373 0.137244
2 0.740196 0.380111 0.050429 0.126916
4 0.797646 0.383537 0.050087 0.110213
5 0.852449 0.389113 0.049488 0.132726
2 0.237913 0.528884 0.055413 0.141760
6 0.293408 0.532270 0.051784 0.137580
10 0.319381 0.588754 0.019978 0.028640
5 0.352312 0.530935 0.048932 0.133556
3 0.353066 0.539443 0.051808 0.133003
1 0.637104 0.561843 0.025798 0.114376
1 0.690939 0.563867 0.027064 0.121949
3 0.734114 0.568914 0.049895 0.133130
5 0.734279 0.565770 0.050698 0.135822
10 0.757445 0.624433 0.020367 0.032022
7 0.794356 0.563351 0.045859 0.130270
5 0.221018 0.696472 0.049509 0.133239
9 0.278594 0.700363 0.051243 0.131329
8 0.333304 0.710478 0.053019 0.138322
8 0.389005 0.712976 0.053724 0.140040
0 0.446931 0.713093 0.055117 0.135508
10 0.469226 0.770866 0.018763 0.028961
2 0.503331 0.719122 0.051685 0.136303
0 0.559981 0.722148 0.052406 0.133690
