3 0.201346 0.154925 0.049875 0.136197
8 0.255562 0.156551 0.054258 0.139907
7 0.315983 0.157369 0.050025 0.134664
10 0.338244 0.223434 0.017545 0.030738
5 0.366823 0.164203 0.051221 0.137912
0 0.422402 0.169711 0.053095 0.135769
0 0.478650 0.173158 0.053005 0.134212
10 0.504088 0.225849 0.019465 0.032508
3 0.534654 0.178891 0.051451 0.138925
8 0.588825 0.180678 0.053946 0.133740
2 0.644424 0.187460 0.053176 0.137429
0 0.701009 0.191254 0.053629 0.134875
9 0.246861 0.347180 0.050829 0.130909
2 0.302980 0.346708 0.053634 0.137860
10 0.327196 0.401493 0.020490 0.034199
6 0.358392 0.349891 0.052643 0.134739
3 0.416637 0.360676 0.050349 0.139224
2 0.737495 0.379096 0.050656 0.126626
10 0.763051 0.436510 0.019171 0.032567
4 0.794443 0.382176 0.051312 0.117536
5 0.849594 0.388447 0.050337 0.130539
2 0.237653 0.528618 0.056397 0.140888
7 0.298126 0.531717 0.047573 0.127811
3 0.352073 0.541142 0.050559 0.135152
1 0.636172 0.563573 0.023660 0.117215
1 0.688477 0.562939 0.025628 0.119528
1 0.728830 0.568019 0.050857 0.143762
2 0.730402 0.569143 0.050917 0.135950
10 0.757037 0.619968 0.018361 0.028284
8 0.787024 0.568682 0.053567 0.138410
5 0.219305 0.697770 0.050293 0.135001
9 0.278309 0.703052 0.053363 0.137458
4 0.335183 0.708362 0.055392 0.126809
1 0.403935 0.716391 0.025340 0.119975
9 0.447090 0.714910 0.050740 0.134539
10 0.468436 0.776455 0.019998 0.030099
5 0.500961 0.720259 0.049428 0.135584
7 0.561487 0.717699 0.046276 0.132831
