4 0.186636 0.150463 0.051021 0.121503
6 0.240045 0.154572 0.052232 0.132465
9 0.295588 0.159557 0.051617 0.130588
4 0.352157 0.161175 0.051324 0.119864
1 0.418973 0.172325 0.025389 0.118150
9 0.460151 0.175052 0.053435 0.139294
10 0.482047 0.225013 0.017614 0.026883
9 0.516412 0.175236 0.052175 0.135320
1 0.583344 0.181816 0.027792 0.122257
6 0.624209 0.186068 0.049805 0.132999
4 0.681782 0.188640 0.052042 0.119653
0 0.284021 0.342014 0.052993 0.133492
10 0.308444 0.399872 0.018327 0.026567
0 0.338760 0.348040 0.052362 0.138615
0 0.394997 0.354229 0.052973 0.138043
2 0.713784 0.381619 0.054035 0.141004
10 0.736166 0.433186 0.019098 0.030894
4 0.771342 0.381757 0.051059 0.118113
5 0.824901 0.387711 0.047837 0.129159
2 0.220031 0.519344 0.052131 0.133928
6 0.275864 0.522105 0.053343 0.131761
10 0.296683 0.577521 0.020151 0.031076
1 0.346594 0.527248 0.024331 0.114362
1 0.611585 0.553445 0.026390 0.122660
1 0.664061 0.562308 0.025031 0.122476
3 0.706569 0.566027 0.050822 0.139261
10 0.730173 0.614703 0.019549 0.034068
7 0.764061 0.564679 0.048097 0.129386
1 0.220673 0.687398 0.023878 0.117069
1 0.258266 0.690852 0.052286 0.137350
8 0.258564 0.692320 0.052170 0.133052
5 0.313331 0.694993 0.049801 0.134731
2 0.367947 0.697101 0.052525 0.135008
8 0.423958 0.699710 0.053368 0.133989
1 0.424288 0.710590 0.054349 0.142746
10 0.448043 0.764392 0.019656 0.031691
1 0.494449 0.712709 0.026326 0.127631
1 0.549349 0.711921 0.026286 0.125799
