4 0.189883 0.147537 0.050513 0.118525
6 0.242259 0.153563 0.051726 0.138278
9 0.299500 0.158297 0.051743 0.133474
4 0.354631 0.159227 0.050331 0.119800
1 0.422911 0.166682 0.025907 0.120391
9 0.464313 0.169709 0.051074 0.135672
10 0.487026 0.222712 0.016545 0.026451
9 0.521285 0.173195 0.053897 0.137753
1 0.588907 0.181896 0.024899 0.122495
6 0.628813 0.183299 0.049355 0.135692
4 0.685586 0.189248 0.053810 0.121501
0 0.287156 0.342267 0.053141 0.134028
10 0.310343 0.398718 0.018459 0.027474
0 0.341500 0.347074 0.051857 0.138572
0 0.398813 0.352583 0.053642 0.135675
2 0.718086 0.381917 0.054505 0.140871
10 0.742780 0.434301 0.018382 0.030688
4 0.776080 0.380057 0.051572 0.118968
5 0.830002 0.389159 0.050300 0.133598
2 0.223123 0.521848 0.054131 0.141242
5 0.278772 0.521965 0.049382 0.132656
10 0.301062 0.579357 0.020550 0.033539
5 0.333869 0.528092 0.049968 0.136802
1 0.614822 0.555919 0.025527 0.124411
1 0.669728 0.560249 0.024891 0.122365
2 0.710059 0.559912 0.049506 0.130103
6 0.712389 0.565100 0.061607 0.135548
10 0.732279 0.615750 0.019645 0.030446
6 0.764156 0.565038 0.050576 0.133033
1 0.223350 0.687517 0.024261 0.114366
8 0.262020 0.693294 0.051512 0.135189
1 0.262085 0.691365 0.050589 0.134874
5 0.316356 0.693861 0.048854 0.131077
2 0.371768 0.698158 0.051976 0.138993
5 0.373679 0.698889 0.052779 0.145060
8 0.427518 0.702979 0.054310 0.135203
1 0.427842 0.710749 0.053442 0.142838
10 0.450293 0.766661 0.019750 0.032335
1 0.499220 0.712935 0.025878 0.123741
1 0.553868 0.715770 0.026394 0.131876
