4 0.186031 0.151924 0.049692 0.111621
6 0.240341 0.156344 0.052763 0.133685
9 0.297228 0.163471 0.051756 0.134021
4 0.353283 0.163704 0.051844 0.119275
1 0.420258 0.171604 0.025053 0.117486
9 0.461649 0.177311 0.052443 0.137801
10 0.483946 0.227036 0.017458 0.027542
9 0.517878 0.181278 0.052738 0.134426
1 0.586046 0.185871 0.027080 0.122078
6 0.626385 0.188736 0.050705 0.136106
10 0.649883 0.247055 0.018462 0.028380
4 0.683627 0.191570 0.053839 0.122280
0 0.284105 0.347274 0.052292 0.136837
10 0.312084 0.403820 0.020298 0.033003
0 0.339951 0.351596 0.052276 0.137623
0 0.396672 0.356641 0.053004 0.135665
2 0.716567 0.383759 0.053876 0.141314
10 0.741726 0.434387 0.020996 0.029138
4 0.772432 0.384595 0.052489 0.119180
5 0.828369 0.390868 0.048822 0.132282
2 0.220319 0.522497 0.052725 0.137192
6 0.275559 0.524526 0.053414 0.135919
10 0.298532 0.580298 0.019714 0.032987
3 0.333213 0.532958 0.049167 0.128568
1 0.612647 0.554419 0.026351 0.119162
1 0.666551 0.561591 0.024607 0.116432
4 0.708321 0.563198 0.052359 0.113375
10 0.731001 0.617521 0.020117 0.030207
1 0.776865 0.571179 0.028292 0.127802
1 0.221050 0.689225 0.024710 0.114496
1 0.258900 0.693112 0.052294 0.137931
8 0.259349 0.695047 0.052193 0.137853
5 0.314669 0.699932 0.050774 0.137701
2 0.369010 0.700310 0.052754 0.139968
8 0.425175 0.707884 0.054895 0.138787
1 0.425949 0.713245 0.054290 0.142258
10 0.447576 0.765511 0.020389 0.032739
1 0.495386 0.716885 0.026036 0.124073
1 0.550473 0.719329 0.027138 0.130728
