3 0.205064 0.156345 0.048360 0.137298
8 0.259165 0.159752 0.055176 0.142433
7 0.319824 0.160175 0.049304 0.129103
3 0.372555 0.168172 0.049671 0.136162
1 0.438512 0.169624 0.025973 0.116382
2 0.483290 0.176060 0.051287 0.138062
10 0.505428 0.232583 0.019370 0.028836
3 0.538072 0.179252 0.051097 0.139186
6 0.590528 0.182569 0.053709 0.140866
9 0.650930 0.186777 0.052960 0.137381
7 0.709942 0.187856 0.041626 0.127127
0 0.305825 0.349070 0.050886 0.133233
10 0.329050 0.403978 0.019002 0.032911
0 0.361822 0.351321 0.052293 0.132982
0 0.417722 0.352495 0.054342 0.137839
2 0.741232 0.380172 0.050808 0.129614
10 0.768979 0.434442 0.018350 0.029184
4 0.798814 0.384472 0.051017 0.114927
5 0.853382 0.389673 0.049378 0.133678
2 0.241151 0.529007 0.056398 0.139104
7 0.302328 0.528792 0.046840 0.131684
10 0.322199 0.587151 0.018788 0.032351
4 0.355201 0.537364 0.051919 0.117737
1 0.638266 0.562502 0.026695 0.116007
1 0.690824 0.564259 0.027745 0.122121
4 0.735124 0.565949 0.054722 0.119600
10 0.757315 0.621324 0.019696 0.031634
1 0.804921 0.572756 0.025550 0.109849
5 0.224075 0.699064 0.049188 0.136653
9 0.281119 0.701172 0.052872 0.135225
8 0.335559 0.705877 0.054170 0.138440
8 0.391069 0.713117 0.055578 0.143182
0 0.448391 0.718955 0.053071 0.137321
10 0.474281 0.771796 0.019619 0.031776
2 0.504718 0.720340 0.051451 0.137689
0 0.561244 0.723379 0.053162 0.135135
