4 0.189652 0.149225 0.051583 0.119718
6 0.242466 0.152242 0.051766 0.132517
9 0.299434 0.159890 0.050851 0.131726
4 0.355481 0.159877 0.051279 0.119706
1 0.423004 0.168435 0.025687 0.119396
1 0.462274 0.173195 0.049102 0.136496
9 0.463833 0.172614 0.051070 0.136753
10 0.485923 0.224634 0.017507 0.028132
9 0.519438 0.177587 0.051748 0.133759
1 0.588221 0.179578 0.025763 0.116602
6 0.627650 0.185042 0.050764 0.137821
4 0.684699 0.188289 0.052754 0.121728
0 0.287134 0.341851 0.053423 0.135092
10 0.312169 0.400881 0.019645 0.032002
0 0.341422 0.347853 0.051571 0.138507
0 0.398146 0.353483 0.053464 0.138008
2 0.717085 0.381993 0.053829 0.141463
10 0.738841 0.434588 0.018691 0.030847
4 0.773486 0.381320 0.051433 0.118285
5 0.828295 0.388541 0.048227 0.131738
2 0.222281 0.520165 0.051852 0.136997
6 0.277630 0.522185 0.052371 0.134819
10 0.300658 0.578382 0.020752 0.032205
6 0.332975 0.529600 0.050360 0.136323
1 0.614010 0.557068 0.025426 0.122788
1 0.667653 0.561832 0.025187 0.123768
4 0.708910 0.559820 0.048601 0.116715
10 0.730199 0.618677 0.019098 0.029733
2 0.763431 0.567944 0.050381 0.129906
1 0.223381 0.687510 0.024432 0.114153
8 0.262078 0.693550 0.051326 0.133762
1 0.262153 0.691657 0.050182 0.134179
5 0.316408 0.696495 0.050673 0.136689
2 0.371482 0.698330 0.051736 0.138118
5 0.373245 0.699391 0.052791 0.147688
8 0.427107 0.702620 0.053938 0.134454
1 0.427302 0.711194 0.053105 0.143033
10 0.449873 0.764247 0.019410 0.031392
1 0.497686 0.714256 0.026092 0.126939
1 0.552295 0.715379 0.026982 0.133362
