4 0.191714 0.148190 0.051568 0.116414
6 0.244658 0.156582 0.050380 0.132059
9 0.300344 0.160803 0.051295 0.132062
4 0.355483 0.163916 0.050990 0.124201
7 0.423305 0.168936 0.037027 0.117406
9 0.463194 0.176414 0.048859 0.129053
8 0.465569 0.174635 0.055403 0.157815
10 0.489044 0.228755 0.017863 0.028703
9 0.519920 0.176377 0.053616 0.143911
8 0.522084 0.177586 0.056471 0.167183
6 0.621498 0.188318 0.056249 0.142921
4 0.681801 0.190330 0.052296 0.117833
0 0.288586 0.345763 0.053722 0.133171
10 0.314029 0.400551 0.018004 0.029346
0 0.344069 0.347841 0.053805 0.132261
0 0.400053 0.352066 0.055584 0.138893
2 0.717002 0.384643 0.053452 0.135482
10 0.739334 0.436412 0.018656 0.036891
4 0.772071 0.387019 0.052636 0.117097
5 0.826093 0.392107 0.049018 0.134401
2 0.225795 0.522939 0.053638 0.140419
6 0.226490 0.525844 0.056418 0.133680
7 0.285865 0.522443 0.047669 0.133632
10 0.305609 0.582855 0.019009 0.032609
0 0.336041 0.532364 0.051723 0.126295
3 0.337055 0.529740 0.050410 0.134935
1 0.613684 0.553074 0.025260 0.115884
1 0.664906 0.563466 0.027288 0.125538
4 0.665344 0.563874 0.027543 0.100875
4 0.708003 0.564599 0.053190 0.122681
1 0.776581 0.569318 0.027142 0.121516
1 0.225733 0.685865 0.023769 0.108017
8 0.264250 0.692915 0.049600 0.132373
5 0.318324 0.696473 0.049487 0.134747
2 0.371603 0.700234 0.052934 0.139340
8 0.427686 0.704841 0.054684 0.136845
10 0.448653 0.759446 0.018734 0.032430
1 0.497198 0.707640 0.028272 0.130207
1 0.550287 0.708001 0.028997 0.119230
