4 0.187341 0.151859 0.051353 0.121537
6 0.239920 0.156906 0.050612 0.134459
9 0.297001 0.163435 0.051167 0.131434
4 0.353360 0.163278 0.051360 0.118579
1 0.421105 0.172235 0.025394 0.117737
9 0.461954 0.175082 0.050869 0.136020
10 0.482507 0.226831 0.017542 0.027269
9 0.517826 0.180930 0.052415 0.131853
1 0.586259 0.184134 0.026825 0.121966
6 0.626379 0.188148 0.049721 0.132627
4 0.683358 0.190949 0.052585 0.119375
0 0.284418 0.347152 0.051659 0.135025
10 0.311074 0.402925 0.019513 0.030432
0 0.339878 0.350668 0.052543 0.139634
0 0.396575 0.356322 0.053106 0.136658
2 0.716540 0.383988 0.054110 0.140711
10 0.737841 0.435693 0.018643 0.031534
4 0.773016 0.384374 0.051931 0.118445
5 0.827794 0.390076 0.048004 0.129839
2 0.220521 0.521882 0.052853 0.136619
6 0.276592 0.523898 0.053620 0.135849
10 0.298421 0.584336 0.018219 0.028302
1 0.347970 0.534228 0.025102 0.118067
1 0.612394 0.555666 0.026864 0.122306
1 0.667169 0.563808 0.024968 0.122920
3 0.706874 0.565432 0.049004 0.133284
10 0.730108 0.616643 0.017166 0.028711
6 0.759539 0.568565 0.050762 0.138968
1 0.220885 0.689176 0.024620 0.114542
1 0.258884 0.692512 0.053426 0.137776
8 0.259450 0.693752 0.052086 0.136128
5 0.314486 0.699150 0.050305 0.136418
2 0.369373 0.699790 0.052624 0.139018
8 0.425096 0.707813 0.054914 0.139610
1 0.426097 0.712765 0.055293 0.143281
10 0.447247 0.765503 0.019542 0.030237
1 0.495135 0.717609 0.026539 0.124843
1 0.551123 0.718381 0.027735 0.134115
