4 0.185647 0.148773 0.050021 0.116391
6 0.240236 0.152877 0.052394 0.133778
9 0.295977 0.159907 0.051629 0.131368
4 0.352167 0.159523 0.052177 0.121620
1 0.419562 0.169919 0.025600 0.119844
9 0.460222 0.173636 0.053569 0.140499
10 0.482123 0.223946 0.017632 0.026992
9 0.516647 0.174487 0.051932 0.136050
1 0.583928 0.180660 0.027157 0.121446
6 0.624448 0.185128 0.050254 0.135005
4 0.681880 0.189893 0.053357 0.121293
0 0.284123 0.341794 0.052656 0.133408
10 0.308024 0.399058 0.018442 0.027074
0 0.338716 0.348541 0.052347 0.139252
0 0.394592 0.353541 0.052806 0.138898
2 0.713975 0.381970 0.053942 0.140922
10 0.735395 0.433412 0.018762 0.031189
4 0.771032 0.381486 0.050996 0.118366
5 0.824886 0.387634 0.047864 0.130187
2 0.220062 0.519622 0.051804 0.133478
6 0.275832 0.522093 0.053917 0.133680
10 0.297028 0.579381 0.020631 0.031708
1 0.346178 0.527628 0.025103 0.117385
1 0.611423 0.554654 0.026412 0.122525
1 0.664023 0.562537 0.025085 0.123756
1 0.706425 0.564385 0.050363 0.142308
3 0.706449 0.566608 0.051083 0.140997
10 0.729724 0.616173 0.019834 0.034609
7 0.764518 0.564314 0.046752 0.130825
1 0.220853 0.687911 0.023992 0.118326
1 0.258160 0.691630 0.052089 0.137624
8 0.258824 0.693168 0.051781 0.133056
5 0.313108 0.695835 0.049908 0.135885
2 0.368452 0.698128 0.052272 0.134864
8 0.424152 0.700541 0.053076 0.134019
1 0.424693 0.712186 0.054648 0.143583
10 0.446500 0.765077 0.019922 0.031130
1 0.492847 0.714050 0.026511 0.127433
1 0.549065 0.714391 0.026501 0.126672
