4 0.189470 0.149412 0.050800 0.121551
6 0.242231 0.153479 0.051755 0.133838
9 0.298790 0.160504 0.050515 0.133453
4 0.353868 0.160161 0.050547 0.120204
1 0.421620 0.168896 0.025566 0.119758
1 0.460852 0.172421 0.050010 0.138884
9 0.461713 0.174193 0.052423 0.139793
10 0.483166 0.224469 0.017354 0.027296
9 0.517558 0.177595 0.052648 0.132531
1 0.585255 0.182462 0.026730 0.122176
6 0.625852 0.184807 0.050227 0.134668
4 0.682388 0.187738 0.051715 0.120157
0 0.286462 0.342788 0.053754 0.137653
10 0.312094 0.401490 0.019365 0.031715
0 0.340427 0.348223 0.052220 0.139852
0 0.395917 0.354349 0.052422 0.138048
2 0.714670 0.381883 0.053950 0.141464
10 0.737899 0.433377 0.018943 0.032209
4 0.771651 0.381926 0.051319 0.117800
5 0.825718 0.388234 0.047910 0.129408
2 0.222890 0.521712 0.054105 0.140986
7 0.281501 0.521960 0.045840 0.131535
0 0.283681 0.527541 0.052133 0.139242
10 0.303109 0.578613 0.017823 0.030345
0 0.333784 0.526496 0.052797 0.134346
1 0.611860 0.554919 0.026681 0.122985
1 0.664881 0.562153 0.025284 0.122992
4 0.706921 0.561404 0.052852 0.116353
10 0.731223 0.617004 0.021177 0.032901
1 0.775637 0.570408 0.027313 0.129090
1 0.222076 0.687442 0.024636 0.114177
8 0.261025 0.693211 0.051745 0.134388
1 0.261220 0.691619 0.050835 0.135940
5 0.315559 0.695799 0.050307 0.135377
2 0.370423 0.698102 0.052376 0.134850
8 0.425545 0.707608 0.053979 0.138247
1 0.426111 0.711693 0.052879 0.143054
10 0.449640 0.764862 0.019509 0.031691
1 0.496405 0.713888 0.026043 0.124307
1 0.550560 0.713437 0.026475 0.127581
