4 0.187609 0.145094 0.052889 0.124738
6 0.239814 0.151153 0.051342 0.130973
9 0.296352 0.155604 0.052256 0.130938
4 0.352849 0.155795 0.052432 0.123162
7 0.413849 0.160881 0.043755 0.135400
1 0.419123 0.166098 0.027190 0.126224
9 0.461501 0.169532 0.049623 0.127062
10 0.483936 0.222130 0.017056 0.026687
9 0.518595 0.171382 0.052698 0.137350
1 0.586081 0.177502 0.028968 0.124468
6 0.626385 0.182269 0.050188 0.138302
4 0.683378 0.185453 0.054044 0.126230
0 0.285381 0.340917 0.052813 0.133766
10 0.308278 0.393177 0.021644 0.036528
0 0.339790 0.346966 0.051791 0.133957
0 0.395175 0.350568 0.052963 0.137890
2 0.716222 0.380489 0.054452 0.139488
4 0.773376 0.379295 0.051072 0.121778
5 0.827810 0.387185 0.050180 0.135194
8 0.220586 0.522666 0.054897 0.142502
6 0.220753 0.516645 0.053363 0.137761
2 0.221032 0.517935 0.051843 0.139846
8 0.275340 0.522031 0.051463 0.132956
6 0.276184 0.520697 0.053161 0.133800
10 0.299420 0.575357 0.019031 0.032743
3 0.333109 0.529415 0.048616 0.127904
1 0.612169 0.554722 0.025219 0.120142
1 0.666361 0.560571 0.025973 0.126858
4 0.708932 0.558012 0.050408 0.120278
10 0.730630 0.617482 0.019367 0.030995
1 0.777298 0.570519 0.027451 0.127728
1 0.221036 0.687299 0.024120 0.118758
8 0.259840 0.692012 0.051983 0.133030
1 0.259905 0.690477 0.051775 0.137912
5 0.314395 0.694733 0.050462 0.138324
2 0.369586 0.696588 0.052509 0.135456
8 0.425626 0.699191 0.054219 0.136248
1 0.426878 0.710397 0.057668 0.143088
10 0.449718 0.764641 0.020370 0.033285
1 0.494960 0.712484 0.027122 0.127906
1 0.550053 0.711592 0.026256 0.126978
