3 0.203009 0.158199 0.049822 0.129718
8 0.256827 0.159389 0.055100 0.139252
7 0.316933 0.159303 0.051081 0.131208
3 0.370030 0.169394 0.050723 0.136285
7 0.426959 0.171544 0.049052 0.128537
7 0.482711 0.170259 0.049201 0.129180
10 0.504839 0.227887 0.020339 0.033699
8 0.535552 0.179265 0.052552 0.135772
2 0.590766 0.184444 0.051449 0.135717
1 0.660431 0.188662 0.032154 0.125470
9 0.704119 0.192271 0.052005 0.128776
4 0.705292 0.190497 0.049944 0.117460
5 0.247574 0.346529 0.048884 0.139695
5 0.297684 0.347125 0.069211 0.125107
4 0.305073 0.346465 0.053915 0.120925
10 0.323758 0.399023 0.016798 0.028286
5 0.360246 0.350888 0.048902 0.131911
7 0.418748 0.348669 0.050133 0.133013
2 0.740737 0.383748 0.051766 0.134491
4 0.797282 0.383041 0.049632 0.110716
5 0.852196 0.389227 0.049751 0.132887
2 0.238762 0.528870 0.055938 0.144459
5 0.294113 0.532035 0.049062 0.133854
10 0.318079 0.585874 0.019271 0.029488
8 0.352125 0.531863 0.052694 0.136524
1 0.637206 0.561036 0.025005 0.112952
1 0.689786 0.561725 0.026334 0.118869
2 0.732057 0.566024 0.049793 0.134862
1 0.732593 0.566526 0.050725 0.145168
10 0.756658 0.618998 0.018940 0.029489
2 0.786686 0.565897 0.047470 0.134801
5 0.787539 0.568237 0.049250 0.136616
5 0.220781 0.696043 0.048905 0.132768
9 0.278323 0.700133 0.051135 0.130905
8 0.333741 0.703738 0.054015 0.137981
6 0.390056 0.706456 0.051708 0.137009
6 0.445126 0.712306 0.051942 0.136383
10 0.469739 0.771593 0.020277 0.029949
8 0.503753 0.718296 0.053255 0.135928
4 0.560911 0.725778 0.052800 0.120136
