3 0.203112 0.157855 0.049728 0.131287
8 0.256968 0.159521 0.055020 0.139448
7 0.317138 0.160486 0.049571 0.132673
10 0.337272 0.224113 0.018717 0.030383
3 0.370633 0.168818 0.050956 0.137208
1 0.438586 0.171414 0.024370 0.110640
2 0.480465 0.175865 0.053217 0.135515
10 0.504753 0.229123 0.018717 0.027958
5 0.536460 0.178738 0.052235 0.138916
3 0.537304 0.180771 0.050820 0.136301
6 0.589891 0.183472 0.053146 0.141043
9 0.648801 0.188597 0.052163 0.136333
1 0.711830 0.194135 0.036119 0.124828
0 0.302381 0.350589 0.053066 0.139913
10 0.322555 0.401711 0.019949 0.026199
0 0.359511 0.351953 0.052834 0.133491
0 0.416515 0.353038 0.055065 0.140870
2 0.740327 0.379808 0.050254 0.127037
10 0.766256 0.436756 0.018906 0.033262
4 0.797166 0.383782 0.050013 0.111113
5 0.852271 0.389038 0.049527 0.132432
2 0.238099 0.528823 0.055199 0.141775
6 0.294542 0.531613 0.051056 0.133218
10 0.316735 0.591349 0.019834 0.034763
1 0.366644 0.541513 0.025081 0.114687
1 0.637838 0.561784 0.025734 0.115731
1 0.690918 0.563118 0.027563 0.123523
3 0.732860 0.566589 0.050094 0.137881
10 0.757495 0.622684 0.019844 0.031579
9 0.789352 0.570482 0.050931 0.134615
5 0.220752 0.695975 0.049596 0.133115
9 0.278545 0.700069 0.051369 0.130817
8 0.333203 0.710001 0.053484 0.139579
8 0.388995 0.712263 0.053754 0.140381
0 0.446804 0.712513 0.055118 0.135621
10 0.469038 0.771271 0.019054 0.028573
2 0.503165 0.718431 0.051484 0.136310
0 0.560136 0.721787 0.052686 0.133777
8 0.840302 0.709819 0.035350 0.072351
