3 0.202667 0.157719 0.049178 0.136464
8 0.256567 0.159635 0.054373 0.138497
7 0.316584 0.160153 0.050072 0.135110
10 0.335446 0.224859 0.019373 0.035697
3 0.369789 0.166733 0.052106 0.139151
7 0.428181 0.168533 0.046900 0.126742
1 0.433689 0.173377 0.029436 0.109249
2 0.479984 0.176446 0.054254 0.135395
10 0.505594 0.229162 0.019404 0.028818
5 0.536696 0.178692 0.051805 0.139233
3 0.537523 0.181392 0.050938 0.136191
6 0.590164 0.183974 0.052722 0.138910
9 0.648510 0.188859 0.051093 0.132595
7 0.707162 0.187638 0.043537 0.126923
0 0.302343 0.351535 0.052429 0.139986
10 0.327822 0.403370 0.020472 0.036603
0 0.359475 0.351932 0.052959 0.133449
0 0.416149 0.353239 0.054669 0.137677
2 0.739769 0.379991 0.050728 0.127651
10 0.767694 0.431567 0.021675 0.035210
4 0.798077 0.384277 0.050590 0.111632
5 0.852505 0.389671 0.049442 0.133841
2 0.238371 0.528906 0.056670 0.139762
7 0.299415 0.528128 0.049270 0.136580
10 0.318086 0.587726 0.016599 0.029265
0 0.353223 0.539640 0.054274 0.134492
1 0.637237 0.561271 0.025440 0.111243
1 0.689348 0.561625 0.028055 0.119592
4 0.734268 0.565881 0.050780 0.118056
10 0.754465 0.623946 0.020639 0.031201
1 0.804150 0.573904 0.025781 0.116719
5 0.221079 0.696441 0.049437 0.133905
9 0.278537 0.700426 0.051943 0.131590
8 0.332999 0.710553 0.053310 0.138942
8 0.388918 0.712790 0.053625 0.139886
0 0.446661 0.713239 0.054839 0.134944
10 0.469046 0.771432 0.019244 0.028688
2 0.502908 0.719328 0.051786 0.136300
0 0.560031 0.722289 0.052782 0.133736
