3 0.202888 0.157781 0.050665 0.132889
9 0.203270 0.158716 0.047642 0.129342
8 0.257365 0.160918 0.055176 0.143454
7 0.318131 0.159723 0.046250 0.132601
3 0.370291 0.167367 0.052000 0.133867
1 0.439669 0.169370 0.024552 0.109027
2 0.482793 0.177146 0.051156 0.139811
10 0.503357 0.230608 0.020538 0.031846
2 0.536287 0.178614 0.055800 0.138755
9 0.537010 0.178243 0.053719 0.140127
3 0.537117 0.179710 0.050536 0.137222
6 0.589461 0.183186 0.053343 0.144607
9 0.649427 0.186842 0.052534 0.136181
0 0.304263 0.348916 0.050064 0.131819
10 0.324688 0.401180 0.020482 0.027053
0 0.359981 0.352312 0.053104 0.133130
0 0.416792 0.353236 0.055039 0.137390
2 0.739960 0.381782 0.051527 0.133640
4 0.797889 0.384854 0.051291 0.115285
5 0.853047 0.390254 0.049346 0.135545
2 0.238672 0.529743 0.054800 0.140530
6 0.294412 0.530320 0.053190 0.137344
10 0.317659 0.586078 0.018777 0.029603
4 0.352483 0.538355 0.053417 0.115501
1 0.638242 0.559489 0.026533 0.114531
1 0.689332 0.561700 0.028342 0.124007
3 0.733622 0.568500 0.048034 0.132271
1 0.734030 0.567224 0.046575 0.137453
5 0.734051 0.568584 0.045645 0.136153
10 0.757505 0.619019 0.016843 0.026534
6 0.787548 0.567140 0.051943 0.137012
2 0.220454 0.699693 0.050764 0.139173
5 0.220966 0.697721 0.049701 0.135038
9 0.279099 0.700428 0.051771 0.131116
8 0.279384 0.707762 0.053984 0.137679
8 0.333769 0.704403 0.054005 0.138179
8 0.389215 0.712973 0.053613 0.139255
0 0.392027 0.715593 0.061058 0.143381
0 0.447223 0.713309 0.054945 0.135938
10 0.468757 0.772802 0.018727 0.029888
2 0.504221 0.719426 0.051509 0.134949
0 0.560443 0.722216 0.052967 0.134156
