3 0.202848 0.156126 0.049528 0.136244
9 0.204279 0.155240 0.046977 0.126711
8 0.257333 0.158885 0.055453 0.141563
7 0.315589 0.159210 0.051459 0.133910
3 0.369928 0.165548 0.054128 0.136894
1 0.432851 0.170353 0.032407 0.120424
2 0.480442 0.176550 0.054025 0.144772
10 0.496677 0.233413 0.021052 0.029190
3 0.537579 0.178595 0.051898 0.141276
6 0.590295 0.183842 0.052858 0.141853
9 0.648274 0.188631 0.050187 0.132727
7 0.706914 0.187653 0.039902 0.119193
0 0.303855 0.348404 0.050497 0.133079
10 0.329433 0.404113 0.019608 0.035133
0 0.359727 0.351777 0.053072 0.134355
0 0.416511 0.354203 0.054713 0.137245
2 0.740398 0.380173 0.050906 0.128140
4 0.797831 0.384514 0.050522 0.112185
5 0.852657 0.389890 0.049610 0.134652
2 0.238120 0.529109 0.054770 0.140546
6 0.294077 0.530275 0.053995 0.139577
10 0.316787 0.587730 0.019255 0.030368
4 0.352728 0.538268 0.053889 0.113988
1 0.637786 0.560549 0.025732 0.121231
1 0.691802 0.562695 0.027193 0.123005
3 0.733785 0.568919 0.048444 0.131626
1 0.734557 0.567899 0.045968 0.136037
10 0.756574 0.618754 0.016360 0.025870
6 0.787525 0.567392 0.051831 0.134729
5 0.220801 0.696474 0.049483 0.133919
9 0.278680 0.700609 0.051801 0.133821
8 0.279707 0.709635 0.056119 0.133996
8 0.333627 0.705358 0.054120 0.139029
10 0.360137 0.765262 0.020126 0.033600
8 0.390914 0.706726 0.053182 0.137286
0 0.446803 0.714296 0.054664 0.136490
10 0.468966 0.772008 0.019642 0.029830
2 0.503259 0.719417 0.051251 0.136000
0 0.560102 0.722031 0.053174 0.134221
