4 0.182701 0.151179 0.050148 0.117145
6 0.236703 0.156531 0.052486 0.135102
9 0.291806 0.159115 0.050456 0.131965
4 0.293586 0.161749 0.052520 0.133640
4 0.348281 0.162627 0.051785 0.117539
1 0.416603 0.171084 0.025114 0.117461
9 0.458153 0.174345 0.049830 0.135665
10 0.479821 0.231104 0.019064 0.030279
9 0.513697 0.180030 0.052794 0.134460
1 0.582780 0.183331 0.026594 0.122607
1 0.621456 0.184650 0.053124 0.139510
6 0.621849 0.187366 0.051203 0.137702
4 0.679518 0.191834 0.052358 0.117174
0 0.280210 0.347930 0.052857 0.136870
10 0.306333 0.403539 0.019966 0.031408
0 0.336735 0.352528 0.052293 0.137243
0 0.393424 0.351456 0.053101 0.138091
2 0.712329 0.384526 0.052405 0.133973
10 0.735958 0.436065 0.019013 0.032673
4 0.769689 0.384291 0.051078 0.117528
5 0.824293 0.389807 0.049557 0.134485
2 0.216287 0.523000 0.052226 0.133870
6 0.270495 0.526320 0.052209 0.137965
10 0.296239 0.586748 0.019448 0.030633
0 0.328153 0.535080 0.055204 0.140250
1 0.608831 0.557227 0.027378 0.122474
1 0.661961 0.565260 0.024422 0.121035
2 0.703153 0.564271 0.052606 0.136052
10 0.728097 0.620532 0.018908 0.029605
5 0.757904 0.566815 0.049678 0.136806
1 0.216754 0.692902 0.024460 0.111831
1 0.254856 0.695454 0.051879 0.137445
8 0.254891 0.696390 0.051102 0.133966
5 0.309471 0.699265 0.051287 0.139697
2 0.364956 0.710167 0.053034 0.135963
8 0.421546 0.705681 0.053952 0.138303
1 0.422020 0.717538 0.054107 0.143580
10 0.445783 0.765023 0.021291 0.034480
1 0.491671 0.720734 0.026353 0.124337
1 0.546089 0.720607 0.028232 0.128869
