3 0.202238 0.157235 0.049852 0.136240
8 0.256644 0.159240 0.054834 0.139561
7 0.317167 0.160163 0.049620 0.134659
10 0.336153 0.223560 0.018906 0.034963
3 0.370750 0.169203 0.050753 0.137134
1 0.438503 0.173566 0.025140 0.113701
2 0.480596 0.175793 0.053014 0.135088
10 0.504478 0.229540 0.019009 0.028113
3 0.536990 0.180778 0.050884 0.135614
6 0.590090 0.183549 0.053040 0.138588
9 0.648857 0.188676 0.051282 0.132241
1 0.710114 0.187742 0.034512 0.123009
0 0.303242 0.348800 0.049999 0.134335
10 0.322773 0.401783 0.020114 0.026346
0 0.359383 0.351890 0.052916 0.134381
0 0.416100 0.353123 0.054504 0.137335
2 0.740467 0.379432 0.050277 0.126216
4 0.797254 0.382617 0.051191 0.114679
5 0.852292 0.388739 0.049060 0.130803
2 0.237863 0.528925 0.055001 0.141070
6 0.292550 0.532163 0.051372 0.138086
10 0.318363 0.586279 0.019990 0.030073
8 0.352289 0.531988 0.052819 0.136716
1 0.636726 0.560448 0.025421 0.112375
1 0.689248 0.561756 0.028512 0.119974
4 0.734253 0.565933 0.050314 0.117417
10 0.756737 0.622758 0.021178 0.031890
1 0.804070 0.573180 0.025788 0.117867
5 0.220781 0.696470 0.049583 0.133910
9 0.278471 0.700275 0.051181 0.130985
8 0.333014 0.710455 0.053153 0.138638
8 0.388806 0.712568 0.053639 0.139690
0 0.446600 0.712758 0.054810 0.135606
10 0.468756 0.772619 0.019454 0.029069
2 0.503168 0.718786 0.052096 0.137183
0 0.560167 0.722118 0.052752 0.134456
