3 0.203496 0.158150 0.049317 0.129672
8 0.256931 0.159948 0.054876 0.139588
7 0.316857 0.159117 0.049664 0.134445
3 0.370196 0.167199 0.051992 0.139297
7 0.428270 0.170512 0.046234 0.130709
1 0.436932 0.170914 0.025283 0.110398
2 0.481668 0.175437 0.051216 0.132962
10 0.503754 0.228871 0.018474 0.028636
5 0.536754 0.178868 0.052288 0.139192
3 0.537188 0.181061 0.050877 0.136346
6 0.590338 0.183391 0.052892 0.135217
9 0.648620 0.188525 0.051585 0.133132
0 0.302203 0.351614 0.052625 0.140610
10 0.327806 0.402203 0.020545 0.039291
0 0.359161 0.351184 0.053146 0.134127
0 0.416110 0.352506 0.054052 0.136500
2 0.740348 0.380633 0.050536 0.130564
4 0.796963 0.382616 0.051404 0.113383
5 0.852218 0.389095 0.049522 0.133422
2 0.237953 0.528749 0.055207 0.142065
6 0.293309 0.531721 0.051765 0.136633
10 0.319071 0.586537 0.018396 0.029633
3 0.353206 0.539094 0.051031 0.130680
5 0.353649 0.531531 0.049849 0.132272
1 0.637456 0.561305 0.025325 0.112419
1 0.690559 0.562345 0.027229 0.121780
3 0.732843 0.568445 0.049411 0.133696
1 0.733349 0.567779 0.047682 0.137961
10 0.757332 0.618883 0.017201 0.026601
6 0.787362 0.567389 0.051460 0.135487
5 0.220758 0.696374 0.048841 0.133108
9 0.278502 0.700193 0.051014 0.131214
8 0.333255 0.710389 0.053048 0.138311
8 0.388834 0.712817 0.053573 0.139882
0 0.446788 0.713638 0.054731 0.135020
10 0.469089 0.771724 0.019115 0.029140
2 0.503227 0.718814 0.052042 0.136477
0 0.560018 0.722109 0.052427 0.133376
