3 0.202956 0.157293 0.048135 0.134228
8 0.256843 0.159716 0.055180 0.140887
7 0.316899 0.159316 0.050949 0.131361
3 0.370556 0.169121 0.051168 0.137217
7 0.431780 0.171703 0.037802 0.132268
1 0.437849 0.171960 0.024163 0.109019
2 0.481554 0.176329 0.051625 0.134696
10 0.505723 0.229118 0.018804 0.028244
5 0.536736 0.178813 0.051993 0.138666
3 0.537368 0.180399 0.050388 0.135970
6 0.589980 0.183544 0.053933 0.142720
10 0.615084 0.240153 0.018978 0.029407
9 0.648906 0.188449 0.051330 0.132698
0 0.302242 0.349351 0.052934 0.140221
10 0.322347 0.401919 0.020274 0.026766
0 0.359447 0.352337 0.053172 0.134660
0 0.416115 0.353245 0.054625 0.137715
2 0.740765 0.383919 0.051048 0.132952
4 0.797239 0.382807 0.051530 0.113348
5 0.852211 0.389285 0.049422 0.133432
2 0.237982 0.528763 0.054887 0.140278
6 0.292054 0.531658 0.051222 0.136672
10 0.318475 0.585891 0.019857 0.029676
8 0.352301 0.531908 0.052559 0.136160
1 0.636650 0.561078 0.025558 0.112134
1 0.689164 0.562007 0.028569 0.119564
4 0.734605 0.566452 0.050366 0.118244
10 0.754969 0.622821 0.020144 0.031097
1 0.803571 0.570849 0.025405 0.116639
5 0.220410 0.695799 0.049807 0.132534
9 0.278776 0.700158 0.051281 0.130883
8 0.279364 0.707684 0.054410 0.135456
8 0.333164 0.710270 0.053468 0.139777
8 0.388769 0.713080 0.053833 0.140451
0 0.446747 0.713644 0.054866 0.135897
10 0.469164 0.771415 0.019290 0.029159
2 0.502895 0.719335 0.052189 0.136980
0 0.559935 0.722371 0.052402 0.134290
