4 0.189631 0.150372 0.051191 0.120192
6 0.242448 0.153464 0.051719 0.132394
9 0.299558 0.161089 0.050700 0.131173
4 0.355531 0.160892 0.050566 0.117045
1 0.422636 0.169946 0.025735 0.118078
9 0.463709 0.173497 0.050661 0.135206
10 0.486090 0.225174 0.017011 0.027245
9 0.519642 0.178106 0.051746 0.134342
1 0.588294 0.182084 0.025895 0.119415
6 0.627706 0.185505 0.050647 0.135238
4 0.685044 0.190842 0.052695 0.116507
0 0.287394 0.342999 0.053671 0.136560
10 0.312077 0.402443 0.019846 0.032127
0 0.341795 0.349175 0.051715 0.137839
0 0.398461 0.355105 0.053309 0.137054
2 0.716681 0.382187 0.054005 0.141062
10 0.739650 0.435282 0.018811 0.031070
4 0.773561 0.381692 0.051744 0.118617
5 0.828340 0.389094 0.047865 0.130922
2 0.222822 0.519664 0.053416 0.138839
5 0.278648 0.522653 0.049225 0.134215
10 0.301256 0.579125 0.019529 0.032454
9 0.334952 0.529959 0.050412 0.131996
1 0.614291 0.553444 0.026012 0.117681
1 0.668177 0.560953 0.024588 0.118889
4 0.708670 0.562567 0.048139 0.113983
10 0.730721 0.612696 0.017894 0.029026
0 0.762173 0.567669 0.053346 0.134571
1 0.223405 0.686647 0.024124 0.113043
8 0.261871 0.692866 0.051430 0.133879
1 0.262139 0.690952 0.049962 0.134674
5 0.316265 0.693508 0.049127 0.130726
5 0.369456 0.698806 0.055334 0.136956
2 0.371479 0.697259 0.051883 0.138083
1 0.427242 0.709816 0.052509 0.141378
8 0.427268 0.701892 0.054286 0.134832
10 0.448686 0.763967 0.019728 0.031245
1 0.498063 0.712016 0.026048 0.125509
1 0.552596 0.714156 0.026827 0.131714
