4 0.187485 0.146183 0.053707 0.122929
6 0.240106 0.151320 0.050810 0.131723
9 0.296594 0.156057 0.052621 0.131713
4 0.353140 0.157728 0.051497 0.119132
1 0.421188 0.164591 0.025781 0.121678
9 0.460997 0.167801 0.049041 0.128964
10 0.484576 0.222308 0.016954 0.026240
9 0.518278 0.171336 0.052235 0.136444
1 0.586187 0.178935 0.026228 0.114790
6 0.626561 0.182647 0.049764 0.135876
4 0.683741 0.185836 0.054257 0.121023
0 0.284441 0.343335 0.051038 0.132883
10 0.307524 0.392539 0.020419 0.033188
0 0.341083 0.343429 0.051821 0.135794
0 0.395559 0.348706 0.053908 0.142160
2 0.715860 0.379259 0.052439 0.137438
10 0.739225 0.431066 0.019034 0.031269
4 0.773506 0.378298 0.051314 0.120399
5 0.827240 0.387137 0.049672 0.136140
2 0.220458 0.517624 0.051491 0.139525
6 0.221084 0.515759 0.052380 0.136909
6 0.276551 0.520913 0.054184 0.134312
10 0.297842 0.576645 0.020266 0.031129
1 0.347529 0.527771 0.025322 0.120764
1 0.612634 0.553614 0.025326 0.123055
1 0.666998 0.560052 0.025924 0.131201
3 0.707721 0.563982 0.049640 0.137103
10 0.730327 0.613090 0.019176 0.029754
6 0.761055 0.565326 0.052225 0.139257
1 0.221392 0.686670 0.024135 0.118816
1 0.259692 0.690376 0.052408 0.137396
8 0.259936 0.691567 0.052618 0.133915
5 0.314402 0.694808 0.050293 0.136857
2 0.369442 0.696567 0.052706 0.135935
8 0.425239 0.698694 0.053851 0.135596
1 0.426254 0.709697 0.055397 0.141615
10 0.446753 0.763461 0.019704 0.031511
1 0.495853 0.712773 0.026389 0.126312
1 0.550630 0.710363 0.026988 0.130686
