3 0.202321 0.156774 0.049712 0.136002
8 0.256975 0.158898 0.054765 0.139036
7 0.316927 0.159294 0.049359 0.131803
3 0.370206 0.169089 0.052194 0.141359
1 0.439067 0.171391 0.024916 0.115253
2 0.481221 0.175181 0.053201 0.134846
10 0.503923 0.229273 0.018418 0.028207
3 0.537513 0.180942 0.050481 0.136577
6 0.589774 0.183512 0.052924 0.140277
9 0.648288 0.188290 0.052149 0.134121
1 0.711822 0.193357 0.036465 0.127602
0 0.302278 0.350930 0.052105 0.140258
10 0.323205 0.401878 0.019974 0.026082
0 0.359502 0.351635 0.053056 0.134561
0 0.416325 0.352662 0.054947 0.139889
2 0.740021 0.380120 0.050363 0.127256
4 0.797514 0.383786 0.050235 0.111862
2 0.851698 0.383865 0.047384 0.130494
5 0.852267 0.388959 0.049445 0.132619
2 0.238085 0.528623 0.054689 0.139489
6 0.293840 0.530144 0.053759 0.137054
10 0.317483 0.585578 0.018723 0.029090
4 0.352782 0.537697 0.052816 0.112529
1 0.637260 0.561675 0.025240 0.123263
1 0.691160 0.563336 0.026805 0.121582
3 0.732758 0.568733 0.049601 0.136846
10 0.757863 0.619022 0.017083 0.026626
6 0.787201 0.567653 0.051485 0.135531
5 0.220714 0.696251 0.049585 0.134130
8 0.278610 0.708546 0.052448 0.133351
9 0.278671 0.699923 0.050881 0.130655
8 0.333152 0.710343 0.053497 0.139367
8 0.389017 0.712649 0.053728 0.140013
0 0.446685 0.712875 0.054985 0.135403
10 0.469278 0.771076 0.019152 0.029449
2 0.503050 0.718663 0.051192 0.136556
0 0.559973 0.721752 0.052691 0.134404
