4 0.186873 0.145635 0.052822 0.120896
6 0.240538 0.149188 0.053516 0.138141
9 0.296738 0.156150 0.052438 0.131009
4 0.352581 0.158693 0.053035 0.120298
1 0.421269 0.165556 0.025620 0.120929
9 0.461238 0.168112 0.050128 0.134896
10 0.485095 0.222441 0.016943 0.025958
9 0.518355 0.171927 0.052065 0.137607
1 0.586554 0.178421 0.026211 0.119252
6 0.626432 0.183472 0.049265 0.135678
4 0.684410 0.186864 0.054415 0.120072
0 0.284585 0.343404 0.052889 0.137991
10 0.309874 0.398654 0.017822 0.025820
0 0.340081 0.346220 0.052520 0.135989
0 0.395722 0.350079 0.054052 0.141369
2 0.715704 0.379376 0.052658 0.139362
10 0.738704 0.431675 0.019482 0.031739
4 0.773257 0.378581 0.051185 0.120810
5 0.827761 0.386406 0.047493 0.129947
2 0.220788 0.518011 0.051920 0.141483
6 0.276719 0.521012 0.053378 0.133018
10 0.297652 0.576684 0.020106 0.030850
1 0.347357 0.526817 0.027217 0.125927
1 0.612629 0.553802 0.025470 0.120962
1 0.666621 0.559889 0.025811 0.127445
3 0.708976 0.564789 0.050305 0.136384
10 0.731390 0.613176 0.019437 0.033241
7 0.766525 0.563229 0.049613 0.131198
1 0.221393 0.686053 0.024038 0.113881
1 0.259091 0.690681 0.052267 0.137658
8 0.259540 0.691511 0.052373 0.133724
5 0.314049 0.694610 0.050486 0.137637
2 0.369264 0.696560 0.052641 0.135528
8 0.425400 0.698855 0.053634 0.135144
1 0.426017 0.709354 0.053973 0.141576
10 0.447898 0.762455 0.019943 0.030896
1 0.496337 0.711165 0.026147 0.126349
1 0.550914 0.709363 0.027157 0.129578
