4 0.191310 0.150074 0.051555 0.118224
6 0.243908 0.156122 0.052182 0.132783
9 0.299923 0.160619 0.051420 0.132093
9 0.355631 0.164447 0.051988 0.137200
4 0.355729 0.164166 0.051520 0.122506
7 0.419445 0.168133 0.036735 0.126412
1 0.421429 0.170030 0.034647 0.124225
9 0.466482 0.178948 0.054133 0.146699
10 0.484999 0.229731 0.018331 0.027873
9 0.520370 0.178295 0.052583 0.140352
8 0.521200 0.180602 0.052498 0.147001
1 0.587254 0.181304 0.033596 0.125214
7 0.590033 0.178809 0.036804 0.120437
6 0.626684 0.189917 0.050244 0.141797
4 0.682310 0.191260 0.052830 0.121947
0 0.288776 0.346357 0.053140 0.136052
0 0.344606 0.349613 0.053195 0.134212
0 0.399145 0.352943 0.053674 0.136150
2 0.716847 0.384223 0.053222 0.137838
10 0.739157 0.435155 0.018756 0.032586
4 0.772320 0.386774 0.053189 0.120455
5 0.827644 0.393518 0.049637 0.133560
2 0.225652 0.523272 0.051912 0.140045
7 0.285029 0.521445 0.048799 0.134882
10 0.306398 0.583695 0.018369 0.030905
3 0.337382 0.530144 0.052044 0.136848
1 0.613454 0.555341 0.025947 0.120470
1 0.667215 0.560677 0.025910 0.122357
4 0.707970 0.563123 0.052657 0.118937
1 0.775216 0.571088 0.027321 0.128754
1 0.225701 0.688077 0.022543 0.109743
8 0.264274 0.692632 0.050087 0.132995
5 0.318646 0.694849 0.049694 0.135992
5 0.361471 0.700533 0.076091 0.138978
2 0.372077 0.698758 0.052607 0.139823
8 0.428034 0.705116 0.054938 0.137196
1 0.496526 0.707021 0.029351 0.131487
1 0.550576 0.714007 0.024669 0.118913
