3 0.204859 0.156258 0.048600 0.136245
8 0.259538 0.158677 0.055311 0.139275
7 0.318768 0.159119 0.050235 0.128328
5 0.371035 0.166527 0.047976 0.131186
1 0.442557 0.169384 0.025728 0.109046
4 0.484571 0.175746 0.052640 0.123345
10 0.503315 0.224782 0.018223 0.030474
4 0.539029 0.180301 0.052514 0.123688
8 0.591339 0.182149 0.053739 0.136353
2 0.648090 0.188189 0.053659 0.140584
9 0.705430 0.192386 0.053239 0.138427
6 0.249116 0.345630 0.050804 0.138876
7 0.311507 0.342557 0.046790 0.130505
10 0.329328 0.402990 0.018657 0.029505
1 0.378015 0.354734 0.027364 0.121189
5 0.419212 0.353902 0.047509 0.139234
2 0.741199 0.379994 0.050635 0.129751
10 0.766186 0.436413 0.018718 0.031550
4 0.798298 0.382739 0.049897 0.109898
5 0.853170 0.388809 0.049353 0.132797
2 0.240727 0.529112 0.056339 0.139191
7 0.302584 0.528015 0.045128 0.132198
10 0.319610 0.586627 0.019646 0.026301
5 0.353946 0.537245 0.049709 0.134963
1 0.638739 0.561691 0.026379 0.116674
1 0.692074 0.562706 0.026225 0.120281
2 0.733263 0.567016 0.049015 0.132198
10 0.759925 0.615007 0.017734 0.030132
4 0.790940 0.566990 0.051407 0.118962
5 0.223693 0.697266 0.049138 0.133876
9 0.282245 0.702736 0.053054 0.134909
9 0.332547 0.704567 0.065769 0.136441
3 0.337294 0.705326 0.051052 0.139447
8 0.391374 0.712482 0.053598 0.139088
5 0.448894 0.713335 0.049660 0.137396
10 0.471882 0.768447 0.018811 0.029153
0 0.504917 0.722553 0.052017 0.135706
2 0.562286 0.726993 0.053333 0.136021
