3 0.202181 0.157666 0.050987 0.132596
8 0.256653 0.159351 0.054999 0.138802
7 0.315531 0.160207 0.050535 0.134848
10 0.337895 0.222957 0.018117 0.030172
3 0.370155 0.167322 0.052383 0.140156
1 0.437479 0.172909 0.024965 0.113757
2 0.480548 0.175854 0.053298 0.136042
10 0.505198 0.229840 0.019558 0.029333
2 0.536363 0.178555 0.052670 0.140063
3 0.536996 0.180356 0.050884 0.136348
6 0.589529 0.183728 0.053195 0.141440
10 0.615411 0.240021 0.019007 0.029515
9 0.648477 0.188245 0.051253 0.133468
0 0.302209 0.349799 0.052271 0.139329
10 0.326607 0.402254 0.019879 0.034708
0 0.359346 0.351875 0.053154 0.134503
0 0.416419 0.352539 0.054599 0.140821
2 0.740308 0.381251 0.050320 0.130323
4 0.797084 0.383051 0.051164 0.113467
5 0.851935 0.389198 0.049356 0.132815
2 0.237921 0.529048 0.055407 0.142086
6 0.294296 0.531640 0.050708 0.132200
1 0.365842 0.543753 0.025142 0.111393
1 0.636892 0.560043 0.025095 0.112647
1 0.690218 0.562334 0.027227 0.120588
3 0.732994 0.566443 0.049985 0.136605
10 0.757808 0.622445 0.020121 0.031912
9 0.789380 0.570778 0.050811 0.134595
5 0.220506 0.696151 0.049567 0.133176
9 0.278347 0.699981 0.051148 0.130785
8 0.332901 0.710108 0.053610 0.139690
8 0.388921 0.713027 0.053909 0.141095
0 0.446711 0.712960 0.054976 0.135409
10 0.469189 0.771184 0.018840 0.029135
2 0.503022 0.718379 0.052146 0.137922
0 0.559841 0.721786 0.052477 0.133936
