3 0.204995 0.156335 0.047889 0.136682
8 0.259176 0.159691 0.055547 0.141802
7 0.318714 0.160761 0.051255 0.132032
3 0.371776 0.166567 0.052994 0.140534
7 0.430866 0.172290 0.042002 0.128038
1 0.439048 0.170667 0.025768 0.116993
2 0.482691 0.174839 0.052996 0.134826
10 0.505037 0.229383 0.019563 0.029186
3 0.538185 0.179169 0.051391 0.138997
6 0.591202 0.182437 0.053506 0.142703
9 0.649589 0.188030 0.051753 0.134447
0 0.305747 0.349156 0.050635 0.133238
10 0.330936 0.399935 0.018545 0.029659
0 0.361584 0.351458 0.051800 0.132820
0 0.417654 0.352440 0.053696 0.136361
2 0.741574 0.383909 0.051427 0.133266
4 0.798228 0.383285 0.049413 0.109953
5 0.852960 0.389113 0.049149 0.132627
2 0.240765 0.529281 0.056371 0.138991
7 0.303683 0.525277 0.046415 0.127484
1 0.368556 0.536064 0.025607 0.119605
1 0.637413 0.562316 0.026179 0.113558
1 0.689747 0.561985 0.029340 0.120116
4 0.736209 0.567172 0.048236 0.109096
10 0.758079 0.622152 0.020871 0.032119
1 0.804761 0.573787 0.025356 0.115718
5 0.223769 0.697789 0.048908 0.134059
9 0.280890 0.700741 0.052765 0.133786
8 0.335443 0.705047 0.053830 0.137646
8 0.391540 0.713593 0.053375 0.138508
0 0.448645 0.713082 0.055199 0.137233
10 0.473440 0.769063 0.019045 0.029150
2 0.504611 0.719723 0.051234 0.137621
0 0.562251 0.725699 0.054887 0.140925
