4 0.186805 0.151621 0.051559 0.121424
6 0.240218 0.155949 0.050670 0.134783
9 0.296960 0.162634 0.051840 0.131816
4 0.352965 0.162991 0.051399 0.118578
1 0.419883 0.172107 0.025503 0.118433
9 0.462137 0.175483 0.050784 0.134387
10 0.483536 0.227159 0.017777 0.027399
9 0.518167 0.177324 0.052150 0.134749
1 0.587031 0.183711 0.026498 0.121838
6 0.626628 0.187762 0.050336 0.134249
4 0.683367 0.190992 0.052276 0.119682
0 0.284446 0.347594 0.051977 0.135455
10 0.311325 0.402740 0.019924 0.031224
0 0.339994 0.350638 0.052341 0.138047
0 0.396642 0.356269 0.053331 0.136582
2 0.716340 0.385612 0.051981 0.132854
10 0.738951 0.436864 0.018923 0.031599
4 0.772891 0.384178 0.052159 0.118390
5 0.827929 0.390368 0.048219 0.130992
2 0.220598 0.522175 0.052638 0.136578
6 0.276588 0.524207 0.053998 0.135623
10 0.296832 0.585610 0.018662 0.029075
1 0.348363 0.535326 0.026187 0.122496
1 0.612005 0.555162 0.026858 0.122430
1 0.667225 0.563450 0.025325 0.125692
3 0.706810 0.565317 0.049569 0.135212
10 0.729912 0.616251 0.017192 0.028803
6 0.759386 0.568636 0.050803 0.139014
1 0.221267 0.689503 0.024176 0.113130
1 0.259043 0.692383 0.052920 0.137007
8 0.259265 0.693947 0.051848 0.135952
5 0.314279 0.698274 0.050857 0.136263
2 0.369127 0.699210 0.052141 0.138276
8 0.425519 0.702740 0.054304 0.135057
1 0.427238 0.712597 0.057572 0.141640
10 0.446583 0.764240 0.019998 0.031127
1 0.494549 0.715786 0.027104 0.125462
1 0.550933 0.717818 0.027240 0.132541
