3 0.201815 0.157197 0.049239 0.136141
8 0.256090 0.157747 0.054502 0.139077
7 0.315898 0.159879 0.049209 0.133235
3 0.368594 0.168177 0.050861 0.137743
7 0.427117 0.171258 0.044825 0.126222
1 0.437478 0.169901 0.024182 0.106662
2 0.478598 0.175111 0.053763 0.138426
10 0.504302 0.228759 0.018290 0.027542
5 0.534667 0.177638 0.050426 0.138307
3 0.534868 0.179823 0.051059 0.137579
6 0.588025 0.182194 0.052583 0.139303
9 0.646571 0.186808 0.053194 0.139245
7 0.701180 0.185696 0.038662 0.126033
1 0.715097 0.194852 0.027315 0.116672
0 0.301504 0.352064 0.052721 0.137647
10 0.326215 0.402370 0.020598 0.036126
0 0.358625 0.350796 0.053090 0.136589
0 0.415365 0.353306 0.054648 0.138265
2 0.737339 0.380010 0.051574 0.129224
4 0.794165 0.382925 0.051337 0.117724
5 0.849594 0.388854 0.050310 0.131156
2 0.237478 0.528443 0.054773 0.141737
6 0.291325 0.532273 0.051158 0.136104
10 0.316396 0.588014 0.021107 0.036038
9 0.350974 0.538515 0.051746 0.129755
1 0.635567 0.562876 0.024753 0.122834
1 0.689036 0.562474 0.025670 0.116139
4 0.732542 0.568128 0.047913 0.110198
10 0.753271 0.622629 0.020635 0.032055
1 0.801581 0.571733 0.026074 0.118562
5 0.219881 0.697309 0.049631 0.134663
9 0.277302 0.701074 0.051049 0.133412
8 0.332682 0.705620 0.053893 0.137553
8 0.389155 0.706531 0.052454 0.135056
0 0.445299 0.714257 0.054645 0.136285
10 0.467952 0.772297 0.019582 0.029699
2 0.501207 0.720795 0.051878 0.136336
0 0.558145 0.723665 0.052276 0.137761
