4 0.187162 0.146244 0.053393 0.120904
6 0.240255 0.150994 0.051209 0.132282
9 0.296562 0.155844 0.052146 0.131454
4 0.352688 0.156028 0.051615 0.121019
1 0.420354 0.164988 0.025801 0.120616
9 0.461293 0.167718 0.050632 0.133702
10 0.484358 0.222772 0.017254 0.026622
9 0.518427 0.171835 0.052414 0.137615
1 0.587390 0.177458 0.026831 0.118217
6 0.626543 0.183378 0.049960 0.136877
4 0.683810 0.187165 0.054338 0.121240
0 0.284548 0.343587 0.051414 0.134771
10 0.308648 0.392329 0.020192 0.032395
0 0.340177 0.346374 0.052573 0.137027
0 0.395487 0.350165 0.054972 0.144927
2 0.716000 0.379815 0.052765 0.139669
10 0.739254 0.431803 0.019541 0.031585
4 0.773676 0.378473 0.051031 0.120643
5 0.827692 0.386312 0.047592 0.130862
2 0.220184 0.517820 0.052241 0.142316
6 0.276783 0.521293 0.053483 0.132400
10 0.298420 0.576505 0.020341 0.030762
1 0.348314 0.528925 0.025628 0.121380
1 0.613515 0.552797 0.026209 0.119740
1 0.666735 0.561531 0.025446 0.127572
3 0.709077 0.565080 0.050526 0.141287
10 0.731460 0.612798 0.018849 0.032264
7 0.766753 0.563317 0.049471 0.131342
1 0.221460 0.687582 0.024233 0.118584
1 0.259216 0.690298 0.052185 0.136748
8 0.259559 0.691612 0.052326 0.132623
5 0.314421 0.695357 0.050723 0.138647
2 0.369486 0.696554 0.052213 0.133991
8 0.425306 0.698914 0.053678 0.135024
10 0.447032 0.754814 0.018753 0.030638
1 0.495755 0.711104 0.025707 0.123890
1 0.550935 0.712354 0.027128 0.132766
