3 0.202599 0.157691 0.050351 0.131073
8 0.256829 0.159614 0.055221 0.139881
7 0.315404 0.159589 0.051102 0.133076
3 0.370047 0.169152 0.051271 0.136798
1 0.438531 0.173369 0.024250 0.114937
2 0.480936 0.175542 0.051210 0.132576
10 0.504307 0.229861 0.019642 0.031772
2 0.536010 0.178844 0.053569 0.140501
3 0.537041 0.181109 0.051045 0.137356
6 0.589683 0.183907 0.052902 0.140601
10 0.615111 0.239396 0.019023 0.029158
9 0.648704 0.188122 0.050809 0.131326
1 0.710983 0.186825 0.032280 0.120937
0 0.302423 0.349773 0.052543 0.141673
10 0.322847 0.402229 0.019946 0.026728
0 0.359245 0.351774 0.052914 0.134695
0 0.416102 0.352384 0.054214 0.138418
2 0.734254 0.385726 0.056538 0.143780
4 0.797202 0.382276 0.051141 0.112644
5 0.852380 0.388958 0.049614 0.132780
1 0.635476 0.560667 0.026013 0.111586
1 0.689363 0.561321 0.029368 0.117825
4 0.734408 0.432702 0.052422 0.241162
4 0.734781 0.566246 0.051139 0.118925
10 0.757842 0.622890 0.020944 0.031552
1 0.803382 0.572402 0.025469 0.110337
2 0.237972 0.528773 0.054877 0.140852
6 0.293857 0.530067 0.053870 0.138002
10 0.318419 0.585813 0.018888 0.029724
4 0.352177 0.537225 0.052278 0.111478
5 0.220938 0.696634 0.049313 0.133510
9 0.278309 0.700164 0.051114 0.131000
8 0.333213 0.709797 0.053469 0.139485
8 0.388842 0.712828 0.053528 0.140017
0 0.446867 0.713163 0.055082 0.136253
10 0.469119 0.771657 0.019299 0.028975
2 0.503430 0.718659 0.051692 0.137558
0 0.560164 0.721772 0.052409 0.134203
