3 0.202695 0.157954 0.050533 0.132266
8 0.256899 0.159109 0.055135 0.140018
7 0.315674 0.160643 0.050457 0.132876
3 0.370194 0.169074 0.051497 0.138851
7 0.429880 0.171777 0.042660 0.125659
1 0.437292 0.172273 0.025082 0.112122
2 0.481660 0.175662 0.051598 0.133649
10 0.505280 0.229733 0.019442 0.029674
2 0.536168 0.178890 0.053672 0.140034
3 0.537287 0.180916 0.050473 0.135749
6 0.589778 0.184025 0.053371 0.141006
9 0.648609 0.188631 0.050981 0.131826
1 0.717669 0.189738 0.025817 0.108729
0 0.302647 0.350594 0.052740 0.139943
10 0.328092 0.402624 0.019675 0.034944
0 0.359619 0.351560 0.052989 0.133512
0 0.416646 0.352350 0.054731 0.140802
2 0.740831 0.384213 0.051462 0.134155
4 0.797622 0.383962 0.049806 0.112345
5 0.852316 0.389256 0.049312 0.132330
2 0.238301 0.528883 0.055196 0.140979
6 0.293506 0.531592 0.052159 0.138785
10 0.319528 0.586889 0.018558 0.029375
3 0.352954 0.538930 0.050294 0.134086
5 0.353662 0.531811 0.049432 0.133145
1 0.636578 0.561272 0.025283 0.112041
1 0.690581 0.562859 0.027445 0.120964
3 0.734147 0.568980 0.049795 0.133489
5 0.734222 0.566156 0.050711 0.136079
10 0.756710 0.618798 0.020739 0.030452
7 0.794232 0.563755 0.046048 0.130684
5 0.220624 0.696301 0.049649 0.134551
9 0.278588 0.700266 0.051259 0.131077
8 0.333177 0.710343 0.053383 0.139195
8 0.389033 0.712863 0.053334 0.138699
0 0.447003 0.712753 0.055060 0.136458
10 0.468931 0.772021 0.019333 0.028577
2 0.503359 0.718668 0.051804 0.137919
0 0.560296 0.726225 0.055429 0.143921
