4 0.195979 0.139082 0.042528 0.115365
6 0.242763 0.154431 0.049238 0.131240
9 0.463174 0.172297 0.049669 0.134712
9 0.520713 0.172997 0.050841 0.133529
6 0.623859 0.183066 0.056136 0.148692
4 0.680272 0.181913 0.058705 0.133748
0 0.289313 0.342407 0.056074 0.141020
0 0.343536 0.346333 0.051451 0.137047
0 0.401229 0.352295 0.059400 0.131817
2 0.718338 0.373125 0.047748 0.112162
5 0.823098 0.383962 0.050501 0.133662
2 0.222065 0.520079 0.051984 0.138811
6 0.223622 0.517591 0.049261 0.132207
9 0.280360 0.520141 0.051609 0.132552
10 0.304423 0.575598 0.020563 0.039823
6 0.334632 0.526112 0.048503 0.131914
4 0.704409 0.556254 0.054084 0.128414
8 0.263729 0.686863 0.052594 0.139939
5 0.317880 0.693940 0.049155 0.135591
2 0.372119 0.698044 0.052531 0.139335
5 0.372386 0.697901 0.053524 0.147416
8 0.428331 0.706121 0.055597 0.149840
1 0.497935 0.706716 0.026467 0.114315
