4 0.190806 0.149306 0.049383 0.120549
6 0.240081 0.153809 0.048406 0.128857
9 0.296674 0.155280 0.049124 0.127634
4 0.352897 0.159160 0.051851 0.121705
9 0.353494 0.162858 0.044713 0.119027
9 0.456648 0.166223 0.055701 0.140684
8 0.462383 0.169841 0.055374 0.119158
9 0.517038 0.172006 0.054336 0.142206
1 0.583932 0.174710 0.033158 0.128242
6 0.620642 0.184130 0.056495 0.146041
4 0.680269 0.184291 0.052248 0.127995
8 0.680592 0.183779 0.047943 0.125898
0 0.286601 0.343509 0.052489 0.134115
0 0.341028 0.345351 0.053893 0.137616
0 0.396356 0.349301 0.053262 0.138468
2 0.713184 0.378484 0.052814 0.129284
4 0.771708 0.381214 0.051893 0.119260
5 0.824494 0.386156 0.048300 0.130943
2 0.221586 0.519028 0.052064 0.143255
9 0.279627 0.522806 0.052658 0.134186
7 0.337047 0.522501 0.044292 0.130758
7 0.605899 0.537871 0.035465 0.106832
1 0.608664 0.548155 0.029965 0.118066
1 0.661979 0.552120 0.034363 0.118549
4 0.706471 0.559707 0.053865 0.122026
1 0.774992 0.567830 0.024631 0.114942
8 0.260536 0.691885 0.053239 0.140738
5 0.315000 0.693601 0.050210 0.133043
6 0.368639 0.701268 0.052317 0.134583
2 0.369931 0.696962 0.051531 0.134760
8 0.424883 0.699969 0.054816 0.139185
1 0.493880 0.704621 0.027463 0.119247
1 0.549934 0.704481 0.025158 0.118342
