4 0.186225 0.150530 0.051772 0.121436
6 0.239812 0.154699 0.052214 0.132838
9 0.295402 0.159782 0.051402 0.130925
4 0.351541 0.160270 0.051783 0.118913
1 0.418974 0.170245 0.025241 0.117859
9 0.460619 0.173255 0.049782 0.133192
10 0.480007 0.231935 0.018960 0.030184
9 0.516643 0.174917 0.052417 0.136685
1 0.585268 0.180082 0.026890 0.118296
6 0.624166 0.186442 0.050086 0.134274
10 0.647129 0.244181 0.018439 0.028746
4 0.682002 0.188766 0.052545 0.120560
0 0.283721 0.344384 0.052024 0.136766
10 0.307922 0.394683 0.020971 0.033378
0 0.338594 0.348304 0.052276 0.138548
0 0.395187 0.353646 0.052789 0.135224
2 0.713948 0.381462 0.053630 0.140083
10 0.734993 0.434117 0.018815 0.031092
4 0.771250 0.382003 0.050875 0.117459
5 0.824704 0.388098 0.047981 0.129575
2 0.219807 0.519456 0.051990 0.133133
6 0.275679 0.522237 0.053564 0.132919
10 0.296852 0.577648 0.020481 0.031282
1 0.346614 0.529382 0.026630 0.121766
1 0.611361 0.553857 0.026382 0.121633
1 0.664399 0.562070 0.024818 0.121586
1 0.706508 0.563350 0.049838 0.139994
3 0.706555 0.565951 0.050599 0.139302
10 0.729969 0.614709 0.019474 0.034398
7 0.764012 0.565030 0.048204 0.128849
1 0.221104 0.687508 0.023919 0.116559
1 0.258372 0.691055 0.052302 0.137520
8 0.258724 0.692128 0.051999 0.132701
5 0.313138 0.695218 0.049588 0.134880
2 0.368022 0.697290 0.052610 0.134777
8 0.423694 0.705750 0.054429 0.139167
1 0.424229 0.710830 0.054093 0.143366
10 0.446570 0.763143 0.020333 0.030981
1 0.494290 0.713143 0.026401 0.128560
1 0.548853 0.713745 0.026907 0.128488
