3 0.205229 0.156216 0.047701 0.135369
8 0.259363 0.158759 0.055425 0.141041
7 0.318876 0.157164 0.049775 0.128002
5 0.370282 0.164431 0.051567 0.132514
6 0.370563 0.165608 0.048911 0.139385
7 0.430605 0.171315 0.043095 0.118916
1 0.440330 0.170308 0.026536 0.117636
0 0.481555 0.175926 0.053934 0.136187
10 0.507149 0.233021 0.019843 0.031371
7 0.542523 0.182491 0.044315 0.129696
4 0.594022 0.183513 0.051167 0.120307
8 0.648053 0.187039 0.054120 0.135031
1 0.715482 0.192438 0.032092 0.124964
9 0.251603 0.344540 0.053093 0.133700
1 0.322319 0.350234 0.026440 0.120117
10 0.328719 0.405992 0.019972 0.031092
1 0.363216 0.353022 0.049430 0.138493
3 0.363315 0.356061 0.049343 0.135434
9 0.419679 0.353348 0.051390 0.139023
2 0.741637 0.384384 0.051943 0.134923
10 0.767727 0.434071 0.021651 0.033884
4 0.798571 0.384455 0.051617 0.119487
5 0.853375 0.388936 0.049618 0.133222
2 0.241021 0.529718 0.056539 0.141396
7 0.302245 0.528834 0.046615 0.132947
10 0.320150 0.584217 0.022717 0.028540
4 0.355635 0.537538 0.052333 0.120575
1 0.639025 0.562679 0.025392 0.117694
1 0.691963 0.565467 0.025822 0.121766
2 0.733730 0.566677 0.049083 0.134120
10 0.761132 0.615897 0.017615 0.030339
7 0.795122 0.565219 0.046499 0.128381
5 0.223794 0.697775 0.049342 0.135400
9 0.282524 0.702789 0.053234 0.135646
9 0.324423 0.704685 0.082627 0.135357
3 0.337735 0.711443 0.050640 0.135809
9 0.393272 0.709484 0.051996 0.136029
6 0.448129 0.715981 0.051346 0.142275
5 0.448685 0.713217 0.050217 0.140057
10 0.472053 0.772934 0.020083 0.029803
6 0.503521 0.718682 0.052527 0.136424
4 0.562537 0.727565 0.052641 0.122022
