4 0.186888 0.146454 0.055173 0.128108
6 0.240265 0.151479 0.050836 0.131028
9 0.296758 0.156275 0.052431 0.131179
4 0.353093 0.156945 0.051331 0.120262
1 0.420341 0.165727 0.026489 0.123191
9 0.460923 0.168675 0.049412 0.130286
10 0.486249 0.222809 0.017453 0.027255
9 0.518400 0.171887 0.052836 0.137442
1 0.585988 0.177855 0.028025 0.120452
6 0.626607 0.182935 0.049735 0.136371
4 0.684326 0.187489 0.054311 0.119508
0 0.284273 0.343761 0.051142 0.133808
10 0.308003 0.392083 0.019697 0.031501
0 0.340030 0.346975 0.052307 0.136181
0 0.395520 0.350221 0.053856 0.141255
2 0.715679 0.381343 0.053332 0.136333
10 0.739036 0.431532 0.019295 0.032437
4 0.773300 0.379240 0.051426 0.120344
5 0.827785 0.387163 0.047462 0.131181
2 0.220320 0.518396 0.052151 0.140391
6 0.221166 0.520188 0.054934 0.142074
6 0.275850 0.520594 0.053943 0.136534
10 0.299322 0.575196 0.018805 0.032304
3 0.333740 0.529707 0.048606 0.128853
1 0.612270 0.551452 0.026786 0.120000
1 0.635057 0.555024 0.033374 0.124219
1 0.665916 0.558795 0.025670 0.122068
4 0.709058 0.557245 0.050291 0.118340
10 0.730981 0.619883 0.019946 0.032691
1 0.777113 0.569580 0.027767 0.129051
1 0.220981 0.686392 0.024181 0.114943
8 0.259653 0.690996 0.052493 0.133868
5 0.314766 0.694629 0.050241 0.135575
2 0.369652 0.696438 0.052538 0.135199
8 0.425439 0.698868 0.053717 0.135625
1 0.425856 0.709547 0.055633 0.141250
10 0.448676 0.762869 0.019805 0.032239
1 0.495362 0.711440 0.026743 0.125260
1 0.550733 0.710715 0.026916 0.131144
