4 0.187138 0.152002 0.051984 0.122124
6 0.239812 0.156372 0.050828 0.134727
9 0.297256 0.163051 0.050924 0.130919
4 0.353153 0.162938 0.051453 0.119648
1 0.420634 0.172795 0.025441 0.118396
1 0.456783 0.172009 0.062243 0.129658
9 0.462069 0.175483 0.050261 0.134121
10 0.484330 0.228018 0.017937 0.027425
9 0.517498 0.180514 0.052625 0.132551
1 0.586565 0.184159 0.026454 0.121192
6 0.626180 0.188061 0.050300 0.132673
4 0.683500 0.191784 0.053281 0.121017
0 0.284676 0.344405 0.053077 0.134503
10 0.310469 0.402612 0.019574 0.030940
0 0.339753 0.350674 0.052105 0.137383
0 0.396514 0.355923 0.053609 0.135380
2 0.716169 0.383728 0.054008 0.140011
10 0.737770 0.436949 0.018843 0.031248
4 0.772923 0.383835 0.052429 0.118040
5 0.827813 0.390253 0.048314 0.130725
2 0.220806 0.521254 0.053595 0.137678
5 0.276157 0.524153 0.049250 0.133909
10 0.299200 0.580843 0.018862 0.030880
9 0.332389 0.531746 0.051332 0.133439
1 0.612659 0.554386 0.026688 0.121023
1 0.667158 0.562054 0.025070 0.120377
4 0.707142 0.562814 0.050377 0.117736
10 0.729209 0.620396 0.020037 0.030319
0 0.761044 0.571323 0.052538 0.136918
1 0.221234 0.688883 0.024317 0.113736
1 0.258680 0.692059 0.052649 0.136968
8 0.259058 0.693681 0.051872 0.135540
5 0.314289 0.699125 0.050387 0.136073
2 0.369057 0.699715 0.052782 0.139631
8 0.424953 0.708200 0.054886 0.139199
1 0.425994 0.713553 0.055480 0.143143
10 0.447455 0.765548 0.019969 0.030544
1 0.495003 0.717934 0.026812 0.126275
1 0.551402 0.719075 0.027374 0.133170
