4 0.188648 0.152790 0.051603 0.119104
6 0.241552 0.158365 0.049799 0.131807
9 0.296753 0.162897 0.052340 0.130218
4 0.353392 0.165009 0.051694 0.120356
1 0.420155 0.175620 0.030760 0.113288
9 0.460413 0.178887 0.053876 0.140863
9 0.517128 0.178698 0.052564 0.136201
6 0.620757 0.187099 0.056731 0.145491
4 0.680138 0.192727 0.051475 0.120234
0 0.286249 0.347725 0.053063 0.134506
0 0.340483 0.354431 0.051335 0.135766
0 0.397419 0.353900 0.053564 0.135661
2 0.716002 0.385639 0.052402 0.132360
10 0.737348 0.436765 0.019415 0.036527
4 0.771070 0.387988 0.052088 0.116395
5 0.825507 0.391568 0.049685 0.134169
2 0.220806 0.526158 0.051351 0.141048
9 0.278206 0.524851 0.051155 0.133927
10 0.301254 0.579913 0.018732 0.029214
8 0.332598 0.530624 0.052057 0.132430
1 0.611346 0.556099 0.024769 0.109552
1 0.664170 0.565347 0.030241 0.109550
4 0.705157 0.563224 0.053838 0.124392
10 0.730268 0.617507 0.020335 0.032818
0 0.758778 0.571965 0.051284 0.133328
1 0.222950 0.693161 0.023721 0.118591
8 0.261085 0.695640 0.051660 0.136598
5 0.314338 0.696712 0.050360 0.136014
5 0.366156 0.701051 0.058110 0.137100
6 0.367948 0.707615 0.052109 0.138286
2 0.369045 0.700328 0.052516 0.141956
8 0.424204 0.710615 0.054042 0.137926
1 0.495399 0.713591 0.026821 0.115560
1 0.549011 0.717809 0.025952 0.123658
