3 0.201894 0.156887 0.050966 0.133038
8 0.257066 0.157028 0.052010 0.136804
7 0.316953 0.158221 0.049166 0.134805
3 0.369784 0.167496 0.049822 0.141625
9 0.369933 0.163628 0.052665 0.149151
7 0.436643 0.169497 0.030904 0.124228
1 0.438666 0.173128 0.024642 0.106355
2 0.482060 0.176080 0.054658 0.151657
10 0.503415 0.228889 0.018915 0.029503
3 0.537722 0.179629 0.050708 0.138768
6 0.589808 0.181928 0.052640 0.141589
9 0.649153 0.185856 0.053633 0.137396
1 0.716232 0.191934 0.029573 0.110447
0 0.302458 0.352491 0.054296 0.140238
10 0.327343 0.400128 0.018129 0.029572
0 0.360059 0.351769 0.053108 0.132677
0 0.417020 0.353008 0.054488 0.139718
2 0.740249 0.380521 0.051885 0.136851
10 0.764377 0.436565 0.019141 0.031555
4 0.797849 0.383824 0.050800 0.111665
5 0.853064 0.390107 0.050243 0.136823
2 0.238458 0.529525 0.054674 0.142567
6 0.293892 0.530413 0.053961 0.140537
10 0.317627 0.586900 0.018971 0.029579
4 0.352989 0.538917 0.053379 0.115326
1 0.637387 0.561879 0.025259 0.123944
1 0.692073 0.565720 0.025913 0.126691
10 0.731926 0.568744 0.050803 0.136804
3 0.733537 0.569783 0.049118 0.135907
1 0.734265 0.567946 0.048163 0.138324
10 0.758454 0.620009 0.017080 0.026874
6 0.786366 0.571511 0.050387 0.137425
5 0.221275 0.697546 0.050699 0.138248
9 0.279327 0.701191 0.051559 0.132733
8 0.280178 0.707774 0.056548 0.135436
8 0.333762 0.706517 0.054169 0.139487
8 0.389236 0.713866 0.053474 0.139201
0 0.446625 0.715253 0.054548 0.135236
10 0.472572 0.771525 0.019971 0.032496
2 0.502997 0.720462 0.052021 0.136690
0 0.560206 0.723638 0.053519 0.135235
