3 0.202582 0.157176 0.049069 0.135121
8 0.256562 0.159250 0.055204 0.140813
7 0.315291 0.160139 0.050519 0.132846
3 0.369828 0.168991 0.051983 0.139095
7 0.429429 0.168833 0.043555 0.132219
1 0.437081 0.172544 0.025368 0.112262
2 0.480250 0.176358 0.053594 0.134524
10 0.503700 0.229363 0.018980 0.027924
3 0.537030 0.181333 0.051049 0.137127
6 0.590191 0.184193 0.053777 0.142137
9 0.648879 0.188244 0.050821 0.131231
1 0.709634 0.186698 0.033383 0.122479
0 0.302335 0.350291 0.052363 0.140625
10 0.327651 0.402947 0.019838 0.034864
0 0.359217 0.351249 0.053119 0.134496
0 0.416242 0.353082 0.054535 0.136728
2 0.740228 0.379714 0.050136 0.126342
4 0.797461 0.383724 0.050181 0.111339
5 0.852459 0.389160 0.049294 0.132228
2 0.237907 0.528681 0.055027 0.141045
6 0.293122 0.532393 0.051146 0.134323
10 0.321690 0.586615 0.024140 0.036962
2 0.351419 0.533769 0.051920 0.132774
1 0.637525 0.560567 0.024451 0.118815
1 0.690649 0.563029 0.026908 0.121157
3 0.733551 0.567442 0.050317 0.137893
10 0.757085 0.623886 0.020407 0.031800
7 0.793922 0.563547 0.046189 0.129400
5 0.220134 0.696093 0.049896 0.133787
9 0.278345 0.699851 0.051060 0.130314
8 0.279406 0.707044 0.054904 0.135299
8 0.333103 0.709915 0.053338 0.138869
8 0.388862 0.712651 0.053399 0.138751
0 0.446688 0.712832 0.055012 0.135904
10 0.468271 0.771829 0.019409 0.028744
2 0.503290 0.718717 0.051684 0.136547
0 0.559912 0.722308 0.052708 0.134148
