4 0.189659 0.150046 0.051075 0.119100
6 0.242572 0.153888 0.051923 0.132433
9 0.299703 0.160767 0.051210 0.133053
4 0.355294 0.160706 0.050605 0.117630
1 0.422555 0.169627 0.025603 0.117702
1 0.462228 0.173841 0.049009 0.135806
9 0.463713 0.173592 0.050698 0.135305
10 0.486143 0.225190 0.017343 0.028029
9 0.519316 0.178205 0.052388 0.133550
1 0.588127 0.180337 0.025838 0.116222
6 0.627589 0.185379 0.050399 0.134994
4 0.684755 0.189125 0.053216 0.123880
0 0.287149 0.342997 0.053415 0.134260
10 0.312220 0.402318 0.019797 0.032311
0 0.341251 0.347954 0.052160 0.139787
0 0.398225 0.353408 0.053171 0.135195
2 0.716656 0.382436 0.054091 0.140694
10 0.739454 0.434590 0.018869 0.031659
4 0.773597 0.381556 0.052017 0.118413
5 0.828386 0.389221 0.048286 0.131710
2 0.223108 0.521851 0.053287 0.139042
8 0.276362 0.524477 0.049570 0.129892
6 0.277618 0.521922 0.052355 0.134424
10 0.300524 0.583363 0.018964 0.030501
0 0.335183 0.525242 0.053645 0.135647
1 0.613664 0.555932 0.025877 0.124643
1 0.667996 0.560687 0.025468 0.126011
3 0.707577 0.564713 0.048479 0.131025
10 0.731223 0.614085 0.018854 0.029674
8 0.762891 0.567001 0.053114 0.136692
1 0.223192 0.686428 0.024499 0.113420
1 0.262039 0.690464 0.050502 0.133850
8 0.262110 0.692606 0.051452 0.134086
5 0.316231 0.693619 0.049122 0.131080
5 0.370221 0.698377 0.053552 0.138168
2 0.371555 0.697445 0.052003 0.135578
1 0.427121 0.709634 0.051825 0.141213
8 0.427240 0.701404 0.053830 0.134019
10 0.449101 0.763268 0.019471 0.030479
1 0.498140 0.710933 0.025672 0.123038
1 0.552226 0.713329 0.027103 0.132971
