3 0.202744 0.157916 0.050074 0.130958
8 0.256716 0.160150 0.055075 0.139816
7 0.316518 0.162083 0.051089 0.132287
3 0.370308 0.169278 0.051254 0.136481
7 0.429341 0.169301 0.045321 0.126363
1 0.437501 0.171378 0.025110 0.110570
2 0.480994 0.176196 0.051640 0.132308
2 0.535806 0.178383 0.052305 0.139219
5 0.535844 0.177624 0.050737 0.132943
3 0.536847 0.181294 0.050752 0.135543
6 0.589843 0.183627 0.052933 0.140052
9 0.648230 0.189185 0.051399 0.133718
0 0.302150 0.350858 0.052818 0.142357
10 0.329303 0.402483 0.020475 0.041022
0 0.359353 0.351669 0.052900 0.135078
0 0.416567 0.352314 0.054517 0.141425
2 0.740756 0.379264 0.049734 0.123033
4 0.797523 0.383309 0.048597 0.108561
5 0.852506 0.389053 0.049242 0.132037
2 0.238061 0.529005 0.055360 0.141993
6 0.294143 0.530989 0.053713 0.137520
10 0.319481 0.589246 0.020366 0.029513
5 0.352288 0.530630 0.048434 0.133581
3 0.353131 0.540011 0.050785 0.134185
1 0.637857 0.561473 0.024451 0.119020
1 0.689814 0.562317 0.028279 0.123294
3 0.732267 0.567305 0.050073 0.138550
10 0.757390 0.619171 0.017290 0.026723
6 0.787131 0.567497 0.051293 0.135820
5 0.221059 0.696240 0.048845 0.132476
9 0.278362 0.700380 0.051348 0.131684
8 0.333041 0.710480 0.053216 0.138936
8 0.388837 0.713175 0.053638 0.140264
0 0.446810 0.713431 0.054974 0.135983
10 0.468636 0.772568 0.019635 0.029232
2 0.503105 0.719320 0.051924 0.136567
0 0.559985 0.722399 0.052576 0.133792
