3 0.202839 0.156044 0.050018 0.130232
8 0.256713 0.157767 0.055271 0.140716
7 0.317013 0.159650 0.050039 0.135323
3 0.369408 0.167429 0.050469 0.137343
8 0.423768 0.167480 0.053341 0.136755
9 0.480707 0.172139 0.054722 0.137505
10 0.503491 0.229693 0.019083 0.028941
5 0.536103 0.178974 0.050748 0.139826
2 0.536321 0.175311 0.050450 0.139089
2 0.590927 0.182542 0.049088 0.135016
5 0.591550 0.178915 0.049421 0.133486
10 0.614205 0.236986 0.018639 0.028913
5 0.646393 0.185241 0.050699 0.138303
0 0.703276 0.190501 0.054743 0.137975
9 0.248875 0.346678 0.050588 0.131879
1 0.319402 0.351781 0.025017 0.114995
10 0.326058 0.401211 0.021694 0.035899
4 0.362274 0.353338 0.052250 0.119043
1 0.431721 0.358901 0.024869 0.109910
2 0.741101 0.383547 0.051067 0.133006
4 0.797482 0.382841 0.049298 0.110574
5 0.852609 0.388560 0.048971 0.133107
2 0.238302 0.528652 0.054790 0.142904
6 0.293002 0.531155 0.051592 0.138567
10 0.318250 0.585821 0.019437 0.029749
6 0.351390 0.531720 0.051720 0.137491
1 0.638357 0.560819 0.023729 0.114135
1 0.690542 0.562394 0.025780 0.119025
1 0.730927 0.567587 0.051152 0.140907
2 0.731368 0.566990 0.049134 0.133834
10 0.757694 0.619174 0.018229 0.028831
6 0.787264 0.567823 0.051489 0.137109
5 0.220699 0.697243 0.049531 0.133630
9 0.278631 0.700871 0.052136 0.131829
6 0.333916 0.706646 0.053411 0.140306
9 0.392119 0.713221 0.050646 0.133469
1 0.463353 0.720112 0.025592 0.115939
10 0.470567 0.775268 0.019032 0.029418
1 0.518230 0.721802 0.025440 0.118575
0 0.559355 0.726635 0.053601 0.142709
