3 0.201970 0.156695 0.050714 0.136697
8 0.256584 0.158210 0.054863 0.139574
7 0.316766 0.161113 0.051136 0.132240
3 0.369251 0.166302 0.052790 0.141469
2 0.423365 0.172557 0.053091 0.139555
2 0.481845 0.174805 0.053039 0.138889
7 0.597070 0.175379 0.040293 0.128035
4 0.648395 0.188494 0.052186 0.126881
2 0.703173 0.192990 0.052858 0.137961
6 0.246213 0.346335 0.049580 0.137039
3 0.304750 0.350281 0.050203 0.130457
10 0.328047 0.402664 0.020866 0.035913
3 0.359991 0.353056 0.050475 0.130640
8 0.415724 0.353550 0.054317 0.138299
2 0.740750 0.383769 0.051664 0.135057
4 0.797820 0.383557 0.049090 0.109432
5 0.852420 0.388827 0.049592 0.133066
2 0.238675 0.529426 0.055581 0.143361
5 0.294183 0.530868 0.051022 0.138962
10 0.318417 0.586046 0.019160 0.029121
8 0.352077 0.531906 0.052799 0.137186
1 0.636536 0.561436 0.024599 0.109083
1 0.689903 0.561396 0.026685 0.116565
2 0.731440 0.566806 0.049549 0.132810
1 0.732363 0.567248 0.050092 0.143934
10 0.757125 0.619004 0.018878 0.031081
2 0.788916 0.568020 0.050974 0.135414
5 0.221068 0.696364 0.049164 0.133109
9 0.278632 0.699898 0.051506 0.130978
8 0.334330 0.703585 0.054370 0.137236
5 0.390845 0.707017 0.051282 0.137640
6 0.391485 0.711245 0.054115 0.143756
6 0.446409 0.711245 0.052877 0.140017
10 0.472831 0.770942 0.020016 0.030969
1 0.518178 0.721334 0.025005 0.123003
8 0.559565 0.726070 0.053975 0.139392
