4 0.192228 0.138377 0.048750 0.114363
6 0.240738 0.152567 0.050250 0.133895
8 0.299084 0.154609 0.054014 0.140948
4 0.353661 0.159643 0.048297 0.121617
9 0.458149 0.165076 0.056458 0.142813
9 0.518719 0.170771 0.053447 0.149683
6 0.620460 0.180620 0.059704 0.155528
8 0.623022 0.181424 0.052363 0.143437
4 0.677839 0.175456 0.061376 0.144954
0 0.287802 0.341276 0.053773 0.136234
8 0.341675 0.348012 0.056145 0.126188
0 0.342606 0.346534 0.051509 0.134378
0 0.395693 0.349299 0.051908 0.136727
2 0.714680 0.378037 0.052600 0.130193
6 0.717678 0.380460 0.044679 0.124100
4 0.772002 0.383757 0.052663 0.122855
5 0.822370 0.383544 0.050289 0.131930
2 0.221410 0.519548 0.054433 0.156141
6 0.221830 0.521004 0.052796 0.137380
5 0.222813 0.520953 0.053306 0.142782
6 0.277762 0.521667 0.054807 0.135885
6 0.328712 0.526496 0.044956 0.115718
2 0.332404 0.527422 0.050386 0.134620
3 0.706344 0.560237 0.050111 0.130881
10 0.729006 0.613708 0.016857 0.031368
6 0.757944 0.562635 0.050886 0.134419
8 0.264478 0.691640 0.049750 0.130660
5 0.316045 0.691768 0.049920 0.143599
6 0.368272 0.700517 0.050348 0.137037
2 0.369167 0.696772 0.051651 0.141650
5 0.370056 0.697487 0.051103 0.140194
8 0.426014 0.701453 0.057010 0.144005
1 0.495413 0.706689 0.027789 0.109639
1 0.549427 0.707642 0.024195 0.102732
