4 0.190199 0.148824 0.054107 0.119940
6 0.243840 0.156664 0.050037 0.134472
9 0.300185 0.159127 0.051599 0.132832
9 0.354908 0.161827 0.047935 0.131054
4 0.356193 0.161873 0.051408 0.123067
1 0.421848 0.168718 0.028204 0.119576
9 0.463227 0.175477 0.050356 0.133282
10 0.486480 0.230145 0.019682 0.030138
9 0.519376 0.176035 0.052900 0.137520
7 0.579348 0.176572 0.041720 0.127848
6 0.621580 0.186743 0.055894 0.144366
4 0.681857 0.188642 0.052412 0.122893
0 0.288820 0.345513 0.053623 0.138603
0 0.343741 0.347763 0.053338 0.134804
0 0.399360 0.352297 0.054400 0.137337
2 0.715666 0.382782 0.051667 0.129235
4 0.771481 0.387081 0.051933 0.119362
5 0.825784 0.390584 0.048528 0.133569
2 0.228115 0.524242 0.050754 0.136615
7 0.286862 0.518068 0.046351 0.134426
10 0.303723 0.583285 0.019482 0.034460
1 0.350401 0.527902 0.026263 0.126846
1 0.613344 0.553028 0.025162 0.117702
1 0.666419 0.562618 0.025375 0.121398
4 0.675025 0.564151 0.043027 0.117794
4 0.708203 0.563754 0.052978 0.119095
1 0.776380 0.574221 0.027237 0.133270
1 0.223441 0.688181 0.025884 0.113121
8 0.233046 0.694647 0.040757 0.120946
8 0.263691 0.694950 0.049953 0.133374
5 0.318010 0.695811 0.048918 0.132111
2 0.371756 0.705190 0.051786 0.134447
5 0.372037 0.699445 0.049320 0.133450
8 0.427218 0.703857 0.054115 0.136979
10 0.449130 0.763402 0.018649 0.029966
1 0.497503 0.710279 0.024590 0.115527
1 0.552128 0.711914 0.025981 0.124142
