3 0.201972 0.155119 0.049346 0.136965
8 0.256250 0.157338 0.054738 0.140888
7 0.315796 0.158840 0.051118 0.133259
4 0.369642 0.165412 0.050053 0.120310
4 0.423503 0.166708 0.052342 0.120614
2 0.479264 0.173397 0.051902 0.135130
10 0.506903 0.225312 0.019975 0.031634
8 0.534398 0.176697 0.052487 0.133180
0 0.589000 0.181553 0.053211 0.137675
0 0.644435 0.187291 0.053565 0.138979
8 0.701491 0.189923 0.055307 0.142799
5 0.246047 0.345573 0.048361 0.138212
8 0.301624 0.346654 0.052516 0.138533
10 0.327586 0.401840 0.019905 0.032049
0 0.359677 0.350368 0.053148 0.135198
9 0.416336 0.353011 0.052636 0.140738
2 0.738409 0.379042 0.050607 0.127577
4 0.794713 0.382026 0.051125 0.117889
5 0.850162 0.388429 0.050273 0.132663
2 0.238121 0.528756 0.055911 0.141068
7 0.299164 0.528150 0.049178 0.134191
0 0.351857 0.540139 0.054337 0.135629
1 0.636030 0.563438 0.024268 0.119822
1 0.688654 0.562254 0.025855 0.118736
2 0.730841 0.568318 0.050469 0.133237
10 0.757978 0.621153 0.019283 0.032092
2 0.786356 0.567134 0.047549 0.129609
9 0.787406 0.570813 0.050107 0.133505
5 0.220172 0.698217 0.049410 0.134026
9 0.278423 0.702483 0.053449 0.135824
5 0.333016 0.711726 0.050255 0.140763
6 0.388276 0.708995 0.052366 0.139068
0 0.445432 0.715418 0.053536 0.133439
10 0.467800 0.773871 0.019766 0.029686
6 0.501221 0.720545 0.052637 0.137728
4 0.559863 0.727110 0.051896 0.119333
