3 0.203005 0.158093 0.050128 0.131306
8 0.256797 0.159348 0.055012 0.139421
7 0.317192 0.160583 0.049227 0.131268
10 0.338047 0.222631 0.017845 0.030476
3 0.370194 0.169582 0.050891 0.137253
7 0.430736 0.171322 0.040992 0.131727
1 0.438695 0.171456 0.024654 0.112691
2 0.481757 0.176133 0.050966 0.132300
10 0.504139 0.229399 0.018962 0.028845
5 0.536487 0.178991 0.052357 0.139954
3 0.537234 0.181021 0.050900 0.137035
6 0.590556 0.183660 0.053498 0.136416
10 0.615135 0.240323 0.019043 0.029337
9 0.648808 0.188408 0.051610 0.132754
1 0.717940 0.190982 0.025432 0.109766
0 0.303358 0.348273 0.049630 0.132671
10 0.326757 0.403238 0.020439 0.035003
0 0.359625 0.351932 0.052718 0.132904
0 0.416155 0.353136 0.054471 0.136709
2 0.740486 0.379553 0.049948 0.125669
4 0.797420 0.383423 0.049843 0.109931
5 0.852394 0.389239 0.049310 0.132093
2 0.238254 0.528362 0.054911 0.141109
6 0.294194 0.529934 0.053845 0.139539
10 0.319083 0.588914 0.020055 0.028815
5 0.352419 0.531049 0.048735 0.134416
3 0.353312 0.539775 0.050751 0.135276
1 0.637337 0.561654 0.025856 0.115779
1 0.690754 0.563347 0.027301 0.122471
3 0.734092 0.568856 0.049448 0.132428
10 0.756845 0.623325 0.020599 0.031684
7 0.794044 0.562946 0.046137 0.129727
5 0.220544 0.695867 0.049447 0.132969
9 0.278290 0.699744 0.051145 0.130394
8 0.333151 0.710192 0.053159 0.138514
8 0.388991 0.712309 0.053536 0.139571
0 0.446794 0.712851 0.055026 0.135850
10 0.468628 0.771912 0.019584 0.028935
2 0.503188 0.719018 0.051743 0.138161
0 0.560160 0.722269 0.052729 0.134420
