4 0.186109 0.149389 0.051082 0.114393
6 0.239801 0.154789 0.052462 0.134233
9 0.295241 0.160239 0.051302 0.130840
4 0.352003 0.161582 0.051552 0.120368
1 0.419403 0.168619 0.025093 0.115199
9 0.460824 0.173891 0.049481 0.131283
10 0.481816 0.225406 0.017559 0.026924
9 0.516716 0.175415 0.051923 0.134874
1 0.583994 0.181657 0.026907 0.120232
6 0.623797 0.186304 0.049890 0.133356
4 0.681747 0.191530 0.052489 0.119388
0 0.283474 0.346320 0.051673 0.133819
10 0.307666 0.395203 0.021043 0.034129
0 0.338750 0.349163 0.052768 0.139821
0 0.395765 0.353562 0.052699 0.134231
2 0.713913 0.382308 0.054116 0.141796
10 0.736641 0.434680 0.019170 0.031893
4 0.771202 0.382192 0.051316 0.119349
5 0.824938 0.388209 0.048238 0.131096
2 0.219570 0.519947 0.052016 0.135150
6 0.219875 0.523731 0.055028 0.141681
6 0.274098 0.522222 0.051985 0.134779
10 0.298111 0.581893 0.018482 0.028901
8 0.331234 0.529061 0.052845 0.135722
1 0.611211 0.554406 0.026368 0.121033
1 0.663535 0.562195 0.025295 0.122154
4 0.706457 0.563642 0.050170 0.116053
10 0.728604 0.619844 0.020132 0.030686
1 0.775395 0.570985 0.026789 0.127779
1 0.220623 0.687594 0.024022 0.117127
1 0.258824 0.691082 0.052368 0.138196
8 0.258969 0.692718 0.051651 0.131399
5 0.313347 0.696114 0.050067 0.136441
2 0.368422 0.697534 0.051898 0.136923
8 0.424130 0.700253 0.053404 0.133682
1 0.424564 0.711797 0.054321 0.143602
10 0.447928 0.764019 0.019572 0.031735
1 0.493077 0.714156 0.026428 0.126138
1 0.549585 0.714306 0.026395 0.128036
