4 0.187475 0.151986 0.052195 0.123367
6 0.239976 0.157441 0.050716 0.135263
9 0.296495 0.162010 0.052116 0.131383
4 0.353322 0.163779 0.051286 0.121321
1 0.420018 0.172801 0.025885 0.119083
1 0.456024 0.172086 0.063927 0.129882
9 0.462182 0.175594 0.050686 0.135659
10 0.484446 0.227685 0.017930 0.028066
9 0.517438 0.182556 0.052960 0.132799
1 0.586311 0.183709 0.026499 0.120141
6 0.626661 0.188752 0.050966 0.136679
4 0.683460 0.191014 0.052701 0.122157
0 0.284044 0.347292 0.052469 0.136518
10 0.310305 0.403763 0.019589 0.030594
0 0.339569 0.350512 0.052664 0.139201
0 0.396376 0.355664 0.053499 0.135664
2 0.716476 0.383747 0.054140 0.140566
10 0.741522 0.434527 0.020976 0.029196
4 0.772739 0.384586 0.052233 0.119329
5 0.827620 0.392408 0.049914 0.131433
2 0.220219 0.521346 0.052382 0.135927
6 0.275481 0.524259 0.053018 0.135441
10 0.298578 0.581022 0.019679 0.032458
3 0.332784 0.532346 0.048764 0.126249
1 0.612277 0.554208 0.026742 0.122532
1 0.666847 0.562659 0.025522 0.124273
4 0.708158 0.563231 0.052244 0.114976
10 0.730521 0.619892 0.020702 0.031194
1 0.776882 0.571120 0.027180 0.125009
1 0.221418 0.689759 0.024684 0.114446
1 0.259093 0.692500 0.053020 0.136843
8 0.259325 0.694151 0.051606 0.134859
5 0.314050 0.699123 0.050006 0.136621
2 0.369105 0.699374 0.052464 0.138403
8 0.425496 0.703121 0.054392 0.135048
1 0.426302 0.714000 0.055723 0.143297
10 0.448170 0.765476 0.020190 0.032792
1 0.495801 0.717485 0.026496 0.124536
1 0.550990 0.718056 0.027530 0.133911
