4 0.190185 0.150053 0.050842 0.120850
10 0.214353 0.207706 0.017932 0.028106
6 0.242442 0.153640 0.051764 0.132816
9 0.299576 0.160204 0.051127 0.132152
4 0.353788 0.160981 0.050948 0.123013
1 0.420298 0.168968 0.026381 0.120808
9 0.462525 0.172800 0.051141 0.135592
10 0.483519 0.224001 0.017410 0.027191
9 0.517297 0.177574 0.051515 0.132905
7 0.579481 0.175533 0.040147 0.126617
1 0.583571 0.177286 0.031386 0.125532
6 0.626253 0.182515 0.050035 0.138497
4 0.682452 0.187198 0.053639 0.125849
0 0.286826 0.343121 0.053226 0.133616
10 0.310928 0.398544 0.018494 0.028321
0 0.340963 0.348861 0.052512 0.135060
0 0.395985 0.354410 0.051714 0.136276
2 0.715077 0.382339 0.054087 0.141692
10 0.738279 0.434561 0.018841 0.032364
4 0.771801 0.382902 0.051740 0.119100
5 0.825506 0.388570 0.048176 0.132085
2 0.223555 0.521295 0.053916 0.143848
7 0.282281 0.519556 0.046960 0.130576
0 0.285224 0.527705 0.052771 0.138634
10 0.301662 0.583665 0.018025 0.029506
0 0.333900 0.527416 0.052622 0.135829
1 0.611076 0.553894 0.026193 0.122693
1 0.664414 0.561672 0.026076 0.127246
4 0.675881 0.562680 0.045241 0.119221
4 0.707724 0.562692 0.052569 0.117080
1 0.775737 0.570213 0.026482 0.125222
1 0.222643 0.687574 0.025852 0.116743
8 0.261466 0.692700 0.050455 0.134972
1 0.261928 0.691565 0.050119 0.135762
5 0.315949 0.696999 0.050910 0.138067
5 0.369275 0.699372 0.053144 0.137747
2 0.370293 0.698399 0.052026 0.134792
8 0.425478 0.707789 0.053766 0.136219
1 0.426722 0.711504 0.054385 0.140901
10 0.450034 0.763301 0.019017 0.031658
1 0.496308 0.713011 0.026349 0.125018
1 0.550844 0.713580 0.026802 0.130315
