4 0.187460 0.145139 0.053743 0.121769
6 0.240322 0.151487 0.050836 0.131652
9 0.296349 0.155908 0.052146 0.131436
4 0.352160 0.158224 0.053348 0.123228
1 0.420400 0.164264 0.025700 0.121546
9 0.460868 0.167519 0.049887 0.132598
10 0.483192 0.227222 0.017732 0.029024
9 0.518260 0.171570 0.052356 0.137659
1 0.586604 0.179025 0.026034 0.119042
6 0.626464 0.183023 0.049963 0.138794
4 0.683867 0.185784 0.053820 0.123614
0 0.284620 0.343528 0.051330 0.134471
10 0.309802 0.398198 0.017810 0.026618
0 0.339625 0.346482 0.052645 0.136796
0 0.395814 0.349004 0.053874 0.141238
2 0.715836 0.380114 0.054655 0.142884
10 0.739986 0.432199 0.019386 0.032019
4 0.773738 0.379001 0.050807 0.120701
5 0.827730 0.386667 0.047025 0.129468
2 0.220273 0.517771 0.052469 0.142731
6 0.220677 0.520291 0.055020 0.141579
6 0.276488 0.521021 0.053303 0.132418
10 0.297371 0.575849 0.020089 0.030771
1 0.348074 0.530047 0.024997 0.119488
1 0.612599 0.550400 0.026261 0.121112
1 0.666147 0.560692 0.025887 0.128737
3 0.708637 0.564543 0.050756 0.136341
10 0.731818 0.612280 0.018568 0.033380
7 0.767528 0.561392 0.049233 0.131297
1 0.221210 0.686865 0.023617 0.117534
8 0.259305 0.692013 0.052341 0.137651
1 0.259426 0.690817 0.052109 0.138173
5 0.314456 0.694572 0.050394 0.137309
2 0.369352 0.696849 0.052584 0.136168
8 0.425715 0.699995 0.054439 0.134412
1 0.425798 0.709409 0.053648 0.141903
10 0.447823 0.763507 0.019772 0.031477
1 0.495409 0.712553 0.026114 0.126398
1 0.550692 0.711037 0.026361 0.130740
