4 0.189570 0.148632 0.052120 0.123268
6 0.242799 0.152697 0.051573 0.133080
9 0.298707 0.157628 0.052403 0.132120
8 0.299168 0.158553 0.052996 0.141845
4 0.355055 0.160423 0.051259 0.121139
1 0.423370 0.169853 0.026883 0.122773
9 0.464302 0.172385 0.051752 0.138265
10 0.485629 0.223682 0.016980 0.027898
9 0.519448 0.177661 0.052399 0.136843
1 0.587801 0.180996 0.027405 0.121917
6 0.627504 0.184348 0.051630 0.138121
4 0.684550 0.187036 0.052795 0.123538
0 0.287310 0.342678 0.053815 0.137121
10 0.311176 0.397439 0.018778 0.029519
0 0.341877 0.348301 0.051725 0.137602
0 0.397734 0.352559 0.051694 0.134230
2 0.717078 0.382138 0.054210 0.141746
10 0.739722 0.434229 0.018163 0.030787
4 0.773636 0.382837 0.051926 0.118790
5 0.828157 0.388975 0.047885 0.132223
2 0.224777 0.521631 0.054008 0.145942
7 0.282745 0.520875 0.045638 0.132578
10 0.304659 0.578674 0.017972 0.030478
0 0.334493 0.526700 0.054485 0.135302
1 0.613585 0.556856 0.025797 0.121706
1 0.667268 0.559982 0.026237 0.126119
4 0.710457 0.564808 0.049668 0.114321
1 0.778089 0.569821 0.027257 0.126106
1 0.223909 0.688325 0.024519 0.115584
8 0.262029 0.693846 0.050550 0.134785
1 0.262031 0.691997 0.049514 0.135462
5 0.316349 0.695239 0.049131 0.133271
2 0.370091 0.703253 0.052055 0.134061
5 0.371371 0.699110 0.049815 0.134073
8 0.427410 0.702630 0.054812 0.137847
1 0.427468 0.711754 0.053341 0.143899
10 0.451721 0.764351 0.019566 0.032746
1 0.497479 0.709825 0.027579 0.128986
1 0.553010 0.715552 0.026174 0.130664
