3 0.202382 0.157109 0.050595 0.136119
8 0.256847 0.159705 0.054651 0.139946
7 0.316687 0.161222 0.050613 0.131110
3 0.370098 0.168501 0.052201 0.138527
5 0.370153 0.167724 0.050433 0.137421
7 0.431463 0.171825 0.039215 0.133647
1 0.438432 0.173155 0.024618 0.111323
2 0.481032 0.175849 0.052240 0.135801
10 0.503894 0.229892 0.019364 0.029842
2 0.536336 0.178678 0.052909 0.139657
3 0.537056 0.181248 0.050531 0.134718
6 0.590235 0.183206 0.053290 0.141437
9 0.648749 0.188187 0.051449 0.132368
0 0.302593 0.351559 0.051891 0.138863
10 0.328666 0.401753 0.019516 0.037000
0 0.359552 0.351548 0.052830 0.134807
0 0.413636 0.355639 0.056285 0.136267
2 0.740079 0.381297 0.050323 0.131202
4 0.797039 0.383736 0.049480 0.110996
5 0.852202 0.388954 0.048675 0.130833
2 0.238208 0.529036 0.054581 0.141302
6 0.292448 0.531492 0.051361 0.136442
10 0.318266 0.585604 0.019905 0.030292
6 0.350825 0.532018 0.050959 0.135483
1 0.637165 0.562359 0.025394 0.124451
1 0.689473 0.561462 0.027660 0.116774
4 0.734311 0.565289 0.050430 0.116690
10 0.757143 0.622601 0.020988 0.031588
1 0.803574 0.570768 0.025988 0.116341
5 0.220660 0.696319 0.049725 0.134380
9 0.278533 0.700316 0.051394 0.131628
8 0.333168 0.710368 0.052735 0.137199
8 0.388650 0.713153 0.054073 0.141064
10 0.445691 0.719521 0.053017 0.138313
0 0.446707 0.712960 0.055113 0.136341
10 0.468152 0.771453 0.019455 0.028628
2 0.502978 0.718961 0.051627 0.136858
0 0.559922 0.722168 0.052140 0.132887
