4 0.182983 0.147918 0.052478 0.119736
6 0.236703 0.154556 0.053102 0.137956
9 0.292825 0.158871 0.051152 0.131756
4 0.348485 0.160417 0.053031 0.119401
1 0.418089 0.169490 0.025403 0.118498
9 0.458860 0.172009 0.048381 0.128266
10 0.480638 0.225229 0.017528 0.026505
9 0.516006 0.174941 0.053043 0.137720
1 0.583425 0.181754 0.027634 0.122654
6 0.623955 0.185320 0.050445 0.136176
4 0.681742 0.190542 0.053490 0.118575
0 0.281416 0.346245 0.053033 0.137151
10 0.305140 0.397522 0.021320 0.032979
0 0.337667 0.349089 0.052900 0.139101
0 0.394010 0.355027 0.053566 0.138558
2 0.714678 0.382814 0.054487 0.142065
10 0.735715 0.434317 0.019129 0.030439
4 0.772083 0.382241 0.051834 0.118143
5 0.826871 0.389013 0.048365 0.131021
2 0.217452 0.521106 0.053378 0.134525
6 0.271968 0.523509 0.053527 0.135373
10 0.296644 0.584398 0.018559 0.029835
3 0.330503 0.531244 0.049260 0.127107
1 0.610661 0.555288 0.026082 0.119896
1 0.664746 0.563216 0.024748 0.123702
2 0.706668 0.562200 0.052582 0.134752
10 0.729972 0.615780 0.018217 0.032780
7 0.765682 0.567702 0.046781 0.125218
1 0.217563 0.690121 0.024051 0.116257
1 0.255561 0.692712 0.052132 0.137567
8 0.255720 0.693041 0.051572 0.130280
5 0.310759 0.696594 0.050440 0.134869
2 0.365897 0.706494 0.053301 0.135437
8 0.422656 0.703036 0.053912 0.135324
1 0.423694 0.713722 0.055855 0.142818
10 0.445297 0.765400 0.019773 0.029657
1 0.491987 0.716880 0.026736 0.125532
1 0.548855 0.719113 0.027301 0.131280
