4 0.185589 0.147096 0.052963 0.119482
6 0.239360 0.152605 0.052186 0.134247
9 0.295392 0.157644 0.051576 0.131027
4 0.351935 0.157285 0.052418 0.121780
1 0.419731 0.167242 0.025025 0.117854
1 0.459929 0.170664 0.050107 0.136194
9 0.460086 0.170459 0.048630 0.127583
10 0.482317 0.229609 0.018187 0.029446
9 0.517402 0.173715 0.052300 0.137008
1 0.586283 0.179952 0.025996 0.117637
6 0.625584 0.183259 0.048649 0.134811
4 0.683643 0.186854 0.053885 0.123726
0 0.283905 0.342098 0.052574 0.130501
10 0.308628 0.399297 0.018135 0.027022
0 0.338896 0.347806 0.052272 0.139235
0 0.395894 0.352338 0.052998 0.135011
2 0.715343 0.381387 0.054229 0.141900
10 0.737057 0.433309 0.019200 0.031602
4 0.772763 0.379928 0.051560 0.119888
5 0.827109 0.387782 0.047728 0.130642
2 0.219520 0.519393 0.052240 0.133447
6 0.219583 0.523415 0.055395 0.142036
6 0.275727 0.521974 0.054018 0.132653
10 0.297418 0.578204 0.020425 0.031117
1 0.346972 0.528232 0.025375 0.117284
1 0.611963 0.553613 0.026581 0.122733
1 0.666204 0.562057 0.025353 0.124790
3 0.708505 0.560677 0.051334 0.132433
10 0.730465 0.619989 0.019665 0.030549
1 0.777045 0.568752 0.027021 0.123995
1 0.220823 0.688573 0.023705 0.117475
1 0.257992 0.691736 0.053045 0.137668
8 0.258529 0.693023 0.052536 0.133154
5 0.313468 0.696161 0.050063 0.135479
2 0.368297 0.697896 0.053109 0.136217
8 0.424892 0.701254 0.053836 0.135453
1 0.424898 0.712133 0.054160 0.142606
10 0.446455 0.764159 0.020327 0.031267
1 0.494358 0.713762 0.026078 0.124663
1 0.550342 0.716242 0.027062 0.132254
