4 0.182855 0.146576 0.051358 0.117540
6 0.235925 0.152820 0.052102 0.134496
9 0.292400 0.157240 0.051148 0.132974
4 0.348494 0.157302 0.053763 0.123632
1 0.417424 0.167121 0.025720 0.121274
9 0.458091 0.171293 0.050109 0.135080
10 0.480286 0.229440 0.018504 0.028618
9 0.514074 0.176563 0.052421 0.131787
1 0.582660 0.179408 0.026452 0.119714
1 0.620960 0.181594 0.052288 0.138535
6 0.621556 0.183420 0.051224 0.138124
4 0.679324 0.188083 0.054355 0.122663
0 0.280303 0.344967 0.053251 0.136485
10 0.304242 0.395725 0.020917 0.032782
0 0.336967 0.347066 0.051922 0.133788
0 0.393664 0.349055 0.053823 0.138722
2 0.711668 0.378571 0.052169 0.131709
10 0.734420 0.431779 0.019549 0.031450
4 0.770145 0.380011 0.050785 0.118874
5 0.823598 0.388779 0.049805 0.133288
2 0.216806 0.519364 0.052889 0.131036
5 0.271816 0.521449 0.050124 0.134735
10 0.294831 0.575221 0.017225 0.029046
8 0.328480 0.525493 0.052718 0.134653
1 0.609208 0.553807 0.026227 0.122297
1 0.661391 0.562621 0.025114 0.126382
2 0.703008 0.559591 0.052420 0.134148
10 0.727610 0.614300 0.019041 0.030254
9 0.759431 0.567032 0.050849 0.135661
1 0.216702 0.687582 0.023796 0.115594
1 0.254844 0.692321 0.051573 0.137442
8 0.254986 0.692751 0.052011 0.132039
9 0.255266 0.689424 0.048440 0.130376
5 0.310374 0.696568 0.049740 0.137280
2 0.364930 0.703315 0.052642 0.136477
8 0.421430 0.701242 0.053824 0.135710
1 0.421690 0.711756 0.052784 0.142899
10 0.444595 0.764530 0.019088 0.029346
1 0.492584 0.708320 0.026647 0.119593
1 0.546465 0.720427 0.025685 0.125313
