4 0.189629 0.147748 0.049775 0.121131
6 0.241612 0.152092 0.050948 0.129654
9 0.296987 0.156911 0.052451 0.130276
4 0.352843 0.158660 0.051945 0.122615
1 0.418744 0.166504 0.026447 0.119850
1 0.460429 0.171450 0.050292 0.138071
9 0.461266 0.170970 0.050219 0.130752
10 0.483459 0.224508 0.017229 0.026463
9 0.517547 0.174424 0.053723 0.137372
1 0.585230 0.180804 0.026855 0.121072
6 0.625243 0.184068 0.049678 0.134944
4 0.681766 0.186534 0.051888 0.119819
0 0.285351 0.340714 0.052800 0.133857
10 0.309999 0.398477 0.018337 0.026351
0 0.339712 0.347819 0.051521 0.135810
0 0.396054 0.349440 0.051859 0.128988
2 0.713239 0.379577 0.052141 0.132331
10 0.737614 0.433571 0.019013 0.031456
4 0.771450 0.380940 0.051596 0.120101
5 0.825083 0.387943 0.048098 0.131159
3 0.221038 0.519877 0.050888 0.133176
0 0.277117 0.522513 0.053168 0.131404
10 0.298680 0.577568 0.019409 0.031498
0 0.332072 0.528819 0.052538 0.138678
1 0.610746 0.553647 0.025814 0.119156
1 0.663684 0.556017 0.026660 0.118872
4 0.707404 0.562966 0.050782 0.118040
10 0.728741 0.617989 0.019214 0.029869
1 0.774833 0.569976 0.026978 0.118897
1 0.221892 0.687158 0.024573 0.116838
1 0.260390 0.691155 0.050899 0.136017
8 0.260539 0.692202 0.051691 0.134845
5 0.314717 0.696187 0.049929 0.135567
2 0.369763 0.697340 0.051910 0.137742
8 0.425384 0.700000 0.053309 0.134418
1 0.425981 0.710540 0.056458 0.140879
10 0.447048 0.761594 0.018792 0.030880
1 0.493737 0.711236 0.027379 0.125772
1 0.550008 0.711711 0.026898 0.128021
