3 0.205855 0.157045 0.048374 0.127614
8 0.258532 0.158340 0.054930 0.139319
7 0.317818 0.159398 0.050720 0.128766
5 0.369805 0.166600 0.047851 0.129829
7 0.428281 0.169664 0.049166 0.122564
1 0.434787 0.170604 0.027778 0.107942
9 0.480873 0.173198 0.051932 0.132525
10 0.502890 0.225387 0.020319 0.032637
9 0.536102 0.179645 0.051108 0.131571
0 0.589892 0.183246 0.052298 0.132713
2 0.646285 0.185699 0.051688 0.136196
7 0.707507 0.184142 0.046166 0.134477
5 0.249689 0.343395 0.049725 0.142569
7 0.309173 0.340692 0.046154 0.126706
10 0.329768 0.402070 0.019394 0.030043
4 0.362512 0.350389 0.050522 0.117587
3 0.418642 0.355021 0.050636 0.140134
2 0.738918 0.378237 0.050420 0.125858
4 0.794975 0.380683 0.050682 0.115197
5 0.850249 0.387575 0.049590 0.128280
2 0.240667 0.526265 0.055336 0.138212
7 0.302167 0.523584 0.044610 0.129478
10 0.318935 0.583604 0.019573 0.027840
5 0.353580 0.530951 0.048477 0.133706
1 0.637414 0.559394 0.024157 0.118535
1 0.689543 0.560603 0.025836 0.119085
2 0.731667 0.566266 0.050937 0.132991
10 0.754642 0.615155 0.018085 0.026672
2 0.787227 0.565357 0.046788 0.129535
9 0.788049 0.567750 0.049710 0.126112
5 0.223331 0.694571 0.048488 0.131333
9 0.281135 0.702880 0.051085 0.131359
3 0.337283 0.707849 0.049822 0.135456
9 0.337327 0.702237 0.052833 0.138885
7 0.354356 0.700377 0.083390 0.128121
7 0.396230 0.707048 0.048857 0.132112
1 0.463035 0.717626 0.025116 0.120823
10 0.469139 0.771005 0.020666 0.031327
7 0.506956 0.717428 0.045476 0.131043
4 0.560587 0.723865 0.051865 0.119377
