4 0.185648 0.146577 0.054034 0.122851
6 0.239458 0.152767 0.052183 0.135088
9 0.295686 0.157867 0.052057 0.132326
4 0.352461 0.157331 0.052421 0.122484
1 0.419613 0.167561 0.024806 0.117028
1 0.460045 0.170940 0.050426 0.137002
9 0.461046 0.171736 0.052702 0.138095
10 0.482755 0.229321 0.018192 0.029691
9 0.517390 0.173380 0.052243 0.137458
1 0.585533 0.180172 0.026539 0.117293
6 0.625807 0.184253 0.050376 0.135220
4 0.683527 0.189080 0.053477 0.116821
0 0.283578 0.345004 0.051753 0.135148
10 0.307163 0.394264 0.020258 0.032380
0 0.338842 0.347251 0.052273 0.138686
0 0.395564 0.351912 0.052693 0.134490
2 0.715267 0.380966 0.054219 0.142020
10 0.736845 0.433827 0.019430 0.031513
4 0.772786 0.379970 0.051507 0.120041
5 0.827044 0.387864 0.047845 0.130448
2 0.219716 0.519246 0.052064 0.133989
5 0.274759 0.521722 0.050278 0.136028
10 0.298328 0.575922 0.018833 0.031274
8 0.331102 0.528743 0.053104 0.136365
1 0.611829 0.552904 0.026295 0.122685
1 0.665858 0.561589 0.024983 0.127103
2 0.706207 0.559129 0.049899 0.128754
10 0.729713 0.616302 0.019815 0.030514
8 0.760388 0.565883 0.053629 0.140065
1 0.221013 0.688453 0.023524 0.116478
1 0.257882 0.691722 0.052820 0.138328
8 0.258588 0.692377 0.051938 0.132075
5 0.313419 0.696065 0.050181 0.135893
2 0.368345 0.697911 0.052571 0.138370
8 0.424776 0.701014 0.053714 0.135125
1 0.424983 0.711973 0.055094 0.143830
10 0.446854 0.765971 0.019830 0.031726
1 0.493844 0.714319 0.026279 0.125812
1 0.550277 0.714379 0.027011 0.130965
