4 0.193031 0.132229 0.048474 0.113750
6 0.242694 0.152865 0.047185 0.132321
8 0.622204 0.177770 0.056027 0.149526
0 0.286510 0.354504 0.052215 0.115305
0 0.343759 0.345610 0.055282 0.131212
8 0.396840 0.351829 0.053580 0.128573
0 0.400550 0.350595 0.058910 0.130641
2 0.719453 0.378551 0.049697 0.121490
4 0.775417 0.381537 0.047546 0.119701
5 0.823431 0.384478 0.051195 0.136170
2 0.222247 0.516435 0.052224 0.138191
8 0.279799 0.524372 0.047782 0.126437
6 0.335236 0.525282 0.051918 0.135269
8 0.264605 0.688214 0.052584 0.122581
8 0.427524 0.701560 0.057677 0.150854
1 0.498188 0.705535 0.029329 0.113839
