3 0.202824 0.157901 0.050110 0.131458
8 0.257111 0.160704 0.055283 0.141406
7 0.316723 0.160343 0.050009 0.134743
5 0.369562 0.167715 0.050494 0.137958
3 0.369814 0.167265 0.051695 0.138408
7 0.426954 0.171483 0.048552 0.130775
1 0.436340 0.171437 0.026214 0.111733
2 0.480513 0.175984 0.053418 0.135391
10 0.504012 0.229623 0.019073 0.029025
5 0.536329 0.178925 0.052911 0.139809
3 0.537155 0.181140 0.051646 0.138232
6 0.589823 0.183856 0.053143 0.141091
10 0.615761 0.239389 0.019174 0.029566
9 0.648557 0.187303 0.051618 0.134101
7 0.704094 0.189004 0.046950 0.135396
1 0.712140 0.193780 0.035529 0.125934
0 0.302280 0.351206 0.052318 0.140588
10 0.328525 0.402577 0.019852 0.036512
0 0.359174 0.351612 0.053119 0.135290
0 0.416255 0.352120 0.054644 0.139899
2 0.740333 0.379664 0.050680 0.126571
4 0.797042 0.383192 0.051585 0.114884
5 0.852245 0.389206 0.049267 0.132077
2 0.238151 0.529245 0.055186 0.141021
6 0.294674 0.529733 0.053553 0.139125
10 0.316688 0.591375 0.019831 0.035008
1 0.366805 0.542734 0.025298 0.117285
1 0.637488 0.560977 0.025204 0.114318
1 0.690530 0.561465 0.028208 0.121613
3 0.732873 0.569073 0.049532 0.136744
10 0.757471 0.618835 0.017325 0.027166
8 0.787417 0.569457 0.051916 0.136058
5 0.220913 0.696267 0.049301 0.133453
9 0.278397 0.699985 0.051100 0.131193
8 0.333195 0.709975 0.053637 0.140293
8 0.388941 0.712424 0.053538 0.139065
0 0.446851 0.712781 0.055083 0.135917
10 0.468609 0.770986 0.019347 0.029208
2 0.503218 0.718496 0.052112 0.137367
0 0.559987 0.721962 0.052756 0.134053
