4 0.190983 0.150133 0.050140 0.119999
6 0.243612 0.156311 0.050387 0.137028
9 0.299339 0.157588 0.053351 0.134247
4 0.355768 0.163291 0.051629 0.128907
7 0.416687 0.167435 0.039968 0.128044
9 0.461649 0.174091 0.053623 0.145337
10 0.485997 0.225664 0.019744 0.030988
9 0.518851 0.176017 0.054174 0.144941
8 0.521286 0.175463 0.050388 0.136695
6 0.621163 0.185793 0.057307 0.145654
4 0.681949 0.187650 0.052099 0.123718
0 0.288678 0.345086 0.053391 0.139384
0 0.343385 0.347113 0.053848 0.137182
0 0.398226 0.350704 0.053445 0.138179
2 0.717009 0.381403 0.048941 0.121556
4 0.772561 0.385825 0.051580 0.119015
5 0.825851 0.389403 0.047490 0.135087
2 0.224289 0.522937 0.052604 0.145830
9 0.281594 0.523523 0.053957 0.137358
7 0.338522 0.525740 0.044505 0.131326
1 0.613159 0.554005 0.025990 0.114449
1 0.666822 0.557600 0.030149 0.117945
4 0.706519 0.561743 0.052988 0.113122
1 0.772784 0.565437 0.029220 0.120717
1 0.225458 0.689221 0.023779 0.114091
8 0.263899 0.693201 0.051072 0.137423
5 0.316771 0.695138 0.049031 0.136112
5 0.368295 0.701150 0.057206 0.143125
2 0.371274 0.701117 0.052218 0.137094
8 0.427319 0.705581 0.054818 0.137480
1 0.495886 0.706655 0.029746 0.130908
1 0.550945 0.712893 0.026143 0.122730
