4 0.189719 0.150141 0.050974 0.118427
6 0.242485 0.154013 0.051679 0.133184
9 0.299474 0.161200 0.050522 0.131130
4 0.355346 0.161009 0.050809 0.118220
1 0.422502 0.169860 0.025745 0.118063
9 0.463726 0.174054 0.051155 0.136062
10 0.485810 0.225042 0.017183 0.027041
9 0.520078 0.174861 0.053180 0.136013
1 0.587769 0.183782 0.024618 0.121281
6 0.627773 0.185599 0.050594 0.134610
4 0.684998 0.190895 0.052722 0.117966
0 0.286938 0.343230 0.053220 0.134362
10 0.311986 0.401968 0.019670 0.031979
0 0.341449 0.348012 0.051451 0.137674
0 0.397792 0.353936 0.053499 0.135824
2 0.716959 0.382196 0.054244 0.140938
10 0.739004 0.435101 0.018403 0.031004
4 0.773487 0.382255 0.051382 0.118345
5 0.828220 0.389032 0.048072 0.131275
2 0.223618 0.521794 0.054225 0.139111
5 0.278794 0.522661 0.049233 0.133142
10 0.301248 0.579371 0.020055 0.032972
9 0.335355 0.530680 0.050358 0.132576
1 0.614236 0.556107 0.025237 0.119013
1 0.668268 0.560831 0.025311 0.121523
3 0.708648 0.565055 0.048589 0.129295
10 0.731795 0.614412 0.018617 0.030372
9 0.763604 0.567555 0.050667 0.131106
1 0.223225 0.686998 0.024120 0.112652
8 0.261771 0.693034 0.051619 0.134353
1 0.261960 0.691197 0.050761 0.136668
10 0.283999 0.749943 0.017634 0.028474
5 0.316152 0.693336 0.048972 0.131088
5 0.369941 0.698600 0.053087 0.137358
2 0.371515 0.697640 0.052362 0.135418
1 0.427159 0.709930 0.052317 0.141624
8 0.427227 0.701446 0.054010 0.133924
10 0.450029 0.764183 0.019564 0.030565
1 0.497782 0.711749 0.025879 0.123709
1 0.552021 0.713872 0.026054 0.127485
