3 0.202448 0.156903 0.049546 0.135992
8 0.256938 0.159172 0.054999 0.139783
7 0.316428 0.159693 0.049984 0.134168
10 0.337172 0.224965 0.018670 0.029553
5 0.369879 0.167684 0.050856 0.138406
3 0.369951 0.166839 0.053092 0.135954
1 0.438671 0.173012 0.024672 0.112206
2 0.480640 0.175847 0.052807 0.134613
10 0.504836 0.228914 0.018343 0.027793
3 0.537012 0.180486 0.051418 0.138635
6 0.590214 0.183521 0.053143 0.135832
9 0.648596 0.189008 0.051592 0.133040
1 0.717704 0.194557 0.030194 0.125080
0 0.301957 0.350023 0.052615 0.140944
10 0.323569 0.401908 0.020404 0.027110
0 0.359377 0.351949 0.053011 0.134620
0 0.416174 0.353287 0.054531 0.137579
2 0.740475 0.380998 0.050297 0.131448
4 0.797576 0.383572 0.049636 0.110024
5 0.852191 0.388955 0.049485 0.132733
2 0.238158 0.528763 0.055109 0.141185
6 0.294396 0.529458 0.053470 0.138748
10 0.315710 0.588370 0.021474 0.034686
1 0.366370 0.542166 0.025373 0.115608
1 0.636836 0.561023 0.025173 0.113787
1 0.690789 0.562838 0.026830 0.122311
3 0.732684 0.569225 0.049235 0.136360
10 0.757482 0.618951 0.017424 0.027027
8 0.786720 0.569570 0.052413 0.136022
5 0.220689 0.696271 0.049067 0.133110
9 0.278321 0.700098 0.051300 0.131450
8 0.279576 0.707339 0.055420 0.135496
8 0.332995 0.710111 0.053036 0.138587
8 0.388777 0.712602 0.054026 0.140961
0 0.446632 0.712278 0.054831 0.135808
10 0.468273 0.770754 0.019483 0.029361
2 0.503323 0.718495 0.051501 0.136332
0 0.559999 0.722025 0.052832 0.134137
