4 0.185939 0.148654 0.049393 0.115355
6 0.239570 0.153614 0.052073 0.134267
9 0.295331 0.158675 0.051302 0.131477
4 0.351435 0.159206 0.051894 0.121599
1 0.419024 0.169870 0.024891 0.116570
9 0.460550 0.173788 0.053290 0.139251
10 0.481611 0.224620 0.017663 0.027293
9 0.516148 0.178023 0.052763 0.133046
1 0.583680 0.181273 0.027411 0.123400
6 0.624303 0.184951 0.049574 0.134029
4 0.681264 0.187591 0.051326 0.118955
0 0.284141 0.342394 0.052556 0.132964
10 0.308473 0.399567 0.018635 0.027467
0 0.338953 0.348674 0.052383 0.139482
0 0.395215 0.354058 0.052461 0.138286
2 0.714251 0.381489 0.053693 0.141743
10 0.739069 0.434022 0.020088 0.029003
4 0.771101 0.381663 0.051198 0.119418
5 0.824712 0.387761 0.047760 0.129797
2 0.219829 0.519883 0.052206 0.134342
6 0.274081 0.522074 0.051910 0.135461
10 0.298365 0.577754 0.019847 0.031210
8 0.331199 0.529546 0.052796 0.136031
1 0.611588 0.554665 0.026030 0.120850
1 0.663912 0.562295 0.024923 0.121470
4 0.706926 0.563648 0.050222 0.116774
10 0.728779 0.619956 0.020043 0.030721
1 0.775136 0.569906 0.027223 0.119455
1 0.220590 0.689172 0.023967 0.118923
1 0.258215 0.692405 0.052598 0.138357
8 0.258799 0.693480 0.051672 0.132739
5 0.313374 0.696580 0.049915 0.135953
2 0.368239 0.698473 0.052113 0.137750
8 0.423926 0.707287 0.054697 0.139746
1 0.424201 0.712212 0.053668 0.143546
10 0.446893 0.765548 0.020159 0.031698
1 0.493493 0.713344 0.026083 0.125296
1 0.549284 0.715451 0.026679 0.128342
