3 0.201904 0.158469 0.050147 0.137373
8 0.257101 0.159380 0.055129 0.140007
7 0.317220 0.160808 0.050435 0.131500
3 0.369830 0.167683 0.053369 0.136101
9 0.369878 0.168479 0.051406 0.144185
5 0.370094 0.168471 0.050391 0.136657
7 0.428900 0.172298 0.046058 0.128547
1 0.436420 0.171247 0.027081 0.113137
2 0.480542 0.175856 0.053583 0.135869
10 0.505428 0.228758 0.018409 0.028053
5 0.536523 0.178808 0.051624 0.138424
3 0.537334 0.180939 0.050180 0.135585
6 0.590054 0.184390 0.053749 0.141939
9 0.649155 0.187482 0.051278 0.134679
0 0.302369 0.352595 0.052112 0.140334
10 0.323568 0.401565 0.020035 0.026347
0 0.359395 0.351511 0.052745 0.133669
0 0.416184 0.352851 0.054270 0.136488
2 0.739850 0.379813 0.050500 0.127433
4 0.797335 0.382857 0.051676 0.114560
5 0.852324 0.389477 0.049379 0.133058
2 0.238472 0.528479 0.056559 0.140105
7 0.299620 0.527770 0.049555 0.136419
10 0.319406 0.587712 0.016427 0.027888
0 0.353117 0.539976 0.055107 0.136067
1 0.638384 0.560755 0.025467 0.112148
1 0.690402 0.562611 0.027181 0.119807
4 0.734574 0.564767 0.051604 0.117965
10 0.755908 0.623050 0.020295 0.031484
1 0.804274 0.573354 0.025310 0.115257
5 0.220152 0.696318 0.049916 0.134439
9 0.278430 0.700508 0.052130 0.132553
8 0.333146 0.711170 0.053216 0.139174
8 0.388944 0.712808 0.053530 0.139508
0 0.446795 0.712829 0.055103 0.136323
10 0.472266 0.771143 0.020251 0.032168
2 0.503243 0.719236 0.051492 0.136936
0 0.560013 0.725390 0.055359 0.142644
