3 0.205842 0.156960 0.049361 0.131189
8 0.259258 0.159361 0.055586 0.141109
7 0.318410 0.159499 0.051336 0.132233
3 0.372026 0.166974 0.052290 0.138167
5 0.372231 0.167414 0.049955 0.134287
7 0.432219 0.171440 0.040332 0.126042
1 0.438236 0.168641 0.026802 0.114436
2 0.483268 0.175085 0.051216 0.136012
10 0.506893 0.229441 0.020113 0.030988
3 0.538629 0.179101 0.050690 0.137119
6 0.590975 0.182148 0.053516 0.141121
9 0.649538 0.187646 0.051860 0.134783
0 0.306097 0.348458 0.049671 0.132051
10 0.330464 0.403461 0.019272 0.031701
0 0.361734 0.351099 0.052064 0.131556
0 0.418326 0.352409 0.052802 0.138854
2 0.741350 0.384500 0.051730 0.134465
4 0.798382 0.384081 0.050139 0.113066
5 0.853126 0.389163 0.049055 0.133031
2 0.241679 0.528780 0.055740 0.138827
7 0.303298 0.526474 0.045230 0.128812
10 0.321504 0.586916 0.022466 0.031718
6 0.354201 0.531957 0.048308 0.133925
3 0.355383 0.541990 0.051138 0.137933
5 0.355534 0.531866 0.048926 0.128924
1 0.637794 0.562077 0.027104 0.116205
1 0.690747 0.563635 0.028220 0.123281
4 0.736009 0.568099 0.049195 0.111856
10 0.758170 0.623032 0.020521 0.031452
1 0.804546 0.571639 0.025572 0.114592
5 0.223593 0.697740 0.048816 0.134769
9 0.280787 0.700657 0.052491 0.133066
8 0.335796 0.705057 0.053888 0.137063
8 0.391376 0.713490 0.052784 0.137209
0 0.448557 0.714168 0.055095 0.137067
10 0.473818 0.772474 0.020070 0.031746
2 0.504717 0.719591 0.051668 0.137812
0 0.561999 0.725783 0.054953 0.142868
