4 0.189179 0.149268 0.051214 0.121573
6 0.241958 0.153287 0.051485 0.133974
9 0.298745 0.160613 0.050390 0.131780
4 0.353327 0.162941 0.050265 0.116557
1 0.420712 0.168499 0.025328 0.117142
1 0.460811 0.172473 0.049669 0.137377
9 0.462472 0.172260 0.050230 0.135500
10 0.484176 0.224416 0.017369 0.026796
9 0.517498 0.177952 0.051970 0.132135
1 0.585606 0.181742 0.026071 0.119284
6 0.625811 0.185740 0.050350 0.136046
10 0.649435 0.244456 0.018343 0.028847
4 0.682543 0.187709 0.052528 0.121826
0 0.286400 0.342011 0.053358 0.135945
10 0.310000 0.395097 0.020688 0.033561
0 0.340149 0.347834 0.051722 0.138856
0 0.396490 0.352754 0.053349 0.136538
2 0.714747 0.381925 0.053723 0.141107
10 0.736524 0.433207 0.018974 0.030478
4 0.771826 0.381448 0.050817 0.117894
5 0.825555 0.387907 0.047371 0.129693
2 0.222426 0.522084 0.052977 0.139960
6 0.276739 0.521776 0.051951 0.132532
10 0.300161 0.578607 0.020237 0.031238
6 0.331888 0.529315 0.050002 0.135369
1 0.612143 0.554256 0.026238 0.119507
1 0.665731 0.562837 0.025059 0.122119
4 0.706885 0.563190 0.049516 0.116897
10 0.727773 0.619453 0.019617 0.031352
2 0.760198 0.567853 0.051449 0.132054
1 0.222610 0.687582 0.024059 0.113319
8 0.260989 0.693155 0.051965 0.133679
1 0.261044 0.692031 0.051936 0.136738
5 0.315125 0.695952 0.049784 0.134584
2 0.370479 0.697923 0.051849 0.138175
5 0.372133 0.698717 0.053345 0.148057
8 0.425980 0.701496 0.053582 0.133830
1 0.426170 0.711645 0.052872 0.141680
10 0.447353 0.764962 0.020188 0.031389
1 0.495684 0.713828 0.025965 0.124703
1 0.550958 0.715156 0.026778 0.130033
