3 0.204898 0.156282 0.049854 0.132166
8 0.259489 0.159883 0.055220 0.139535
7 0.318833 0.158034 0.050479 0.128707
3 0.371671 0.166618 0.052448 0.139812
7 0.429930 0.170021 0.047094 0.126820
2 0.482436 0.174510 0.053252 0.135724
10 0.506644 0.229230 0.019603 0.029516
3 0.538481 0.179922 0.051450 0.138869
6 0.591322 0.182455 0.053389 0.143087
9 0.649395 0.187725 0.051936 0.135113
7 0.706793 0.188373 0.045380 0.135993
1 0.713135 0.191702 0.036033 0.124544
0 0.305290 0.347922 0.050883 0.133061
10 0.330078 0.403748 0.018885 0.033240
0 0.361499 0.350839 0.052020 0.132609
0 0.418185 0.351766 0.052925 0.139136
2 0.741722 0.383961 0.051281 0.133101
4 0.798318 0.383288 0.049868 0.111054
5 0.853024 0.389084 0.049167 0.133596
1 0.639044 0.561603 0.025816 0.114102
1 0.693174 0.567187 0.024856 0.119777
4 0.735495 0.431186 0.053127 0.239646
4 0.735624 0.566187 0.051123 0.117848
10 0.758178 0.622250 0.020424 0.032784
1 0.804304 0.573232 0.025324 0.114025
2 0.240932 0.529046 0.056079 0.138614
7 0.303954 0.524493 0.046127 0.124981
1 0.369441 0.543461 0.024707 0.116962
5 0.223510 0.697568 0.048706 0.134438
9 0.280849 0.700906 0.052860 0.134163
8 0.335421 0.704859 0.053788 0.137736
8 0.391081 0.713783 0.053275 0.138581
0 0.448415 0.713820 0.055219 0.137959
10 0.474485 0.769147 0.019269 0.029314
2 0.505048 0.719285 0.051302 0.136613
0 0.561730 0.726981 0.055418 0.143823
