4 0.190118 0.149036 0.050338 0.116912
6 0.242615 0.153362 0.051718 0.132996
9 0.299014 0.159502 0.052040 0.131356
4 0.355520 0.161114 0.051068 0.117794
1 0.423313 0.169052 0.025686 0.118847
1 0.462354 0.173971 0.048887 0.134375
9 0.463734 0.173044 0.049759 0.132463
10 0.485160 0.224719 0.017149 0.027243
9 0.519705 0.177779 0.052794 0.132938
1 0.588801 0.180532 0.026780 0.118490
6 0.627871 0.184983 0.051273 0.138582
4 0.684414 0.190911 0.051949 0.118992
0 0.287321 0.342593 0.053533 0.134691
10 0.312088 0.401198 0.019196 0.030643
0 0.341363 0.348706 0.051637 0.137806
0 0.398259 0.353849 0.053578 0.137364
2 0.716996 0.382206 0.053994 0.140316
10 0.739524 0.434421 0.018825 0.030370
4 0.773661 0.381286 0.051736 0.118052
5 0.827583 0.389927 0.050235 0.134321
2 0.223492 0.522105 0.053388 0.139246
6 0.278761 0.522035 0.052847 0.131836
10 0.301024 0.576931 0.020212 0.031706
1 0.349530 0.528409 0.025690 0.120045
1 0.613726 0.556754 0.025258 0.122054
1 0.668166 0.561293 0.025233 0.124982
3 0.707797 0.564606 0.048412 0.130307
10 0.731470 0.613989 0.018650 0.029757
6 0.761358 0.565747 0.050945 0.135178
1 0.222769 0.686482 0.024478 0.114426
1 0.262027 0.690714 0.050193 0.134158
8 0.262096 0.692784 0.050824 0.133225
5 0.316384 0.693420 0.049070 0.131589
5 0.369976 0.698433 0.052444 0.138439
2 0.371391 0.697591 0.052274 0.135141
1 0.427204 0.709755 0.052287 0.141813
8 0.427257 0.700693 0.053748 0.133441
10 0.447893 0.763751 0.019574 0.031434
1 0.498630 0.711380 0.025745 0.123510
1 0.552299 0.711710 0.026223 0.127343
