4 0.186572 0.144948 0.053524 0.122506
6 0.240207 0.151306 0.051057 0.130754
9 0.296427 0.156450 0.052573 0.131782
4 0.352553 0.158750 0.053463 0.120910
1 0.420855 0.165527 0.025892 0.122053
9 0.461441 0.168655 0.049701 0.131254
10 0.485280 0.222339 0.017198 0.026199
9 0.518125 0.172257 0.052299 0.137294
1 0.587751 0.179253 0.026322 0.116839
6 0.626338 0.182455 0.049789 0.138295
4 0.683629 0.185414 0.054588 0.127330
0 0.284892 0.339946 0.052539 0.130830
10 0.308308 0.394177 0.020511 0.032741
0 0.339538 0.346701 0.052672 0.136478
0 0.395321 0.350942 0.053626 0.140407
2 0.716285 0.379588 0.053714 0.140316
10 0.742254 0.431072 0.019742 0.029430
4 0.773104 0.379043 0.051448 0.121292
5 0.827286 0.387522 0.049192 0.133446
2 0.220640 0.518494 0.052113 0.141073
6 0.275781 0.520772 0.052372 0.133106
10 0.298468 0.576683 0.018754 0.030165
5 0.332430 0.528135 0.047809 0.131346
1 0.612380 0.551679 0.026266 0.122259
1 0.665901 0.559360 0.025786 0.127422
4 0.671868 0.560890 0.040333 0.118939
4 0.708541 0.562075 0.051398 0.120930
10 0.730963 0.610957 0.018012 0.029464
2 0.762868 0.566018 0.051014 0.132095
1 0.221278 0.688065 0.023783 0.117072
1 0.259018 0.690478 0.052521 0.138249
8 0.259638 0.691295 0.052654 0.135057
5 0.314292 0.694294 0.050454 0.137513
2 0.369354 0.696758 0.052464 0.135441
8 0.425442 0.699352 0.053881 0.135832
1 0.426152 0.710405 0.055495 0.142504
10 0.449634 0.763909 0.019571 0.032616
1 0.494824 0.711945 0.026716 0.126092
1 0.550560 0.709941 0.026832 0.130778
