3 0.202924 0.157655 0.049736 0.130395
8 0.256807 0.159878 0.055039 0.140145
7 0.315041 0.159784 0.051226 0.133680
3 0.370200 0.166643 0.051744 0.138010
7 0.429942 0.171110 0.042106 0.132794
1 0.437336 0.171654 0.025127 0.111431
2 0.481445 0.176662 0.051385 0.133024
2 0.536543 0.178869 0.052761 0.139518
3 0.536992 0.181246 0.050831 0.136463
6 0.589540 0.183684 0.052860 0.140822
10 0.615102 0.239957 0.019339 0.029772
9 0.648583 0.188586 0.050980 0.132393
0 0.303489 0.349451 0.049654 0.133037
10 0.328397 0.402783 0.019582 0.035445
0 0.359633 0.351669 0.053069 0.134620
0 0.416548 0.352348 0.054451 0.141565
2 0.734408 0.385947 0.056536 0.144441
4 0.796877 0.382368 0.050681 0.112565
5 0.852279 0.389075 0.049591 0.132420
1 0.637789 0.561372 0.023681 0.109287
1 0.689467 0.560985 0.028763 0.115880
4 0.734308 0.565159 0.049291 0.112501
4 0.734666 0.429674 0.052711 0.235540
10 0.759239 0.619696 0.020626 0.032326
1 0.803504 0.571299 0.025658 0.114779
2 0.238086 0.528788 0.055057 0.142047
6 0.293161 0.531620 0.051482 0.135405
10 0.319933 0.589570 0.020128 0.028837
3 0.353135 0.539610 0.050871 0.135127
5 0.353321 0.531347 0.049984 0.132427
5 0.220557 0.695890 0.049716 0.133116
10 0.244751 0.755946 0.017881 0.029187
9 0.278699 0.700301 0.051056 0.131174
8 0.333194 0.710052 0.052985 0.138379
8 0.388941 0.712900 0.053563 0.139868
10 0.445706 0.720556 0.052236 0.136645
0 0.446574 0.713409 0.054966 0.135390
10 0.468725 0.771387 0.019035 0.028494
2 0.503100 0.718588 0.052052 0.137317
0 0.560283 0.725549 0.055433 0.143258
