3 0.202201 0.158744 0.050151 0.132793
8 0.256494 0.159015 0.054823 0.139527
7 0.316703 0.161576 0.049657 0.129856
3 0.369699 0.168111 0.052737 0.143736
1 0.431273 0.172687 0.032128 0.117775
7 0.431757 0.171716 0.040615 0.123323
2 0.479421 0.175229 0.055234 0.135875
10 0.504490 0.231287 0.018849 0.026766
5 0.535840 0.179431 0.051054 0.140833
3 0.536055 0.181153 0.052360 0.142314
6 0.588823 0.184194 0.054206 0.143746
9 0.647278 0.189084 0.052116 0.137516
1 0.717502 0.194556 0.025027 0.117823
0 0.301545 0.351015 0.054268 0.140295
10 0.327118 0.405159 0.019872 0.030607
0 0.359234 0.352514 0.053032 0.135131
0 0.415774 0.355428 0.054470 0.136294
2 0.737599 0.382867 0.052477 0.133900
10 0.762619 0.438749 0.019041 0.029739
4 0.795286 0.386042 0.052343 0.118431
5 0.850361 0.390125 0.051076 0.134746
3 0.238691 0.528771 0.052617 0.138800
0 0.293434 0.536400 0.053928 0.136544
10 0.319123 0.588369 0.019934 0.030950
3 0.352728 0.541403 0.050901 0.135963
1 0.636201 0.563970 0.024783 0.122339
1 0.689248 0.562609 0.026605 0.119618
4 0.731722 0.567644 0.049211 0.118951
1 0.732100 0.567183 0.049464 0.120455
10 0.754308 0.619785 0.016003 0.024241
0 0.787832 0.570555 0.053769 0.136845
5 0.219950 0.696273 0.050400 0.135276
9 0.278398 0.700835 0.051556 0.132154
8 0.278909 0.704157 0.052505 0.135153
8 0.332700 0.711180 0.052959 0.138241
8 0.389625 0.707882 0.052558 0.135625
0 0.445731 0.714308 0.054183 0.133411
10 0.467082 0.772685 0.019144 0.028328
2 0.501807 0.720444 0.052297 0.135162
0 0.558947 0.723152 0.053271 0.134621
8 0.836566 0.707804 0.033608 0.084865
