4 0.185910 0.147952 0.051430 0.116845
6 0.239779 0.152803 0.052062 0.135099
9 0.295188 0.158666 0.051321 0.131595
4 0.351359 0.161619 0.052298 0.119484
1 0.419127 0.169216 0.025396 0.117938
9 0.460860 0.172602 0.051930 0.137017
9 0.516598 0.177973 0.052886 0.134190
1 0.582886 0.180148 0.027855 0.123062
6 0.623992 0.185067 0.049863 0.134224
4 0.681375 0.186923 0.052163 0.120157
0 0.283460 0.346627 0.052527 0.137586
10 0.307623 0.393828 0.020990 0.033936
0 0.338786 0.348445 0.052979 0.141166
0 0.395682 0.353058 0.052909 0.137969
2 0.714356 0.381979 0.053483 0.139194
10 0.737579 0.435726 0.019217 0.032687
4 0.771466 0.381764 0.050485 0.117293
5 0.824504 0.388133 0.047203 0.129019
2 0.220106 0.519851 0.051832 0.135413
6 0.220462 0.524231 0.054672 0.140547
6 0.274610 0.521775 0.052746 0.134930
10 0.297630 0.576187 0.018629 0.029866
6 0.330357 0.529290 0.051396 0.135304
1 0.611084 0.555783 0.026310 0.120477
1 0.663300 0.564455 0.025808 0.123731
4 0.705604 0.564748 0.049364 0.118523
10 0.724732 0.617568 0.019255 0.030379
2 0.759302 0.568057 0.051540 0.133494
1 0.220542 0.688274 0.024052 0.116872
8 0.258977 0.692989 0.050734 0.131431
1 0.259147 0.691482 0.050971 0.136604
5 0.312727 0.695544 0.049652 0.132548
2 0.367868 0.698444 0.052527 0.135504
8 0.424185 0.700773 0.053467 0.134900
1 0.424768 0.712305 0.055399 0.144999
10 0.449861 0.765510 0.019867 0.033646
1 0.494164 0.708664 0.027206 0.121151
1 0.548171 0.714873 0.026127 0.126029
