3 0.202572 0.157465 0.051042 0.133375
8 0.256953 0.159503 0.055095 0.139103
7 0.316462 0.160875 0.051086 0.131099
5 0.369659 0.167528 0.050487 0.138358
3 0.370120 0.166727 0.052771 0.135144
7 0.430104 0.167906 0.043748 0.128877
1 0.437985 0.171845 0.025260 0.112475
2 0.481804 0.175606 0.051498 0.134237
10 0.503961 0.229559 0.018297 0.028551
3 0.537142 0.181256 0.050803 0.136255
6 0.590335 0.183217 0.052871 0.134746
9 0.649223 0.186382 0.052439 0.135355
1 0.711453 0.186936 0.033916 0.120589
0 0.303800 0.349041 0.049724 0.133703
10 0.323298 0.401936 0.020490 0.026932
0 0.359578 0.351989 0.052850 0.134529
0 0.416077 0.353262 0.054239 0.137243
2 0.740865 0.384053 0.051771 0.133841
4 0.797672 0.383693 0.049589 0.110796
5 0.852253 0.389436 0.049121 0.132527
2 0.238293 0.528961 0.055176 0.141220
6 0.293645 0.531754 0.051420 0.136959
10 0.319135 0.586715 0.018109 0.029159
5 0.352093 0.531228 0.048667 0.132994
3 0.353158 0.538892 0.051553 0.132222
1 0.637135 0.561117 0.025502 0.114101
1 0.690553 0.562560 0.027772 0.121650
3 0.733952 0.569165 0.049654 0.132199
10 0.757160 0.623657 0.020453 0.032064
7 0.793709 0.571038 0.047534 0.124930
5 0.220706 0.696428 0.049424 0.132779
9 0.278435 0.699928 0.051142 0.130593
8 0.333815 0.704202 0.053998 0.137911
8 0.389096 0.712644 0.053434 0.139490
0 0.446820 0.713171 0.054982 0.136048
10 0.469148 0.771661 0.019067 0.028328
2 0.503067 0.718977 0.052112 0.136962
0 0.560248 0.721969 0.052491 0.133920
