3 0.202395 0.156704 0.049576 0.135883
8 0.256736 0.158692 0.054437 0.138222
7 0.316505 0.161162 0.051258 0.132279
3 0.370002 0.166193 0.051605 0.138159
7 0.427871 0.169557 0.046180 0.129748
1 0.437708 0.170853 0.024684 0.111417
2 0.480938 0.175788 0.051382 0.132675
10 0.504645 0.227907 0.019280 0.030120
2 0.536448 0.177674 0.051737 0.138892
3 0.537107 0.180093 0.051306 0.137853
6 0.589875 0.182358 0.052733 0.139387
9 0.649058 0.186676 0.050769 0.131845
1 0.712009 0.192663 0.036816 0.129607
0 0.302604 0.349482 0.052696 0.141462
10 0.327877 0.402017 0.019893 0.035864
0 0.359487 0.350854 0.052948 0.134454
0 0.416562 0.351799 0.054856 0.141165
2 0.740495 0.382777 0.052530 0.135121
4 0.797401 0.382815 0.049323 0.110399
5 0.852398 0.389042 0.049808 0.134323
2 0.238253 0.528963 0.054981 0.141597
6 0.293317 0.531925 0.051807 0.137071
3 0.353169 0.539827 0.051616 0.132826
5 0.353429 0.531135 0.049969 0.133251
1 0.637785 0.561213 0.025390 0.114255
1 0.690984 0.563238 0.027098 0.121614
3 0.733713 0.567915 0.050489 0.138842
10 0.757286 0.624211 0.020521 0.031997
7 0.794224 0.563460 0.045924 0.129486
5 0.220534 0.697209 0.049914 0.134978
9 0.278444 0.701138 0.051215 0.131940
8 0.333209 0.711360 0.053172 0.139139
8 0.388908 0.713722 0.053575 0.140122
0 0.446719 0.713647 0.054692 0.135820
10 0.469488 0.772954 0.019260 0.029281
2 0.503185 0.719649 0.051866 0.136637
0 0.560414 0.726275 0.055043 0.141706
