3 0.201631 0.157279 0.050851 0.137019
8 0.256831 0.159273 0.055489 0.140875
7 0.316702 0.160434 0.051139 0.131842
3 0.370094 0.167747 0.051899 0.138384
7 0.427620 0.170803 0.048003 0.128734
1 0.435614 0.171012 0.026603 0.113451
2 0.480693 0.176061 0.054043 0.136241
10 0.503066 0.228990 0.019327 0.029180
2 0.536152 0.178853 0.053755 0.138368
3 0.536916 0.181418 0.048734 0.135382
6 0.589786 0.183253 0.053678 0.142317
9 0.648657 0.187741 0.051015 0.131958
1 0.712435 0.192645 0.034903 0.122569
0 0.302423 0.350893 0.052525 0.140552
10 0.328571 0.402861 0.020057 0.036585
0 0.359457 0.351853 0.053006 0.134611
0 0.416299 0.352773 0.055313 0.141614
2 0.740639 0.384403 0.051417 0.133983
4 0.797384 0.382813 0.051252 0.113927
2 0.852178 0.383288 0.045786 0.125675
5 0.852270 0.389181 0.049410 0.132738
2 0.238098 0.528879 0.054841 0.140669
6 0.293749 0.530963 0.053781 0.137284
10 0.318955 0.588689 0.019808 0.027427
5 0.352098 0.532860 0.050160 0.136580
1 0.637382 0.561203 0.024412 0.117570
1 0.689679 0.561471 0.028026 0.116406
4 0.734247 0.565472 0.050922 0.115897
10 0.755602 0.623515 0.020554 0.031305
1 0.803324 0.572178 0.025623 0.114523
5 0.220780 0.696637 0.049643 0.135344
9 0.278247 0.700326 0.051052 0.131823
8 0.333552 0.704385 0.054071 0.138286
8 0.388969 0.712755 0.053785 0.139984
0 0.446778 0.712646 0.054988 0.136353
10 0.468386 0.771152 0.019618 0.029452
2 0.503029 0.719023 0.051602 0.135830
0 0.559771 0.722163 0.052364 0.133912
