3 0.202534 0.156471 0.049251 0.134570
8 0.257131 0.158953 0.055065 0.139405
7 0.315169 0.159144 0.050049 0.130700
4 0.370431 0.167415 0.051263 0.120725
5 0.424570 0.172965 0.050339 0.141176
7 0.486804 0.176950 0.040984 0.126792
1 0.492454 0.169713 0.030845 0.119984
5 0.536025 0.179785 0.049282 0.136023
0 0.590636 0.182261 0.055317 0.139359
7 0.653522 0.182494 0.046074 0.134093
7 0.707710 0.192195 0.051089 0.136207
5 0.248252 0.344474 0.049631 0.140501
7 0.307957 0.342580 0.044646 0.121869
10 0.327642 0.401735 0.021253 0.039599
8 0.359735 0.352586 0.052232 0.133612
0 0.416328 0.353885 0.055171 0.137544
2 0.740396 0.380671 0.050752 0.130157
4 0.797519 0.383525 0.049803 0.110357
5 0.852750 0.389457 0.049751 0.133712
2 0.238749 0.528054 0.056421 0.141262
7 0.299006 0.530770 0.047350 0.127370
0 0.352951 0.539528 0.054816 0.134891
1 0.636999 0.560626 0.025566 0.115146
1 0.690320 0.562061 0.026508 0.121083
2 0.732448 0.566497 0.049211 0.132877
1 0.733018 0.567391 0.049412 0.143983
10 0.758701 0.616004 0.016687 0.026788
2 0.787830 0.567136 0.049297 0.128751
9 0.789760 0.567805 0.051314 0.136167
5 0.220961 0.696250 0.049509 0.132971
9 0.279358 0.700541 0.053199 0.133287
5 0.335255 0.705643 0.051340 0.140736
3 0.391503 0.707181 0.050684 0.136019
9 0.395187 0.708105 0.065445 0.137111
9 0.448468 0.710810 0.051913 0.133546
10 0.470277 0.773689 0.019772 0.029390
3 0.505033 0.723787 0.050690 0.135481
1 0.575198 0.721962 0.025550 0.117614
