3 0.201821 0.157956 0.050714 0.136215
8 0.256649 0.159670 0.055033 0.140195
7 0.315149 0.161085 0.050903 0.134614
3 0.370048 0.169079 0.051650 0.140560
7 0.428539 0.170610 0.046535 0.130825
1 0.438539 0.172579 0.024531 0.114705
2 0.481280 0.176194 0.051387 0.132664
10 0.504351 0.230427 0.019086 0.030052
5 0.536504 0.178996 0.051836 0.140202
3 0.536866 0.181727 0.049701 0.136899
6 0.589845 0.183761 0.053339 0.140976
9 0.648514 0.188323 0.050832 0.132338
0 0.302547 0.349869 0.052906 0.141166
10 0.328450 0.402615 0.019759 0.034525
0 0.359191 0.350937 0.053063 0.134344
0 0.413141 0.355669 0.056051 0.136275
2 0.740576 0.380258 0.050248 0.129560
4 0.797238 0.382301 0.050817 0.112879
5 0.852096 0.388941 0.049434 0.131327
1 0.637407 0.561172 0.025343 0.111824
1 0.690487 0.562634 0.027140 0.118686
4 0.734266 0.433465 0.052645 0.238768
4 0.734333 0.566200 0.050762 0.119035
10 0.757098 0.623305 0.021536 0.032152
1 0.803446 0.572374 0.025863 0.116820
2 0.238170 0.528543 0.054763 0.140372
6 0.293991 0.531148 0.053583 0.136265
10 0.319693 0.589085 0.019257 0.026565
5 0.352163 0.533038 0.050208 0.136345
5 0.220116 0.695866 0.049482 0.132945
10 0.243566 0.759945 0.017906 0.029851
9 0.278330 0.700271 0.051017 0.131521
8 0.333061 0.709970 0.053175 0.138995
8 0.388923 0.712788 0.053572 0.139594
0 0.446584 0.713281 0.055299 0.136898
10 0.469227 0.771459 0.019632 0.029954
2 0.503063 0.719125 0.051717 0.136039
0 0.560009 0.724931 0.054782 0.143136
