4 0.185474 0.146940 0.052615 0.119140
6 0.239496 0.152496 0.052522 0.135298
9 0.295562 0.158008 0.051460 0.131570
4 0.351400 0.159036 0.052271 0.118680
1 0.420462 0.167657 0.024976 0.117703
1 0.460094 0.170996 0.050489 0.137469
9 0.461159 0.170973 0.049018 0.132187
10 0.482648 0.229650 0.018087 0.029159
9 0.517547 0.173312 0.052027 0.136144
1 0.586330 0.180001 0.026007 0.116854
6 0.625537 0.183583 0.048710 0.136000
4 0.683221 0.187425 0.053259 0.122580
0 0.283834 0.344079 0.052473 0.138701
10 0.308269 0.394524 0.020633 0.032618
0 0.338693 0.347338 0.052453 0.139199
0 0.395045 0.352722 0.053983 0.140757
2 0.715044 0.381276 0.054476 0.142627
10 0.736563 0.434168 0.019444 0.031434
4 0.772667 0.380342 0.051335 0.120127
5 0.826769 0.387865 0.047687 0.130489
2 0.219742 0.519283 0.052451 0.134737
6 0.275924 0.521977 0.053883 0.132159
10 0.297294 0.577777 0.020226 0.031155
1 0.346904 0.528936 0.024839 0.118028
1 0.611749 0.553057 0.026157 0.121452
1 0.666382 0.562062 0.024472 0.124081
1 0.705937 0.563186 0.049650 0.142121
2 0.706101 0.558961 0.049984 0.129262
10 0.728328 0.616131 0.019439 0.029917
8 0.760169 0.566083 0.053663 0.140992
1 0.220714 0.687627 0.024064 0.113415
1 0.257641 0.692009 0.052950 0.137802
8 0.258426 0.692913 0.052368 0.132882
5 0.313383 0.696622 0.050210 0.136188
2 0.368334 0.697980 0.053005 0.135562
8 0.424690 0.700694 0.053701 0.134516
1 0.424879 0.711537 0.054812 0.142650
10 0.446785 0.764312 0.020177 0.031288
1 0.495196 0.713869 0.026567 0.126012
1 0.550216 0.716172 0.027105 0.130996
