4 0.186483 0.149235 0.051680 0.126439
6 0.239923 0.153341 0.052369 0.134864
9 0.295319 0.158120 0.051515 0.131570
4 0.351265 0.159504 0.052228 0.121074
1 0.418850 0.168874 0.025757 0.120572
9 0.460499 0.173028 0.053509 0.140370
10 0.480709 0.231857 0.018737 0.031871
9 0.516302 0.177529 0.052835 0.133574
1 0.583094 0.180542 0.028091 0.124514
6 0.623802 0.185154 0.049806 0.136168
4 0.681583 0.187410 0.053091 0.124368
0 0.283438 0.346162 0.052058 0.135571
10 0.307544 0.394937 0.021131 0.033712
0 0.338753 0.348730 0.052168 0.137781
0 0.395401 0.354126 0.052757 0.136031
2 0.713756 0.381887 0.053941 0.141345
10 0.737085 0.434251 0.018939 0.032137
4 0.771029 0.381791 0.051112 0.119696
5 0.824952 0.387604 0.047774 0.130955
2 0.219787 0.519746 0.052235 0.135688
6 0.220589 0.523565 0.054540 0.141309
6 0.275771 0.521664 0.054272 0.133700
10 0.297879 0.583860 0.018477 0.030355
7 0.335402 0.525863 0.044150 0.127023
1 0.610595 0.553272 0.026538 0.123001
1 0.663382 0.563184 0.025231 0.120135
4 0.706739 0.563167 0.050305 0.116145
10 0.728303 0.618648 0.018900 0.031881
1 0.775374 0.571866 0.026994 0.128128
1 0.221021 0.689768 0.024052 0.117781
1 0.258496 0.692003 0.052414 0.137592
8 0.258738 0.693717 0.052132 0.133369
5 0.313353 0.695769 0.049833 0.134460
2 0.368077 0.698681 0.052493 0.135326
8 0.424003 0.707226 0.054937 0.140784
1 0.424555 0.713261 0.055107 0.144906
10 0.448152 0.766039 0.020363 0.032830
1 0.492503 0.715220 0.026692 0.127877
1 0.549022 0.716121 0.026402 0.128830
