4 0.189808 0.149216 0.051590 0.121420
6 0.242352 0.152761 0.051901 0.132856
9 0.299446 0.159298 0.051410 0.133050
4 0.355413 0.159728 0.050904 0.119029
1 0.422497 0.168414 0.025761 0.118944
9 0.463652 0.171861 0.050253 0.134980
10 0.485979 0.223762 0.017282 0.027730
9 0.519236 0.177023 0.052416 0.133823
1 0.587970 0.181197 0.025714 0.119223
6 0.627791 0.184837 0.050471 0.136514
4 0.685056 0.189640 0.053099 0.120861
0 0.286978 0.342423 0.053028 0.134694
10 0.312729 0.400493 0.019761 0.032255
0 0.341488 0.347275 0.052076 0.140581
0 0.398087 0.352495 0.053174 0.136490
2 0.716798 0.381222 0.054096 0.141937
10 0.739658 0.434648 0.018857 0.031393
4 0.773202 0.381612 0.051511 0.118722
5 0.827774 0.388354 0.047445 0.130202
2 0.223138 0.521955 0.054276 0.140669
5 0.278476 0.522547 0.049081 0.134020
10 0.300761 0.579041 0.020014 0.033690
9 0.335019 0.529948 0.050560 0.132602
1 0.613912 0.555977 0.025480 0.121584
1 0.668067 0.560539 0.025488 0.124925
3 0.708620 0.565247 0.048740 0.131733
10 0.731803 0.614775 0.018395 0.029999
9 0.763664 0.568260 0.050910 0.132182
1 0.223158 0.687049 0.024085 0.112633
1 0.261845 0.691376 0.050159 0.135496
8 0.261944 0.693292 0.051352 0.134661
5 0.316306 0.694244 0.048937 0.132155
5 0.369783 0.699536 0.053876 0.139161
2 0.371508 0.698428 0.051956 0.139348
8 0.427057 0.702721 0.053752 0.134193
10 0.449114 0.764646 0.019705 0.031034
1 0.498510 0.712215 0.025855 0.125422
1 0.552443 0.713298 0.026514 0.130020
