4 0.182900 0.148317 0.052529 0.118307
6 0.237142 0.154407 0.053627 0.137835
9 0.293026 0.159112 0.051325 0.133149
4 0.349254 0.158652 0.053847 0.122781
1 0.417845 0.170026 0.025332 0.118902
9 0.459693 0.173187 0.053346 0.138978
10 0.480382 0.225480 0.017351 0.026392
9 0.516154 0.175146 0.052976 0.138603
1 0.583649 0.182682 0.027236 0.121799
6 0.624446 0.186551 0.051080 0.136669
4 0.682486 0.191043 0.053809 0.119571
0 0.281456 0.343751 0.052707 0.130963
10 0.305048 0.396909 0.021177 0.033128
0 0.337660 0.350218 0.052628 0.137807
0 0.394402 0.355023 0.053013 0.136128
2 0.714844 0.383210 0.054330 0.142159
10 0.736166 0.435355 0.019116 0.031405
4 0.771854 0.383020 0.051587 0.118579
5 0.826591 0.389051 0.048052 0.129919
2 0.217089 0.521493 0.052642 0.132236
6 0.271479 0.522862 0.052397 0.135939
10 0.295820 0.583398 0.019884 0.030708
0 0.329296 0.532430 0.054276 0.134706
1 0.610414 0.555560 0.026041 0.120578
1 0.664708 0.563400 0.024816 0.123344
1 0.705788 0.564895 0.049878 0.141562
2 0.706683 0.562078 0.052517 0.134371
10 0.730840 0.610048 0.019607 0.028466
7 0.765669 0.568709 0.046821 0.126785
1 0.217804 0.690228 0.024590 0.112223
1 0.255421 0.692854 0.052392 0.138499
8 0.255714 0.693372 0.051733 0.130800
5 0.310745 0.696731 0.050372 0.134849
2 0.365980 0.707704 0.053556 0.137537
8 0.422869 0.703255 0.054258 0.136358
1 0.423495 0.714441 0.055105 0.142349
10 0.446197 0.762403 0.021663 0.033294
1 0.492554 0.717876 0.026563 0.123621
1 0.548920 0.718630 0.027404 0.131113
