4 0.186398 0.145993 0.053432 0.120991
6 0.240017 0.151270 0.050957 0.131653
9 0.296452 0.156199 0.052204 0.131413
4 0.352994 0.156220 0.051673 0.122194
1 0.421327 0.164752 0.025304 0.120263
9 0.461075 0.167618 0.049726 0.132808
10 0.483878 0.222305 0.017220 0.026431
9 0.518235 0.172056 0.052108 0.137655
1 0.586909 0.178192 0.026422 0.120854
6 0.626383 0.182284 0.049494 0.137479
4 0.684195 0.186937 0.054397 0.120934
0 0.284649 0.342272 0.051927 0.137799
10 0.309045 0.398243 0.017762 0.026059
0 0.339910 0.346375 0.052466 0.136404
0 0.395818 0.350676 0.053031 0.140906
2 0.715499 0.379521 0.052488 0.138399
10 0.738622 0.431932 0.019445 0.031988
4 0.773168 0.378776 0.051008 0.121309
5 0.826985 0.387061 0.048987 0.133392
2 0.220287 0.517453 0.053595 0.143067
5 0.276334 0.521465 0.049743 0.135572
10 0.298931 0.576449 0.018036 0.030944
9 0.332712 0.528479 0.050059 0.130180
1 0.613190 0.552670 0.026149 0.120892
1 0.666822 0.553730 0.026746 0.119460
4 0.707615 0.561143 0.049342 0.117156
10 0.729389 0.617985 0.019462 0.031165
0 0.760714 0.566498 0.052939 0.139276
1 0.221558 0.686224 0.023900 0.113231
1 0.259328 0.690550 0.051837 0.135784
8 0.259532 0.691869 0.052104 0.133440
5 0.313765 0.694797 0.050125 0.136681
2 0.369382 0.696537 0.052563 0.134710
1 0.425338 0.709345 0.053581 0.142090
8 0.425459 0.699134 0.053983 0.135502
10 0.447016 0.762494 0.020452 0.031229
1 0.496239 0.711473 0.026254 0.126478
1 0.550997 0.710931 0.027073 0.132335
