3 0.199952 0.150456 0.048300 0.130676
8 0.254346 0.153758 0.052587 0.136095
7 0.314398 0.157096 0.050656 0.138274
5 0.366969 0.165777 0.051063 0.145477
3 0.367199 0.166234 0.051613 0.137371
4 0.422113 0.162512 0.051086 0.121997
7 0.481741 0.172439 0.050790 0.136407
7 0.531353 0.165442 0.048722 0.128431
1 0.552308 0.176050 0.026623 0.108712
4 0.590871 0.179463 0.052536 0.122128
8 0.645108 0.182708 0.053799 0.133347
0 0.701555 0.189664 0.054766 0.140265
9 0.246024 0.346109 0.051595 0.133903
2 0.301698 0.348556 0.052277 0.131739
10 0.322945 0.399025 0.022073 0.036614
2 0.357217 0.351344 0.050804 0.135797
2 0.740215 0.377171 0.049682 0.128219
4 0.796278 0.380438 0.051558 0.114124
5 0.852095 0.386585 0.048781 0.128256
2 0.235698 0.526456 0.054196 0.140277
6 0.290692 0.528690 0.052540 0.138728
10 0.316068 0.577868 0.023074 0.036179
2 0.349707 0.530073 0.051716 0.136657
1 0.635808 0.561018 0.024502 0.120213
1 0.689544 0.561196 0.025644 0.116870
2 0.731427 0.564352 0.049405 0.132536
10 0.756060 0.615389 0.017991 0.026736
2 0.787150 0.564520 0.047778 0.132730
3 0.789826 0.569067 0.049309 0.128626
5 0.218185 0.695628 0.050397 0.134620
9 0.277148 0.702372 0.052772 0.137952
7 0.336101 0.702482 0.047741 0.136278
9 0.388736 0.712811 0.052578 0.134396
4 0.445870 0.710321 0.052664 0.117798
10 0.468774 0.772746 0.019573 0.029992
9 0.502239 0.717617 0.050790 0.133902
9 0.558806 0.726307 0.054007 0.141711
