4 0.185455 0.146816 0.053366 0.120981
6 0.239318 0.152669 0.052263 0.134335
9 0.295592 0.157608 0.051896 0.132005
4 0.351316 0.159302 0.052094 0.118793
1 0.419978 0.166710 0.025058 0.118220
9 0.460255 0.170528 0.049033 0.128250
10 0.482585 0.229320 0.018300 0.029604
9 0.517511 0.173106 0.052038 0.137012
1 0.585732 0.179622 0.026721 0.121229
6 0.625848 0.183222 0.049711 0.138305
4 0.683554 0.186845 0.053980 0.124189
0 0.283959 0.343778 0.052944 0.139531
10 0.307838 0.395508 0.020503 0.032192
0 0.338836 0.348020 0.052063 0.138747
0 0.394821 0.353773 0.053704 0.141557
2 0.715190 0.381047 0.054284 0.141708
10 0.737080 0.433955 0.019048 0.031392
4 0.772739 0.380211 0.051348 0.120826
5 0.826660 0.387986 0.047609 0.131113
2 0.220093 0.521107 0.052869 0.140684
5 0.274813 0.521784 0.050286 0.135741
10 0.298683 0.582413 0.017880 0.028193
8 0.331009 0.528818 0.053101 0.136119
1 0.611864 0.553190 0.026562 0.122537
1 0.666421 0.562053 0.024707 0.123289
2 0.706571 0.559495 0.048221 0.130065
10 0.725629 0.615359 0.017628 0.024606
9 0.762574 0.566881 0.050804 0.131341
1 0.221331 0.688820 0.023695 0.117010
1 0.257831 0.692086 0.052871 0.138823
8 0.258430 0.693211 0.052236 0.133392
5 0.313478 0.696683 0.050179 0.136312
2 0.368261 0.697854 0.052514 0.138654
8 0.424119 0.707044 0.054680 0.139992
1 0.425071 0.711856 0.055357 0.143829
10 0.447060 0.766059 0.020476 0.031975
1 0.494279 0.713455 0.026660 0.129304
1 0.550051 0.718314 0.025736 0.128303
