3 0.202622 0.157682 0.049846 0.130154
8 0.256707 0.158978 0.054729 0.138270
7 0.316046 0.161717 0.051438 0.132957
3 0.369963 0.169159 0.051645 0.139131
3 0.425693 0.172167 0.050788 0.135599
5 0.479469 0.175613 0.054105 0.140625
10 0.505354 0.227451 0.019639 0.031802
2 0.535276 0.180957 0.053759 0.136562
0 0.591492 0.182575 0.052889 0.141312
6 0.646766 0.185986 0.053828 0.141438
9 0.706466 0.191643 0.050537 0.136639
9 0.247384 0.348244 0.050960 0.130804
2 0.304295 0.349439 0.051579 0.133921
10 0.331356 0.397229 0.020907 0.030125
4 0.360787 0.350929 0.052297 0.118427
8 0.416396 0.353851 0.053850 0.139063
2 0.740847 0.383522 0.051286 0.133734
4 0.797521 0.383679 0.049033 0.110360
5 0.852424 0.388771 0.049152 0.131794
2 0.238344 0.528581 0.054589 0.141619
6 0.294397 0.530101 0.053033 0.138261
1 0.366886 0.542901 0.024822 0.111873
1 0.637763 0.559934 0.024861 0.110654
1 0.689853 0.561669 0.026261 0.117588
2 0.732288 0.566906 0.049481 0.132838
3 0.740563 0.563989 0.068800 0.134701
10 0.759878 0.616486 0.016579 0.027862
2 0.785973 0.565988 0.053006 0.129261
3 0.790467 0.572009 0.049064 0.133485
5 0.220892 0.696362 0.049167 0.132978
9 0.278463 0.699908 0.051098 0.131123
8 0.333612 0.709898 0.053854 0.139140
2 0.390292 0.712731 0.053599 0.132490
4 0.448375 0.710399 0.052258 0.118431
10 0.471835 0.766679 0.018226 0.028012
2 0.503413 0.719797 0.050851 0.134246
5 0.557611 0.721634 0.048460 0.131689
