3 0.202707 0.157768 0.048943 0.135106
8 0.256709 0.159869 0.054886 0.139708
7 0.315440 0.159658 0.050748 0.133568
3 0.369879 0.169620 0.051358 0.137048
7 0.428448 0.172487 0.046808 0.128549
1 0.437500 0.171898 0.025636 0.111888
2 0.481189 0.175313 0.052936 0.136049
10 0.504701 0.229740 0.018907 0.029163
2 0.535898 0.178502 0.053244 0.138700
3 0.537373 0.180005 0.050566 0.137129
6 0.589734 0.183970 0.053290 0.141461
9 0.648852 0.187762 0.051682 0.134873
1 0.712205 0.194040 0.034561 0.121938
0 0.301983 0.351194 0.052727 0.140523
10 0.327758 0.402854 0.019316 0.033737
0 0.359239 0.351753 0.053040 0.134030
0 0.416136 0.353183 0.054539 0.137514
2 0.740277 0.378570 0.049915 0.123857
4 0.797152 0.382467 0.051140 0.111975
5 0.852208 0.389524 0.049299 0.132254
2 0.237904 0.528614 0.055259 0.141395
6 0.294584 0.529392 0.053603 0.139043
10 0.316106 0.588292 0.021128 0.035008
1 0.367159 0.543069 0.025309 0.115788
1 0.637533 0.561196 0.023969 0.113080
1 0.690375 0.562481 0.027496 0.121414
3 0.733206 0.568684 0.049582 0.135976
10 0.755661 0.621815 0.019481 0.030933
9 0.789433 0.571051 0.050978 0.134538
5 0.220331 0.695994 0.049566 0.132431
9 0.278470 0.700188 0.051339 0.130690
8 0.333472 0.704171 0.054004 0.138033
8 0.388780 0.712500 0.053512 0.139571
0 0.446734 0.712252 0.055051 0.135494
10 0.468713 0.770564 0.019272 0.029719
2 0.503150 0.718334 0.051987 0.137570
0 0.559993 0.721839 0.052441 0.133921
