4 0.183273 0.146030 0.052830 0.118988
6 0.237094 0.150130 0.051582 0.133949
9 0.292764 0.155460 0.051456 0.133302
4 0.348423 0.157968 0.052592 0.121664
1 0.417640 0.166653 0.025578 0.120638
9 0.457868 0.168831 0.048951 0.130902
10 0.482231 0.226662 0.020628 0.032546
9 0.515131 0.171413 0.052897 0.138356
1 0.582845 0.178704 0.026501 0.120691
1 0.622410 0.181150 0.052208 0.139526
6 0.622597 0.183334 0.051158 0.139233
4 0.680349 0.187303 0.054125 0.119378
0 0.281201 0.343240 0.052801 0.135592
10 0.304891 0.395186 0.020665 0.032386
0 0.337280 0.343294 0.051960 0.135555
0 0.393130 0.350451 0.054098 0.140402
2 0.712824 0.377475 0.052356 0.130891
10 0.738873 0.429691 0.018522 0.027899
4 0.771013 0.378845 0.050437 0.118999
5 0.824068 0.387291 0.049206 0.134582
2 0.217844 0.517278 0.052895 0.140070
5 0.273239 0.520615 0.050159 0.135596
10 0.297471 0.582303 0.017595 0.028641
9 0.329897 0.529363 0.051717 0.134255
1 0.609648 0.552592 0.026368 0.121992
1 0.662615 0.560897 0.025500 0.127110
3 0.704757 0.564861 0.050315 0.139328
10 0.727499 0.613511 0.018528 0.029900
9 0.760193 0.566021 0.051763 0.136345
1 0.217480 0.686278 0.023671 0.115646
1 0.255836 0.690960 0.051647 0.138252
8 0.256106 0.691906 0.051985 0.132670
5 0.311099 0.694379 0.050346 0.138520
2 0.365488 0.701447 0.052520 0.136505
8 0.422332 0.698598 0.053526 0.135610
1 0.422959 0.709681 0.053751 0.142866
10 0.445485 0.764488 0.020242 0.030406
1 0.493159 0.706897 0.027224 0.123045
1 0.547244 0.710420 0.027437 0.128865
