4 0.187221 0.152582 0.050732 0.117796
6 0.239825 0.156430 0.050676 0.134135
9 0.296641 0.162109 0.051829 0.130680
4 0.353472 0.162995 0.051749 0.119069
1 0.420003 0.171477 0.025605 0.118509
9 0.462146 0.175525 0.050742 0.134733
10 0.483433 0.233720 0.018423 0.029696
9 0.518048 0.180713 0.052762 0.133685
1 0.585612 0.183767 0.027251 0.122021
6 0.626032 0.188473 0.050610 0.137569
4 0.683491 0.192366 0.052338 0.117193
0 0.284757 0.345391 0.053566 0.134308
10 0.310451 0.403035 0.019666 0.031150
0 0.339943 0.351284 0.052059 0.137852
0 0.396411 0.356497 0.053479 0.137291
2 0.716415 0.383897 0.053947 0.140663
10 0.739511 0.435207 0.019074 0.032348
4 0.772999 0.383952 0.052133 0.118530
5 0.827809 0.390144 0.048517 0.131586
2 0.220452 0.521965 0.052116 0.134787
6 0.274719 0.523749 0.052692 0.136139
10 0.297874 0.584122 0.019183 0.030221
0 0.331848 0.527293 0.054210 0.132216
1 0.612784 0.557051 0.025776 0.121726
1 0.667003 0.561648 0.025452 0.121377
4 0.708244 0.563200 0.051773 0.113584
10 0.731754 0.619879 0.020314 0.029544
1 0.776632 0.570820 0.027477 0.122105
1 0.221025 0.690084 0.024408 0.113697
1 0.259081 0.692201 0.052168 0.137544
8 0.259287 0.693830 0.051865 0.136093
5 0.314378 0.698613 0.050591 0.136037
2 0.369274 0.699685 0.052620 0.139905
8 0.425419 0.703203 0.054368 0.135878
1 0.426204 0.714054 0.056094 0.142735
10 0.449037 0.765326 0.020208 0.032311
1 0.495569 0.716509 0.027153 0.127945
1 0.550485 0.719321 0.027309 0.131834
