4 0.189602 0.149141 0.051721 0.121395
6 0.242432 0.152334 0.051616 0.133132
9 0.299644 0.159536 0.050787 0.131912
4 0.355425 0.159088 0.050308 0.118071
1 0.423182 0.168530 0.025401 0.117534
1 0.462242 0.172478 0.048571 0.135408
9 0.463878 0.171623 0.050553 0.135704
10 0.484808 0.223687 0.017193 0.027488
9 0.519309 0.176768 0.052320 0.133692
1 0.588764 0.183751 0.024645 0.122753
6 0.628064 0.184322 0.050441 0.135938
4 0.685267 0.189679 0.052800 0.118863
0 0.287283 0.341570 0.053445 0.135774
10 0.312506 0.400741 0.019051 0.030915
0 0.341316 0.347865 0.052063 0.140425
0 0.397954 0.353146 0.053442 0.136798
2 0.717262 0.382189 0.053624 0.140454
10 0.739503 0.434103 0.018823 0.031207
4 0.773569 0.381135 0.051534 0.118903
5 0.828505 0.388690 0.048280 0.131879
2 0.223246 0.521888 0.053263 0.140186
6 0.277708 0.522007 0.052032 0.134586
10 0.300457 0.577479 0.020890 0.032650
0 0.334975 0.525395 0.053333 0.137021
1 0.614330 0.556436 0.025440 0.121588
1 0.668445 0.560898 0.025266 0.123710
3 0.709568 0.566670 0.049293 0.134356
10 0.732677 0.614417 0.018732 0.033122
7 0.767030 0.565022 0.049203 0.130430
1 0.223126 0.687574 0.024042 0.113609
8 0.262026 0.693944 0.050536 0.134286
1 0.262114 0.692229 0.049852 0.135042
10 0.283835 0.749270 0.017885 0.029942
5 0.316116 0.694327 0.049277 0.132192
5 0.369867 0.699540 0.054506 0.138718
2 0.371618 0.698411 0.051970 0.135760
8 0.426951 0.701801 0.053725 0.134171
1 0.427254 0.710689 0.052800 0.142834
10 0.448857 0.764054 0.019426 0.030874
1 0.498680 0.712079 0.026065 0.126097
1 0.552450 0.712696 0.026971 0.132651
