3 0.202023 0.155829 0.049061 0.135735
8 0.256178 0.157653 0.054793 0.138878
7 0.315980 0.159811 0.049900 0.133070
10 0.336557 0.221061 0.018208 0.031396
4 0.368950 0.165642 0.049973 0.120264
6 0.422550 0.167791 0.051876 0.134416
6 0.478841 0.173232 0.056011 0.139613
7 0.536891 0.177366 0.050616 0.138836
7 0.596019 0.180163 0.041145 0.132062
1 0.601435 0.178518 0.028053 0.122518
5 0.645885 0.187721 0.051175 0.140063
2 0.702461 0.192657 0.055509 0.140988
5 0.247508 0.344759 0.049822 0.141398
7 0.306442 0.344492 0.045508 0.124893
10 0.326977 0.402943 0.020083 0.031150
8 0.358911 0.352148 0.053138 0.135133
4 0.416600 0.355684 0.053020 0.120819
2 0.737889 0.379821 0.050568 0.127283
10 0.761379 0.431003 0.021148 0.034521
4 0.794618 0.382261 0.051491 0.117572
5 0.849829 0.388958 0.050356 0.131747
2 0.238322 0.528139 0.057471 0.143416
7 0.301511 0.524751 0.045645 0.128836
1 0.365556 0.541820 0.026111 0.116911
1 0.636117 0.562826 0.024283 0.119462
1 0.688447 0.562994 0.025818 0.119588
1 0.728726 0.567526 0.050231 0.142336
2 0.730728 0.568841 0.050954 0.135398
10 0.757037 0.619331 0.018433 0.029280
6 0.785613 0.568130 0.051866 0.136648
5 0.219669 0.696924 0.049891 0.134214
9 0.278330 0.701610 0.053451 0.135996
5 0.332872 0.711070 0.050776 0.140627
0 0.388610 0.713164 0.052948 0.136499
2 0.445865 0.715924 0.052234 0.137346
10 0.471042 0.773985 0.018473 0.028512
0 0.501278 0.719697 0.052757 0.135498
5 0.556609 0.721933 0.049352 0.133987
