4 0.185808 0.146588 0.052887 0.119078
6 0.238800 0.151855 0.051127 0.135871
9 0.295602 0.157568 0.051837 0.131744
4 0.352156 0.157236 0.052547 0.122107
1 0.420014 0.167657 0.025187 0.119992
1 0.460050 0.171178 0.050201 0.137620
9 0.460965 0.171883 0.052588 0.138718
10 0.482674 0.223602 0.017347 0.026315
9 0.517448 0.173484 0.052568 0.138483
1 0.586283 0.179423 0.026885 0.119856
6 0.625749 0.183544 0.048902 0.134606
4 0.683487 0.188608 0.053708 0.117979
0 0.283793 0.341602 0.052565 0.133665
10 0.307574 0.395368 0.020829 0.032756
0 0.338805 0.347065 0.052111 0.138248
0 0.395016 0.351900 0.054196 0.141761
2 0.715116 0.381037 0.054207 0.141792
10 0.736051 0.433653 0.019119 0.030843
4 0.772872 0.380387 0.051286 0.119937
5 0.825885 0.388798 0.049077 0.134357
2 0.219851 0.519424 0.052297 0.135161
5 0.275800 0.526992 0.049233 0.138015
10 0.298279 0.577977 0.018322 0.029927
5 0.330648 0.528705 0.047325 0.131629
1 0.611489 0.552516 0.026019 0.121232
1 0.666227 0.561723 0.025268 0.128034
2 0.706824 0.559989 0.050404 0.133090
10 0.707172 0.559853 0.049896 0.136664
10 0.726991 0.615066 0.017384 0.024477
5 0.760225 0.563656 0.048266 0.132572
1 0.220601 0.688277 0.023853 0.118803
1 0.257708 0.691776 0.052711 0.138909
8 0.258546 0.692764 0.052033 0.132810
5 0.313363 0.696553 0.050236 0.136571
2 0.368150 0.697950 0.052557 0.138637
5 0.370036 0.699243 0.053034 0.146273
1 0.424823 0.711539 0.054812 0.143439
8 0.424858 0.701103 0.053842 0.135028
10 0.447090 0.764536 0.020454 0.031717
1 0.495048 0.714049 0.026666 0.127804
1 0.550625 0.715149 0.027203 0.132427
