9 0.199924 0.143023 0.049156 0.127863
3 0.201036 0.149953 0.048521 0.129496
8 0.253440 0.152362 0.052626 0.136569
8 0.585361 0.175901 0.053173 0.147492
6 0.586257 0.180460 0.050535 0.137884
8 0.645498 0.172751 0.056862 0.135633
9 0.645672 0.181085 0.052442 0.134308
0 0.299029 0.347520 0.058647 0.145520
0 0.357227 0.349090 0.053609 0.143150
0 0.412051 0.353177 0.056920 0.135036
2 0.736243 0.378381 0.053818 0.132394
4 0.794217 0.379061 0.051521 0.119383
5 0.849566 0.385649 0.050006 0.133216
2 0.236890 0.529987 0.054760 0.138759
8 0.292191 0.527240 0.052599 0.139319
9 0.292213 0.531038 0.050897 0.142430
8 0.350177 0.533280 0.054236 0.142806
1 0.636314 0.560540 0.024363 0.105145
4 0.688760 0.559021 0.032922 0.104666
1 0.689917 0.561982 0.030882 0.110913
4 0.732106 0.562621 0.052224 0.117030
0 0.787050 0.565891 0.055851 0.136242
9 0.275608 0.697393 0.052158 0.135853
8 0.331487 0.701982 0.051579 0.138947
8 0.388113 0.705856 0.054661 0.144921
0 0.443453 0.708839 0.053392 0.131067
6 0.498481 0.716718 0.052613 0.141123
0 0.551372 0.719879 0.058675 0.136465
