4 0.189362 0.150375 0.052317 0.123198
6 0.242692 0.154119 0.051918 0.133029
9 0.299412 0.161598 0.050600 0.132036
4 0.355271 0.162367 0.051041 0.121538
1 0.422303 0.167845 0.025811 0.117306
9 0.464221 0.173245 0.050189 0.134529
10 0.487381 0.225932 0.017486 0.027794
9 0.519594 0.178169 0.052778 0.134907
1 0.588727 0.182921 0.026193 0.121086
6 0.627249 0.186116 0.050673 0.136658
4 0.684889 0.191174 0.053644 0.122623
0 0.286736 0.343834 0.053581 0.135676
10 0.310405 0.395574 0.020845 0.034404
0 0.340921 0.350028 0.051076 0.136141
0 0.398274 0.354587 0.053676 0.136108
2 0.717371 0.382738 0.053586 0.139498
10 0.740390 0.432320 0.019001 0.033112
4 0.773431 0.382212 0.051895 0.118734
5 0.828396 0.389425 0.047951 0.131289
2 0.223236 0.522398 0.053680 0.140761
6 0.278109 0.522444 0.053394 0.134966
10 0.301662 0.577707 0.020715 0.032861
2 0.333760 0.524560 0.051114 0.134585
1 0.613995 0.553636 0.026529 0.120547
1 0.668048 0.560717 0.025467 0.121606
4 0.709975 0.560290 0.049864 0.117589
10 0.735287 0.612737 0.018942 0.035843
1 0.777501 0.569573 0.027950 0.128068
1 0.223514 0.686275 0.024388 0.115997
1 0.261904 0.691458 0.050865 0.136960
8 0.261963 0.693094 0.051822 0.135342
5 0.316146 0.693311 0.048996 0.130169
2 0.371495 0.697485 0.051957 0.134625
5 0.372939 0.697094 0.054285 0.143674
1 0.427379 0.710431 0.053788 0.142484
8 0.427436 0.701423 0.054377 0.135686
10 0.450515 0.762371 0.018899 0.030051
1 0.497919 0.714042 0.025765 0.122456
1 0.552109 0.714486 0.026223 0.131032
