3 0.203059 0.158038 0.050148 0.130997
8 0.256793 0.158880 0.054945 0.139258
7 0.316632 0.160515 0.049810 0.132183
5 0.369841 0.168230 0.050432 0.138066
3 0.369911 0.169246 0.051064 0.136741
7 0.431893 0.170669 0.039032 0.130278
1 0.439179 0.172599 0.024132 0.115125
2 0.481292 0.174928 0.052012 0.135024
10 0.505098 0.229077 0.019476 0.030840
2 0.536667 0.178847 0.052703 0.139086
3 0.537490 0.180078 0.050424 0.135057
6 0.590143 0.183433 0.053227 0.135368
9 0.648612 0.188073 0.051407 0.132486
0 0.302578 0.350901 0.052617 0.142534
10 0.322497 0.401556 0.020223 0.026669
0 0.359364 0.351469 0.052908 0.134429
0 0.416380 0.352381 0.054735 0.140724
2 0.740201 0.380642 0.050305 0.131175
4 0.797202 0.382343 0.051066 0.113215
5 0.852282 0.388684 0.049377 0.131847
2 0.237861 0.528991 0.055151 0.141992
6 0.293478 0.531277 0.053688 0.138369
10 0.320833 0.588101 0.023030 0.034176
2 0.351362 0.533522 0.051981 0.133366
1 0.637450 0.561871 0.024323 0.117638
1 0.689552 0.561534 0.028082 0.118478
4 0.734434 0.567914 0.048620 0.114301
10 0.757779 0.622307 0.020381 0.030447
0 0.789412 0.568801 0.052615 0.133957
5 0.220311 0.696177 0.049536 0.132968
9 0.278250 0.700280 0.051406 0.131458
8 0.333100 0.710299 0.053270 0.138934
8 0.388849 0.712552 0.053577 0.139977
0 0.446766 0.713514 0.054914 0.135666
10 0.468348 0.771321 0.019387 0.028882
2 0.502966 0.718729 0.051747 0.137097
0 0.559932 0.721798 0.052348 0.133707
