3 0.202320 0.157533 0.049253 0.134634
8 0.256615 0.159845 0.054685 0.138877
7 0.316822 0.158450 0.049394 0.133530
3 0.369861 0.169646 0.051167 0.137437
7 0.430147 0.171447 0.040345 0.125212
1 0.438122 0.172545 0.024872 0.114293
2 0.480727 0.176274 0.053973 0.135310
10 0.505164 0.228927 0.018116 0.026902
3 0.537118 0.180972 0.050704 0.135454
6 0.590321 0.182924 0.053021 0.136134
9 0.649307 0.186919 0.052530 0.134950
1 0.717233 0.193125 0.029105 0.125259
0 0.302514 0.350342 0.052594 0.140216
10 0.328710 0.402761 0.019133 0.033137
0 0.359452 0.352315 0.052779 0.133135
0 0.416108 0.353457 0.054469 0.136998
2 0.739901 0.380294 0.050674 0.127448
10 0.765691 0.436873 0.019108 0.032239
4 0.797188 0.382992 0.051183 0.113532
5 0.852157 0.389359 0.049720 0.132578
2 0.237922 0.529048 0.055169 0.140941
6 0.293910 0.530106 0.054101 0.138591
10 0.318619 0.586135 0.018961 0.029409
4 0.352813 0.537796 0.053323 0.113831
1 0.637434 0.561240 0.025366 0.114010
1 0.690658 0.562993 0.026699 0.121609
3 0.733042 0.568421 0.049712 0.137255
1 0.733450 0.568276 0.047790 0.137954
10 0.757501 0.619204 0.017492 0.027112
6 0.787283 0.567399 0.051757 0.135583
5 0.220454 0.696034 0.049627 0.132277
9 0.278418 0.699877 0.051041 0.129915
8 0.333062 0.709931 0.053450 0.138922
8 0.388857 0.712635 0.053677 0.139578
0 0.446580 0.713080 0.054890 0.135500
10 0.468612 0.772592 0.019586 0.029009
2 0.503168 0.719160 0.052098 0.136526
0 0.559831 0.726084 0.055117 0.141310
