3 0.202434 0.157273 0.049461 0.135508
8 0.256577 0.159856 0.054980 0.140081
7 0.316159 0.161069 0.051313 0.132098
3 0.370264 0.166697 0.052963 0.136049
7 0.431714 0.170862 0.040154 0.131773
1 0.438671 0.171966 0.024556 0.111483
2 0.480815 0.175018 0.051563 0.134649
10 0.504425 0.229701 0.018945 0.029680
2 0.536146 0.178695 0.052652 0.139392
3 0.536753 0.181388 0.051000 0.136404
6 0.589735 0.183777 0.053508 0.141949
10 0.615993 0.240531 0.019110 0.029523
9 0.648845 0.188324 0.051321 0.132530
1 0.710451 0.187056 0.033462 0.122178
0 0.303612 0.349184 0.049507 0.133961
10 0.328313 0.402919 0.020218 0.037170
0 0.359382 0.351421 0.052722 0.134706
0 0.413305 0.356218 0.056413 0.135797
2 0.740965 0.383886 0.051629 0.133873
4 0.797177 0.382948 0.051394 0.114497
5 0.852340 0.388635 0.049259 0.132076
2 0.238173 0.528516 0.054690 0.140201
6 0.294127 0.530866 0.053797 0.137593
10 0.319281 0.588714 0.020351 0.029333
3 0.352872 0.539211 0.050785 0.129866
5 0.353480 0.530870 0.049275 0.132377
1 0.636883 0.561783 0.025322 0.110373
1 0.689566 0.562166 0.028672 0.119510
4 0.734360 0.568204 0.049205 0.116711
10 0.753212 0.619325 0.020530 0.030271
0 0.789579 0.569000 0.052913 0.135454
5 0.220532 0.696301 0.049299 0.133996
9 0.278158 0.700244 0.051078 0.131913
8 0.332925 0.710276 0.053211 0.138455
8 0.388870 0.712591 0.053791 0.140280
0 0.446705 0.712876 0.055290 0.136388
10 0.468516 0.771270 0.019365 0.029036
2 0.503318 0.718417 0.052028 0.138222
0 0.559820 0.725991 0.053998 0.141812
