4 0.185636 0.150584 0.049593 0.114838
6 0.239309 0.154206 0.052030 0.132513
9 0.295364 0.159900 0.051636 0.131752
4 0.351588 0.160653 0.051892 0.121300
1 0.418853 0.171256 0.025190 0.116961
9 0.460100 0.174665 0.053095 0.137616
10 0.481602 0.225149 0.017611 0.027056
9 0.515646 0.178461 0.052243 0.131269
1 0.583617 0.183368 0.026749 0.120763
6 0.624130 0.186324 0.049949 0.134749
10 0.647314 0.245062 0.018654 0.029553
4 0.681497 0.191009 0.052106 0.116313
0 0.283721 0.342012 0.052574 0.133229
10 0.307858 0.395509 0.021055 0.033168
0 0.338918 0.349634 0.051940 0.137198
0 0.395505 0.354066 0.052650 0.134657
2 0.714014 0.381666 0.054129 0.142033
10 0.736883 0.434760 0.018847 0.031356
4 0.771198 0.381640 0.051116 0.118106
5 0.824504 0.388048 0.047712 0.129474
2 0.219771 0.519678 0.052340 0.134266
5 0.275223 0.522369 0.050250 0.137131
10 0.297619 0.576643 0.017645 0.029333
9 0.331481 0.529567 0.051064 0.133049
1 0.610897 0.553602 0.026172 0.119472
1 0.663793 0.561823 0.024814 0.119096
4 0.705525 0.562992 0.049174 0.116031
10 0.727980 0.618955 0.019734 0.032132
0 0.758271 0.568435 0.052393 0.140219
1 0.220751 0.687492 0.023761 0.116803
1 0.258139 0.691283 0.052630 0.138755
8 0.258659 0.692410 0.051881 0.131722
5 0.313214 0.694832 0.049733 0.134866
2 0.368007 0.697467 0.052774 0.135288
8 0.423899 0.706044 0.054452 0.138316
1 0.424204 0.710828 0.053366 0.142541
10 0.446519 0.763367 0.020297 0.031053
1 0.494734 0.713173 0.026161 0.126612
1 0.549216 0.712984 0.026170 0.125384
