3 0.201017 0.157283 0.050152 0.137482
8 0.256169 0.159037 0.054295 0.138817
7 0.316513 0.158424 0.048044 0.133742
3 0.369325 0.166994 0.052442 0.140181
7 0.432578 0.171992 0.034878 0.127522
1 0.435872 0.171005 0.025894 0.109674
2 0.478984 0.175778 0.053514 0.135055
10 0.502729 0.231059 0.018038 0.026356
5 0.535228 0.179047 0.050543 0.139670
3 0.535653 0.179496 0.051280 0.137795
6 0.588178 0.182736 0.053147 0.142283
9 0.647418 0.187280 0.052062 0.136102
7 0.714170 0.195653 0.030492 0.111746
1 0.714674 0.193498 0.028308 0.120672
0 0.301503 0.350521 0.053222 0.139764
10 0.327603 0.406225 0.020166 0.030630
0 0.359081 0.351712 0.052929 0.135824
0 0.415641 0.354230 0.054840 0.138433
2 0.737382 0.381440 0.052211 0.132110
10 0.762717 0.436870 0.019313 0.028354
4 0.794630 0.384375 0.051701 0.116950
5 0.850161 0.390024 0.050810 0.134151
3 0.238361 0.532117 0.049026 0.136832
0 0.293214 0.535418 0.053879 0.134794
10 0.317545 0.590040 0.020276 0.033221
2 0.351967 0.540222 0.051362 0.130064
1 0.636379 0.564919 0.024815 0.122648
1 0.688494 0.562762 0.025792 0.115832
1 0.730864 0.567245 0.049519 0.121730
4 0.731140 0.567384 0.049204 0.119285
10 0.753476 0.623659 0.019250 0.029716
0 0.787183 0.570220 0.054173 0.136172
5 0.219614 0.697144 0.050514 0.135996
9 0.277811 0.701601 0.051471 0.133519
8 0.332169 0.712074 0.052577 0.137765
8 0.389193 0.708131 0.052407 0.135666
0 0.445437 0.715624 0.054164 0.134794
10 0.468491 0.774684 0.019574 0.029308
2 0.501707 0.721752 0.051849 0.134841
0 0.558217 0.724434 0.052250 0.136241
