4 0.187270 0.151780 0.051191 0.118810
6 0.240715 0.156247 0.052250 0.132914
9 0.297113 0.163418 0.051512 0.131963
4 0.352930 0.163122 0.051533 0.118949
1 0.420471 0.173103 0.025211 0.116069
9 0.462047 0.175783 0.050679 0.135217
10 0.483966 0.227403 0.017729 0.027449
9 0.517844 0.181233 0.052793 0.133340
1 0.586420 0.184650 0.026629 0.123630
6 0.626603 0.188191 0.050638 0.135011
4 0.683646 0.191852 0.052247 0.119749
0 0.284566 0.347266 0.051056 0.133527
10 0.310353 0.403457 0.019584 0.030855
0 0.339945 0.351354 0.052384 0.138414
0 0.396623 0.356017 0.053133 0.135308
2 0.716411 0.383851 0.053863 0.139183
10 0.737847 0.437152 0.018847 0.030948
4 0.772830 0.383821 0.051986 0.117039
5 0.827783 0.390229 0.048311 0.130646
2 0.220279 0.521708 0.052895 0.134789
5 0.276015 0.524525 0.049364 0.134155
10 0.299602 0.582342 0.018455 0.029667
9 0.332519 0.529735 0.051832 0.133777
1 0.612454 0.555574 0.027058 0.122232
1 0.667671 0.562416 0.025030 0.121424
3 0.707596 0.565799 0.049294 0.133904
10 0.729517 0.620953 0.019268 0.029754
9 0.762988 0.568810 0.051849 0.135299
1 0.221379 0.689667 0.024373 0.112954
1 0.259004 0.692500 0.052471 0.137378
8 0.259264 0.693985 0.051906 0.136019
5 0.314850 0.698207 0.050191 0.135174
2 0.369069 0.699508 0.052629 0.139344
8 0.425022 0.707994 0.054982 0.139355
1 0.426083 0.713430 0.055520 0.142427
10 0.447603 0.759679 0.020239 0.032483
1 0.495523 0.718407 0.026293 0.122427
1 0.550803 0.719087 0.027040 0.131182
