3 0.201840 0.156041 0.050514 0.137131
8 0.255937 0.157877 0.052055 0.139104
7 0.315866 0.156478 0.049289 0.129250
3 0.369145 0.166220 0.052721 0.143704
7 0.435096 0.172543 0.032983 0.117781
1 0.435415 0.174100 0.027594 0.106410
2 0.479106 0.176702 0.053348 0.138979
10 0.505271 0.230414 0.019455 0.029017
5 0.535148 0.178059 0.051242 0.139203
3 0.535217 0.180408 0.049295 0.138341
6 0.588349 0.180541 0.052343 0.140801
9 0.646785 0.186225 0.054356 0.141100
7 0.709212 0.188675 0.039089 0.121573
0 0.301411 0.351266 0.051899 0.139795
10 0.323414 0.401485 0.020484 0.027610
0 0.358769 0.351156 0.053295 0.135978
0 0.415601 0.354537 0.055121 0.139043
2 0.737042 0.381827 0.053358 0.134005
4 0.794714 0.384395 0.051578 0.117252
5 0.844665 0.384562 0.051889 0.144238
2 0.237490 0.528926 0.056224 0.139647
7 0.299419 0.528264 0.048270 0.136878
6 0.350203 0.540315 0.047045 0.129213
5 0.351254 0.532783 0.046779 0.131430
1 0.635657 0.563070 0.023996 0.117455
1 0.689314 0.563498 0.026201 0.115077
4 0.731496 0.566647 0.048089 0.113860
10 0.753104 0.620437 0.020009 0.029607
0 0.787294 0.570542 0.054066 0.138035
5 0.219574 0.696879 0.051003 0.134630
9 0.278139 0.701530 0.051938 0.135684
8 0.278289 0.705130 0.053653 0.136015
8 0.332189 0.711339 0.053011 0.139143
8 0.389277 0.708373 0.052751 0.136720
0 0.445102 0.716246 0.054661 0.135187
10 0.473005 0.772624 0.019359 0.031118
2 0.501400 0.720466 0.052006 0.136184
0 0.558420 0.723366 0.052570 0.138278
