4 0.186842 0.145896 0.053686 0.121859
6 0.240068 0.151267 0.050734 0.130844
9 0.296506 0.155818 0.052134 0.130961
4 0.352598 0.158692 0.052310 0.119610
1 0.421167 0.165408 0.025173 0.118426
9 0.460981 0.167360 0.049993 0.134868
10 0.482667 0.226655 0.017866 0.029887
9 0.517919 0.173426 0.052542 0.131949
1 0.586135 0.178532 0.026786 0.120126
6 0.626490 0.183078 0.049343 0.136194
4 0.684462 0.186626 0.054715 0.121287
0 0.284639 0.339276 0.052608 0.131598
10 0.307881 0.392846 0.020051 0.031974
0 0.339968 0.346106 0.052355 0.136367
0 0.395566 0.349863 0.054029 0.141774
2 0.715734 0.379588 0.052276 0.138040
10 0.738491 0.431224 0.019435 0.032131
4 0.773479 0.378376 0.051091 0.120532
5 0.827726 0.386159 0.047439 0.130773
2 0.220047 0.517638 0.051946 0.139975
6 0.221364 0.515837 0.051329 0.135777
6 0.274972 0.520278 0.052446 0.134162
10 0.299397 0.576072 0.020235 0.031185
0 0.331742 0.528145 0.053114 0.137070
1 0.612428 0.553676 0.025386 0.121339
1 0.666806 0.559869 0.025234 0.126297
3 0.707277 0.563917 0.049089 0.134965
10 0.729779 0.613077 0.019063 0.029559
8 0.760922 0.564733 0.053659 0.140199
1 0.221558 0.685725 0.023917 0.115696
1 0.258938 0.690539 0.051930 0.137334
8 0.259412 0.692121 0.052488 0.135155
5 0.313999 0.694497 0.050324 0.137402
2 0.369532 0.696233 0.052501 0.135165
8 0.425420 0.698501 0.053867 0.135993
1 0.425750 0.709219 0.053773 0.141488
10 0.447895 0.762611 0.020329 0.031058
1 0.496105 0.711799 0.026226 0.126960
1 0.551036 0.710234 0.027082 0.130896
