4 0.185765 0.150322 0.051051 0.117596
6 0.239564 0.153777 0.051817 0.133812
9 0.295081 0.158538 0.051323 0.131418
4 0.351858 0.159378 0.052004 0.121165
1 0.418920 0.169977 0.025214 0.117911
1 0.459295 0.172533 0.050395 0.138656
9 0.460754 0.171975 0.049488 0.133040
10 0.482047 0.224174 0.017656 0.027300
9 0.516614 0.174947 0.051571 0.135195
1 0.584187 0.182152 0.026599 0.121229
6 0.624597 0.184845 0.050068 0.133868
4 0.681430 0.187322 0.051329 0.117739
0 0.283501 0.345393 0.051702 0.135535
10 0.307629 0.395794 0.020993 0.033226
0 0.338668 0.348512 0.052480 0.139310
0 0.395100 0.353696 0.052826 0.136330
2 0.713967 0.381222 0.054112 0.142820
10 0.736622 0.434229 0.018977 0.032094
4 0.771317 0.381565 0.050927 0.118697
5 0.824581 0.387795 0.047635 0.129642
2 0.219823 0.520269 0.051703 0.133734
6 0.273762 0.522293 0.052078 0.134595
10 0.297185 0.582651 0.018327 0.028685
8 0.330887 0.529338 0.052944 0.136079
1 0.610622 0.554415 0.026077 0.120154
1 0.664231 0.563133 0.024665 0.120735
4 0.706877 0.563859 0.050029 0.115629
10 0.728026 0.620318 0.020443 0.031543
1 0.775070 0.570717 0.026627 0.123735
1 0.220911 0.688867 0.023682 0.115645
1 0.258228 0.692086 0.052480 0.139172
8 0.258527 0.693749 0.051923 0.133029
5 0.312945 0.696219 0.049716 0.135563
2 0.368212 0.698451 0.052605 0.135014
8 0.423772 0.707040 0.054834 0.139089
1 0.424297 0.712261 0.053900 0.144096
10 0.446305 0.764601 0.020390 0.031210
1 0.493961 0.714588 0.026471 0.128142
1 0.549437 0.714456 0.027082 0.130103
