3 0.199753 0.150600 0.048800 0.131016
8 0.254372 0.154134 0.052981 0.136821
7 0.314072 0.157772 0.050274 0.138216
3 0.367356 0.166378 0.052081 0.140145
5 0.367549 0.162002 0.049995 0.132816
4 0.421519 0.164070 0.051040 0.123571
0 0.478123 0.172886 0.054223 0.135293
10 0.503443 0.223601 0.020759 0.033554
6 0.534147 0.174615 0.049953 0.133239
3 0.590722 0.180988 0.051110 0.138211
5 0.645534 0.183511 0.051103 0.140081
7 0.704333 0.184842 0.047457 0.129948
5 0.705643 0.182119 0.049170 0.134328
9 0.245651 0.346673 0.051787 0.133640
2 0.301429 0.346945 0.052606 0.136629
10 0.326458 0.400571 0.019063 0.030630
6 0.357165 0.346901 0.053113 0.138885
2 0.412607 0.354211 0.055016 0.138079
2 0.740068 0.377303 0.050486 0.129658
4 0.796578 0.380449 0.052290 0.115353
5 0.852387 0.386473 0.048234 0.127500
2 0.235709 0.525484 0.054763 0.141115
6 0.291638 0.529687 0.051899 0.139231
10 0.314264 0.587679 0.021114 0.034951
1 0.364056 0.542909 0.024771 0.113174
1 0.637273 0.560870 0.024448 0.118762
1 0.689989 0.560924 0.025208 0.116626
2 0.730048 0.566583 0.046735 0.125309
10 0.757156 0.618196 0.019375 0.032871
2 0.788313 0.564266 0.050487 0.136216
5 0.217910 0.695215 0.050198 0.134199
5 0.262361 0.699468 0.084371 0.137652
9 0.275481 0.699044 0.052098 0.134514
8 0.332605 0.707816 0.055537 0.142040
1 0.404796 0.708970 0.026303 0.119819
0 0.445832 0.714052 0.053435 0.135930
10 0.466092 0.773595 0.020150 0.029997
9 0.502375 0.717396 0.051665 0.134720
5 0.556685 0.719213 0.048979 0.133515
