3 0.203893 0.157124 0.047291 0.134630
5 0.206540 0.154594 0.046418 0.123558
8 0.206711 0.152600 0.045393 0.121870
8 0.256610 0.159636 0.052260 0.138878
7 0.315849 0.160242 0.050094 0.122584
3 0.369860 0.166685 0.052282 0.132417
9 0.370602 0.161032 0.051466 0.137006
1 0.437548 0.174581 0.026170 0.102912
2 0.480057 0.174176 0.055314 0.136738
3 0.536418 0.179659 0.050998 0.144412
9 0.536870 0.178433 0.052696 0.139678
2 0.537451 0.177724 0.052364 0.139252
6 0.590792 0.181513 0.051455 0.135338
9 0.647899 0.185957 0.053098 0.134375
0 0.303483 0.348674 0.050684 0.133309
10 0.324841 0.401625 0.020535 0.027266
0 0.359682 0.351707 0.053613 0.134587
0 0.416662 0.354584 0.055094 0.138825
2 0.739741 0.382598 0.052645 0.136285
10 0.765178 0.437353 0.018556 0.031988
4 0.797932 0.386348 0.053236 0.120407
5 0.853012 0.390245 0.050507 0.136664
2 0.238421 0.529979 0.055444 0.142428
6 0.294680 0.530674 0.054018 0.139668
10 0.317250 0.585837 0.018487 0.029113
4 0.353075 0.534562 0.051545 0.117435
1 0.637601 0.561989 0.027139 0.121135
1 0.690307 0.563258 0.027636 0.125919
3 0.733623 0.570176 0.049423 0.133835
10 0.756339 0.618895 0.016020 0.025429
5 0.787815 0.569461 0.051006 0.137666
5 0.220947 0.695311 0.049532 0.134152
9 0.278263 0.700549 0.051634 0.133312
8 0.333390 0.706105 0.054075 0.138299
8 0.390569 0.708024 0.053522 0.137456
0 0.447089 0.714057 0.055352 0.137566
10 0.472593 0.770850 0.019079 0.031031
2 0.503641 0.718746 0.051773 0.137518
0 0.559994 0.722711 0.053871 0.137008
