3 0.202684 0.157978 0.050511 0.132440
8 0.256901 0.160038 0.055120 0.139709
7 0.317461 0.158386 0.048921 0.130688
3 0.369881 0.167447 0.052232 0.139126
7 0.429505 0.172648 0.045231 0.128870
1 0.437870 0.171763 0.025403 0.111966
2 0.481502 0.176962 0.051532 0.132101
10 0.505013 0.229386 0.019461 0.029145
2 0.536170 0.178862 0.053125 0.139208
3 0.536969 0.181056 0.051031 0.137599
6 0.589950 0.183670 0.053368 0.141546
9 0.648597 0.188475 0.050945 0.131845
0 0.302375 0.350307 0.052658 0.140519
10 0.328552 0.401929 0.019801 0.038212
0 0.359301 0.351466 0.053057 0.134628
0 0.416159 0.353093 0.054465 0.137924
2 0.740252 0.381213 0.050435 0.131493
4 0.797496 0.382826 0.051397 0.113059
5 0.852558 0.389383 0.049149 0.132775
2 0.238003 0.528837 0.055153 0.141085
6 0.293851 0.530168 0.053863 0.138859
10 0.319415 0.587869 0.019997 0.027834
5 0.352328 0.532679 0.050082 0.136506
1 0.637577 0.560960 0.025558 0.113096
1 0.689833 0.562341 0.027645 0.119941
4 0.734376 0.565224 0.051278 0.118019
10 0.757716 0.622717 0.021204 0.031482
1 0.803743 0.571928 0.025591 0.115975
5 0.220615 0.696338 0.049314 0.133715
9 0.278462 0.700120 0.050945 0.130985
8 0.333199 0.710259 0.053445 0.139157
8 0.390677 0.705922 0.052625 0.135503
0 0.446967 0.712599 0.055313 0.136279
10 0.468842 0.772104 0.019643 0.029818
2 0.503393 0.718856 0.051349 0.136596
0 0.560182 0.722247 0.052392 0.133759
