3 0.202207 0.158010 0.050297 0.136782
8 0.257066 0.159918 0.055335 0.140931
7 0.316652 0.160082 0.049585 0.133750
3 0.369928 0.168850 0.051865 0.138928
7 0.428210 0.167214 0.048181 0.131247
1 0.437041 0.171243 0.025849 0.113499
2 0.481476 0.175851 0.051727 0.133916
10 0.504291 0.228944 0.018329 0.028018
3 0.537266 0.180842 0.050610 0.135920
6 0.589543 0.183631 0.052883 0.140550
9 0.649525 0.186892 0.052391 0.135285
1 0.716547 0.194934 0.031182 0.123383
0 0.302671 0.350176 0.052948 0.141590
10 0.328725 0.402707 0.019918 0.036878
0 0.359308 0.351495 0.052810 0.134214
0 0.416235 0.352842 0.054195 0.136515
2 0.740339 0.379808 0.050146 0.126609
4 0.797621 0.383278 0.050090 0.111060
5 0.852359 0.388651 0.049111 0.131766
2 0.238066 0.529002 0.055228 0.141168
6 0.294295 0.531068 0.053510 0.136724
10 0.319060 0.586470 0.018476 0.029853
5 0.352570 0.531230 0.048666 0.134199
3 0.353459 0.539676 0.050605 0.133642
1 0.637299 0.561608 0.024258 0.117736
1 0.691518 0.563430 0.026639 0.121010
5 0.733948 0.565985 0.050824 0.136223
3 0.734078 0.569162 0.049960 0.136329
10 0.756684 0.623586 0.021064 0.032277
7 0.794281 0.563051 0.045789 0.129943
5 0.220782 0.695954 0.049233 0.132490
9 0.278524 0.700045 0.051281 0.130601
8 0.333656 0.704176 0.053843 0.137981
8 0.388905 0.712442 0.053696 0.139642
0 0.446798 0.712683 0.055012 0.135895
10 0.468472 0.771921 0.019689 0.029252
2 0.503113 0.718677 0.051527 0.136552
0 0.560130 0.722110 0.052723 0.133653
