3 0.203015 0.158145 0.049653 0.130348
8 0.256592 0.159740 0.054936 0.139649
7 0.316322 0.162196 0.051027 0.131542
3 0.369820 0.169072 0.050915 0.136215
7 0.427598 0.168418 0.048595 0.131185
1 0.436576 0.170885 0.025871 0.109185
2 0.480391 0.175592 0.053309 0.133731
10 0.503405 0.228921 0.018577 0.028684
2 0.535997 0.178714 0.052507 0.138463
3 0.536865 0.180656 0.050641 0.136596
6 0.589655 0.183606 0.053196 0.141855
9 0.648556 0.188542 0.050939 0.133393
1 0.714487 0.193717 0.033398 0.126883
0 0.303383 0.349273 0.049554 0.133934
10 0.322819 0.401854 0.020508 0.027383
0 0.359284 0.351658 0.053066 0.134886
0 0.416387 0.352430 0.055060 0.140954
2 0.740116 0.376733 0.051944 0.128441
4 0.797023 0.382457 0.051149 0.113601
5 0.852107 0.388930 0.049576 0.132014
2 0.237963 0.528585 0.055380 0.141354
6 0.294454 0.531741 0.051143 0.134002
1 0.366200 0.542520 0.025422 0.114947
1 0.636650 0.561498 0.025251 0.111636
1 0.690683 0.562551 0.026980 0.120918
3 0.732993 0.566814 0.050005 0.137293
1 0.733953 0.567411 0.048202 0.137156
10 0.756007 0.622323 0.019634 0.031330
9 0.789220 0.570506 0.050582 0.133942
5 0.220490 0.696101 0.049595 0.132877
9 0.278265 0.699834 0.050855 0.130554
8 0.333033 0.710021 0.053653 0.140175
8 0.388748 0.713031 0.053760 0.140279
0 0.392083 0.717102 0.061940 0.138006
0 0.446755 0.712922 0.055315 0.136438
10 0.468543 0.771898 0.019318 0.028924
2 0.503348 0.718319 0.051932 0.137784
0 0.559914 0.721372 0.052172 0.133432
