4 0.187788 0.152854 0.051756 0.126635
6 0.241029 0.157437 0.051013 0.129094
9 0.297827 0.160997 0.052227 0.131525
8 0.299339 0.161199 0.051855 0.139173
4 0.353442 0.163636 0.052379 0.125691
1 0.421601 0.175274 0.028513 0.117189
9 0.460686 0.177492 0.053996 0.144679
9 0.518348 0.177807 0.054681 0.147891
7 0.579790 0.179846 0.038340 0.132217
6 0.620885 0.190413 0.055398 0.139943
4 0.679654 0.190646 0.052942 0.123462
0 0.286487 0.348621 0.052612 0.133910
10 0.309097 0.398044 0.021668 0.037022
0 0.340663 0.352599 0.051804 0.136495
0 0.396857 0.352871 0.053103 0.134462
2 0.715501 0.385098 0.053695 0.136112
4 0.771394 0.386564 0.053498 0.117773
5 0.824974 0.391122 0.048553 0.132069
6 0.222473 0.525405 0.048060 0.133930
2 0.222601 0.524628 0.051648 0.139886
9 0.279036 0.525833 0.051079 0.134027
10 0.302356 0.582712 0.020707 0.033225
8 0.332989 0.532301 0.048268 0.126706
9 0.333893 0.529297 0.051059 0.130740
1 0.611270 0.555024 0.025668 0.116266
1 0.664333 0.564217 0.026484 0.106117
4 0.667288 0.560824 0.032863 0.103532
4 0.706430 0.562652 0.054498 0.126707
1 0.774431 0.571567 0.028120 0.123281
1 0.222863 0.693549 0.024793 0.113772
8 0.260900 0.695869 0.052209 0.140478
5 0.314228 0.696844 0.050270 0.132633
6 0.315038 0.698712 0.048076 0.129645
5 0.366655 0.701485 0.054584 0.137495
2 0.367984 0.701936 0.052847 0.136672
6 0.368442 0.709791 0.052418 0.144453
8 0.424787 0.704433 0.055273 0.138721
1 0.494945 0.711928 0.028408 0.128114
1 0.548597 0.719819 0.024167 0.113646
