3 0.202166 0.158019 0.050034 0.136514
8 0.256814 0.159595 0.055106 0.139799
7 0.315519 0.160329 0.051132 0.132367
3 0.316551 0.162326 0.048575 0.131645
3 0.369812 0.169284 0.051278 0.137385
7 0.427704 0.170085 0.048143 0.130639
1 0.437311 0.171902 0.025678 0.110807
2 0.481210 0.175748 0.052249 0.134248
10 0.503646 0.229673 0.019549 0.030615
2 0.536186 0.178944 0.052943 0.139026
3 0.537209 0.181014 0.051107 0.136844
6 0.589916 0.183869 0.052999 0.140554
10 0.615565 0.240152 0.018963 0.028956
9 0.648670 0.189109 0.051267 0.133485
1 0.714900 0.194526 0.031388 0.124955
0 0.302336 0.351396 0.052321 0.140002
10 0.328160 0.402662 0.020357 0.039386
0 0.359317 0.351765 0.053094 0.134904
0 0.413342 0.356561 0.056438 0.136263
2 0.740493 0.383758 0.051553 0.134379
4 0.796956 0.382964 0.051204 0.113716
5 0.852052 0.389054 0.049466 0.132571
2 0.238150 0.529250 0.054627 0.140899
6 0.293191 0.532123 0.051184 0.136739
10 0.317732 0.585965 0.018724 0.029527
4 0.352113 0.537867 0.052326 0.113241
1 0.637499 0.560151 0.024730 0.108984
1 0.688942 0.561081 0.028616 0.118112
4 0.735404 0.567747 0.048581 0.110434
10 0.757539 0.622371 0.020754 0.032532
1 0.803608 0.573491 0.025511 0.115984
5 0.220791 0.696170 0.049147 0.132139
9 0.278417 0.699932 0.051048 0.130804
8 0.333094 0.710206 0.053412 0.139178
8 0.388933 0.712701 0.053787 0.140584
0 0.391120 0.715129 0.058089 0.143019
0 0.446875 0.712899 0.054982 0.136073
10 0.468501 0.771611 0.019013 0.028327
2 0.503027 0.718634 0.051848 0.137246
0 0.560374 0.725900 0.055407 0.142752
