3 0.199186 0.157013 0.049952 0.138566
8 0.254435 0.156340 0.052925 0.139187
7 0.314085 0.159373 0.050000 0.135877
10 0.337738 0.223565 0.017516 0.031548
3 0.367330 0.167563 0.051936 0.140011
7 0.424887 0.168863 0.050354 0.136144
4 0.479465 0.174414 0.051137 0.122422
10 0.501450 0.229748 0.018975 0.030167
2 0.533474 0.178621 0.053366 0.141366
9 0.590243 0.180272 0.051450 0.133140
8 0.644602 0.186260 0.054537 0.139624
0 0.702603 0.192770 0.054181 0.140223
9 0.245145 0.348021 0.051209 0.131845
0 0.299950 0.349082 0.053940 0.139417
10 0.323832 0.403401 0.018156 0.030274
6 0.357261 0.351614 0.052512 0.138127
9 0.415644 0.354480 0.054242 0.143819
2 0.738956 0.382087 0.050565 0.131433
10 0.763930 0.437638 0.019163 0.032070
4 0.795784 0.384595 0.052174 0.117690
5 0.851315 0.390017 0.050228 0.135137
2 0.235700 0.530399 0.055616 0.144334
6 0.291644 0.532510 0.053984 0.137923
10 0.316419 0.591357 0.021009 0.034076
5 0.349701 0.535790 0.049619 0.136946
1 0.636380 0.563989 0.025079 0.122021
1 0.689820 0.564624 0.026444 0.122169
1 0.730098 0.569095 0.051233 0.146796
2 0.730752 0.570533 0.050647 0.137410
10 0.757179 0.621957 0.018175 0.028371
8 0.788135 0.570743 0.053553 0.138046
5 0.218435 0.700085 0.050656 0.139259
9 0.277021 0.708541 0.051326 0.133696
7 0.335877 0.708602 0.046301 0.128589
2 0.388402 0.712918 0.050538 0.136586
8 0.444764 0.717813 0.054628 0.137924
10 0.469618 0.778576 0.019661 0.030843
4 0.503341 0.722651 0.054344 0.122083
7 0.562375 0.723742 0.048687 0.133280
