3 0.202747 0.157767 0.050238 0.132266
8 0.256631 0.159606 0.054736 0.138439
7 0.317162 0.159751 0.049466 0.132721
10 0.337872 0.223066 0.017872 0.031001
3 0.370199 0.169071 0.050918 0.136313
7 0.429575 0.168682 0.045505 0.131291
1 0.436777 0.171393 0.026096 0.112865
2 0.480983 0.176137 0.052384 0.134886
5 0.536720 0.178991 0.051732 0.139751
3 0.536941 0.181414 0.051276 0.138071
6 0.589872 0.184041 0.052885 0.140470
9 0.648178 0.188175 0.051542 0.132672
1 0.706729 0.187212 0.033982 0.119959
0 0.302014 0.350304 0.052684 0.139928
10 0.327606 0.402235 0.020383 0.038279
0 0.359422 0.351969 0.052968 0.134561
0 0.416359 0.352620 0.054909 0.141752
2 0.740223 0.379343 0.049945 0.123843
4 0.797101 0.382537 0.051040 0.112331
5 0.852084 0.388807 0.049504 0.132096
1 0.637507 0.561049 0.025417 0.112558
1 0.690419 0.562422 0.027131 0.118076
4 0.734043 0.565072 0.050456 0.116312
4 0.734315 0.437126 0.052151 0.250031
10 0.757683 0.622436 0.021046 0.032004
1 0.803732 0.572032 0.025755 0.116065
2 0.238211 0.528626 0.055200 0.141076
6 0.294204 0.529723 0.053441 0.138610
10 0.315865 0.588187 0.021234 0.035136
7 0.356253 0.532634 0.049565 0.131372
5 0.220528 0.696504 0.049344 0.133471
9 0.278195 0.700292 0.051218 0.131429
8 0.332934 0.710632 0.053425 0.139877
8 0.388688 0.713147 0.053922 0.140651
0 0.446632 0.713788 0.055002 0.135177
10 0.468769 0.771820 0.019335 0.029035
2 0.502715 0.719101 0.051998 0.136556
0 0.559936 0.722174 0.052565 0.133620
