4 0.186957 0.145964 0.053692 0.122082
6 0.240350 0.151722 0.051363 0.138485
9 0.296359 0.155918 0.052260 0.131404
4 0.352629 0.156401 0.051276 0.121199
1 0.420925 0.165824 0.025132 0.119974
1 0.460730 0.169614 0.050247 0.136788
9 0.461167 0.168324 0.048806 0.130248
10 0.484132 0.222336 0.017271 0.026598
9 0.518081 0.171933 0.052228 0.137673
1 0.586358 0.179094 0.026190 0.119426
6 0.626412 0.182711 0.049785 0.137857
4 0.683750 0.186268 0.055649 0.122101
0 0.284816 0.339226 0.052719 0.133794
10 0.308547 0.392857 0.020138 0.031882
0 0.339967 0.346459 0.052696 0.137761
0 0.395678 0.350283 0.054324 0.143626
2 0.715729 0.379705 0.052957 0.139203
10 0.738463 0.432067 0.019689 0.031803
4 0.773358 0.378379 0.051182 0.120432
5 0.827803 0.386616 0.047517 0.130346
2 0.220021 0.517313 0.052615 0.139488
5 0.276415 0.521260 0.049852 0.135329
10 0.299259 0.576492 0.018842 0.032496
9 0.332471 0.528641 0.051242 0.134153
1 0.612240 0.554225 0.025545 0.122568
1 0.666577 0.553097 0.026904 0.120881
4 0.707564 0.557101 0.049129 0.119339
10 0.729497 0.618348 0.019407 0.030705
0 0.761803 0.566461 0.053423 0.137516
1 0.221510 0.687186 0.023667 0.117998
1 0.259024 0.690409 0.052209 0.138126
8 0.259415 0.691426 0.052312 0.134131
5 0.314139 0.694585 0.050219 0.136752
2 0.369080 0.696681 0.052774 0.135904
8 0.425367 0.698868 0.053905 0.135437
1 0.425549 0.709380 0.054303 0.142776
10 0.447877 0.762726 0.020406 0.031362
1 0.495944 0.711852 0.026352 0.127400
1 0.550775 0.710813 0.026886 0.131196
