4 0.186767 0.149456 0.051579 0.121759
6 0.239830 0.153277 0.051840 0.132373
9 0.295672 0.158366 0.051424 0.130767
4 0.351749 0.159727 0.052426 0.122729
1 0.418448 0.169696 0.025288 0.117608
9 0.460287 0.174272 0.053597 0.139328
10 0.482417 0.224318 0.017476 0.027551
9 0.516556 0.174638 0.051823 0.136369
1 0.582078 0.179707 0.030877 0.122752
6 0.624291 0.185182 0.050293 0.134982
4 0.681374 0.187957 0.051517 0.118312
0 0.283608 0.341654 0.052866 0.132958
10 0.307962 0.394743 0.020761 0.033074
0 0.338727 0.349556 0.052449 0.138734
0 0.395485 0.348421 0.053676 0.135315
2 0.713913 0.381634 0.053467 0.141073
10 0.736981 0.433907 0.019103 0.033245
4 0.771101 0.381940 0.050865 0.118532
5 0.824653 0.387933 0.047734 0.129710
2 0.219868 0.519663 0.051739 0.133683
6 0.220215 0.523273 0.054891 0.142076
6 0.273913 0.521177 0.051602 0.133620
10 0.298546 0.576962 0.019817 0.030737
8 0.330995 0.528600 0.052363 0.134057
1 0.609918 0.553093 0.026208 0.119092
1 0.663061 0.562612 0.026043 0.124795
4 0.707046 0.563581 0.050445 0.116617
10 0.728713 0.619041 0.019890 0.030478
1 0.774364 0.570444 0.026433 0.121613
1 0.220677 0.688476 0.023660 0.114283
1 0.258560 0.691823 0.052023 0.136394
8 0.258836 0.693361 0.051875 0.131896
5 0.313256 0.695681 0.049694 0.134726
2 0.367961 0.698449 0.053095 0.136089
8 0.424208 0.701244 0.053354 0.134425
1 0.424966 0.712271 0.055826 0.144511
10 0.447768 0.765017 0.019556 0.031199
1 0.494702 0.714469 0.026947 0.130056
1 0.548821 0.714940 0.026877 0.130854
