3 0.201665 0.156621 0.050260 0.135673
8 0.256777 0.158814 0.055609 0.139801
7 0.316346 0.157914 0.050980 0.130676
5 0.370071 0.168258 0.050584 0.143102
3 0.370430 0.167148 0.053192 0.136041
1 0.438046 0.171236 0.024999 0.112287
2 0.480419 0.175830 0.053642 0.134899
10 0.505336 0.229098 0.018995 0.028526
2 0.535776 0.178551 0.052691 0.138432
3 0.537021 0.180831 0.050659 0.135099
6 0.590019 0.183239 0.053555 0.142003
9 0.648180 0.188074 0.052322 0.133406
0 0.302433 0.351082 0.053027 0.140716
10 0.328518 0.402872 0.019514 0.032495
0 0.359364 0.351702 0.053024 0.134366
0 0.416274 0.352782 0.054130 0.137804
2 0.740293 0.379533 0.049836 0.124867
4 0.797577 0.382974 0.051452 0.112411
5 0.852388 0.388918 0.049852 0.132995
2 0.237786 0.529255 0.055655 0.142280
6 0.292993 0.531929 0.051586 0.136911
10 0.319508 0.586627 0.019098 0.029521
9 0.351821 0.537081 0.051919 0.130103
1 0.637679 0.560788 0.025261 0.110974
1 0.689445 0.561593 0.028093 0.118065
4 0.734184 0.565919 0.050458 0.116956
10 0.757318 0.621869 0.020462 0.031686
1 0.804161 0.573626 0.025562 0.115103
5 0.220394 0.697044 0.049830 0.134760
9 0.278220 0.700552 0.051140 0.131845
8 0.280497 0.707754 0.058167 0.135802
8 0.332932 0.710146 0.053238 0.139117
8 0.388889 0.712645 0.053733 0.140294
0 0.446573 0.712466 0.054575 0.134757
10 0.469220 0.771125 0.018677 0.029547
2 0.502683 0.718954 0.052250 0.137203
0 0.560099 0.722035 0.052742 0.134088
