4 0.189457 0.147508 0.050566 0.119394
6 0.241972 0.154129 0.052168 0.139243
9 0.299809 0.158318 0.051388 0.132568
4 0.354239 0.158780 0.050556 0.119532
1 0.422617 0.165484 0.026199 0.120953
1 0.457794 0.167576 0.064610 0.132420
9 0.463743 0.170412 0.050838 0.131257
10 0.487129 0.222944 0.016919 0.026997
9 0.521166 0.172897 0.053790 0.138371
1 0.588913 0.182458 0.024669 0.122618
6 0.628793 0.183464 0.049863 0.136321
4 0.686363 0.189525 0.053727 0.122320
0 0.286979 0.342881 0.053311 0.135397
10 0.313090 0.401881 0.019882 0.033202
0 0.341482 0.346755 0.051663 0.138234
0 0.398022 0.353524 0.051922 0.137198
2 0.718398 0.382044 0.054149 0.141335
10 0.744303 0.434316 0.018185 0.032545
4 0.775484 0.380829 0.051648 0.120646
5 0.829066 0.388280 0.049007 0.131916
2 0.222519 0.519556 0.053217 0.139989
5 0.279259 0.521627 0.051527 0.132885
10 0.301675 0.576149 0.019926 0.034255
7 0.338483 0.525650 0.045799 0.129289
1 0.615046 0.556435 0.025121 0.120424
1 0.669259 0.561590 0.024733 0.120038
3 0.709531 0.566283 0.048929 0.133278
10 0.732045 0.614812 0.019211 0.031603
0 0.764506 0.568120 0.053301 0.137624
1 0.222753 0.687040 0.023974 0.112746
1 0.261751 0.691509 0.051123 0.137679
8 0.261758 0.693120 0.052698 0.138183
5 0.316329 0.694310 0.049449 0.132535
5 0.364706 0.699493 0.068905 0.136023
2 0.371461 0.698000 0.052216 0.138888
8 0.427784 0.702766 0.054406 0.135434
1 0.428172 0.710777 0.054466 0.144446
10 0.450132 0.764262 0.019745 0.031272
1 0.497482 0.710748 0.026749 0.126030
1 0.553192 0.717297 0.026645 0.132482
