3 0.201632 0.156703 0.049842 0.137194
8 0.255780 0.159245 0.054697 0.140289
7 0.315658 0.161000 0.051308 0.133389
3 0.369285 0.165115 0.052279 0.136379
7 0.427826 0.170034 0.045864 0.127424
1 0.437444 0.170754 0.023957 0.109614
2 0.479294 0.174558 0.051808 0.133628
10 0.502554 0.229222 0.018876 0.028662
5 0.534556 0.177743 0.050548 0.138088
3 0.535025 0.179305 0.051054 0.137039
6 0.588578 0.182743 0.052761 0.133156
9 0.647109 0.186195 0.052252 0.136856
7 0.706107 0.186156 0.038344 0.124125
1 0.708885 0.193218 0.037647 0.128324
0 0.301515 0.350878 0.052644 0.142035
10 0.321554 0.402091 0.020329 0.027214
0 0.358125 0.350900 0.052982 0.136191
0 0.411627 0.356420 0.055798 0.138773
2 0.737561 0.377192 0.052496 0.129549
4 0.794161 0.381576 0.050993 0.116541
5 0.849676 0.388812 0.051120 0.131539
2 0.237302 0.528590 0.054868 0.140925
6 0.293393 0.531327 0.050250 0.131989
10 0.315634 0.588477 0.021703 0.036418
1 0.365069 0.543718 0.025558 0.109846
1 0.635673 0.563298 0.023620 0.116107
1 0.688148 0.561990 0.026008 0.113204
4 0.730261 0.566369 0.049019 0.118681
10 0.754988 0.622253 0.020580 0.030249
0 0.786892 0.570061 0.053514 0.137576
5 0.220292 0.697486 0.049101 0.134102
9 0.277234 0.701105 0.051238 0.133148
8 0.332813 0.706144 0.053775 0.136648
8 0.389229 0.707572 0.052583 0.135101
0 0.445302 0.713822 0.054487 0.134693
10 0.466602 0.772271 0.019867 0.029601
2 0.501207 0.719941 0.052057 0.136490
0 0.558413 0.723091 0.052640 0.135218
