4 0.186094 0.146490 0.050752 0.117987
6 0.239110 0.152515 0.052020 0.133910
9 0.295614 0.157587 0.051542 0.130857
4 0.352204 0.157184 0.052095 0.120848
1 0.420160 0.167260 0.025041 0.117383
1 0.460060 0.170600 0.050354 0.136838
9 0.460391 0.170347 0.048915 0.128913
10 0.483455 0.223875 0.017494 0.026098
9 0.517463 0.173241 0.052072 0.136702
1 0.585897 0.179945 0.026526 0.118518
6 0.625691 0.182965 0.049599 0.136627
4 0.683382 0.186828 0.053704 0.122649
0 0.283542 0.343821 0.051951 0.138348
10 0.307118 0.395044 0.020421 0.032461
0 0.338800 0.346689 0.052090 0.138235
0 0.395454 0.351821 0.052715 0.133990
2 0.715054 0.381051 0.054455 0.142218
10 0.737509 0.433653 0.019409 0.031782
4 0.772703 0.380030 0.051470 0.119786
5 0.827179 0.387655 0.047804 0.130569
2 0.219768 0.519511 0.051899 0.133250
6 0.274595 0.521156 0.052526 0.134072
10 0.297537 0.581928 0.018225 0.028561
6 0.329741 0.528708 0.050036 0.133603
1 0.611770 0.554099 0.026638 0.125100
1 0.666606 0.562205 0.024641 0.124833
3 0.706784 0.565850 0.049035 0.135247
10 0.729946 0.615406 0.017966 0.028926
0 0.761077 0.567820 0.053498 0.137443
1 0.220508 0.688331 0.023744 0.117682
1 0.257783 0.691994 0.052622 0.138957
8 0.258353 0.693219 0.052364 0.133990
5 0.313155 0.696741 0.050162 0.137033
2 0.368292 0.697859 0.052690 0.138554
1 0.424689 0.711241 0.054416 0.143132
8 0.424791 0.700872 0.053518 0.134409
10 0.447055 0.764334 0.020158 0.030598
1 0.494361 0.713009 0.026590 0.128847
1 0.550443 0.715260 0.027294 0.131901
