3 0.202228 0.157171 0.049472 0.135592
8 0.256483 0.159576 0.054816 0.139060
7 0.316712 0.160301 0.051161 0.131417
3 0.370153 0.167870 0.052167 0.137400
7 0.430314 0.170712 0.042375 0.130970
1 0.437947 0.171317 0.025570 0.112231
2 0.481427 0.175612 0.051090 0.133147
10 0.504177 0.229825 0.019147 0.028590
5 0.536382 0.179185 0.052797 0.140080
3 0.537057 0.180964 0.051160 0.137807
6 0.590408 0.183089 0.053042 0.136305
9 0.649097 0.186759 0.053113 0.136079
1 0.716141 0.194128 0.031348 0.128090
0 0.301989 0.350078 0.053301 0.140303
10 0.327648 0.401951 0.019853 0.035719
0 0.359547 0.352008 0.052878 0.133447
0 0.416170 0.353112 0.054590 0.138221
2 0.740189 0.380212 0.050394 0.126882
4 0.797350 0.383511 0.051889 0.114792
5 0.852422 0.388979 0.049594 0.132807
2 0.237876 0.528852 0.055039 0.140857
6 0.292458 0.531914 0.051183 0.136196
10 0.318615 0.585975 0.019672 0.029681
6 0.351127 0.531969 0.051151 0.136373
1 0.637349 0.561448 0.025419 0.111319
1 0.688976 0.561223 0.029411 0.118243
4 0.734394 0.564658 0.050548 0.116909
10 0.755923 0.623354 0.020518 0.031277
1 0.804410 0.573139 0.025641 0.118278
5 0.220659 0.696117 0.049876 0.133755
9 0.278480 0.700094 0.051209 0.130835
8 0.279296 0.706909 0.053760 0.134855
8 0.333180 0.710065 0.053080 0.138381
8 0.388911 0.712441 0.053425 0.138968
0 0.446834 0.712684 0.054793 0.135822
10 0.468414 0.770609 0.018853 0.028288
2 0.503004 0.718701 0.051984 0.137106
0 0.560196 0.725707 0.055237 0.141812
