3 0.202780 0.158176 0.050232 0.131442
8 0.256812 0.159198 0.055173 0.139996
7 0.316683 0.160612 0.049795 0.134002
3 0.370218 0.167768 0.051825 0.139313
7 0.428132 0.171078 0.046283 0.130652
1 0.436757 0.170811 0.025819 0.111540
2 0.480252 0.175701 0.053555 0.133683
10 0.504247 0.228643 0.018938 0.029342
5 0.536059 0.178691 0.052394 0.138732
3 0.537487 0.181067 0.050848 0.136538
6 0.589918 0.184045 0.053291 0.140477
9 0.648924 0.187533 0.051442 0.134309
1 0.709942 0.187518 0.033075 0.119600
0 0.302386 0.351351 0.052689 0.140362
10 0.328431 0.402675 0.020260 0.037191
0 0.359448 0.351683 0.052809 0.134008
0 0.416170 0.352982 0.054492 0.137409
2 0.740729 0.384113 0.051403 0.133525
4 0.797280 0.383693 0.049427 0.108816
5 0.852026 0.388790 0.049434 0.131880
2 0.237920 0.528807 0.055385 0.141746
6 0.293133 0.531988 0.051714 0.137504
10 0.316592 0.588332 0.020475 0.034259
3 0.353214 0.539519 0.050502 0.132750
5 0.353519 0.531337 0.050014 0.132504
1 0.637528 0.561041 0.025280 0.114146
1 0.690362 0.561856 0.028004 0.122707
3 0.733016 0.568709 0.049119 0.135853
10 0.757387 0.619141 0.017165 0.026532
6 0.787216 0.567368 0.051501 0.135591
5 0.220946 0.696256 0.049126 0.131895
9 0.278567 0.700089 0.051180 0.130576
8 0.333054 0.710132 0.052996 0.138148
8 0.388896 0.712928 0.053708 0.140512
10 0.445773 0.720283 0.052265 0.136685
0 0.446635 0.713011 0.055179 0.135508
10 0.468798 0.771691 0.019044 0.028529
2 0.503201 0.718481 0.051888 0.136994
0 0.560257 0.725234 0.054921 0.141922
