4 0.187190 0.146323 0.053363 0.119165
6 0.240049 0.151218 0.050934 0.131361
9 0.296494 0.155905 0.052234 0.130974
4 0.352404 0.158143 0.052791 0.119743
1 0.421043 0.165195 0.025210 0.118653
1 0.460824 0.169552 0.050536 0.136836
9 0.461247 0.168207 0.048919 0.130943
10 0.483549 0.226602 0.017880 0.029992
9 0.517865 0.173647 0.052300 0.131293
1 0.587220 0.178674 0.026027 0.119115
6 0.626646 0.182682 0.049690 0.137153
4 0.684671 0.187080 0.054320 0.117398
0 0.284237 0.343077 0.051050 0.132768
10 0.307827 0.393204 0.020313 0.032360
0 0.339939 0.346036 0.052569 0.136206
0 0.396569 0.349166 0.053002 0.133350
2 0.715874 0.379765 0.052778 0.138543
10 0.739500 0.432244 0.019127 0.032204
4 0.773249 0.378845 0.051277 0.120827
5 0.827069 0.386928 0.049519 0.136206
2 0.220657 0.517142 0.052345 0.136803
6 0.275215 0.520479 0.052358 0.134217
10 0.299226 0.575884 0.019866 0.030908
0 0.332010 0.528180 0.053216 0.137436
1 0.612619 0.553867 0.025764 0.124140
1 0.666825 0.559772 0.025648 0.128786
3 0.707731 0.563991 0.049117 0.134926
10 0.729499 0.613697 0.018962 0.029202
8 0.762207 0.565621 0.053724 0.138072
1 0.221462 0.686558 0.023529 0.116815
1 0.259650 0.690469 0.052170 0.137179
8 0.259753 0.691976 0.052404 0.134696
5 0.314277 0.694810 0.050603 0.137724
2 0.369419 0.696582 0.052637 0.135237
8 0.425495 0.699043 0.054026 0.135642
1 0.425889 0.709139 0.054265 0.142296
10 0.446961 0.762725 0.019971 0.031142
1 0.496468 0.711152 0.026257 0.126491
1 0.551023 0.710434 0.026907 0.131329
