4 0.185449 0.146865 0.053028 0.118093
6 0.239450 0.153105 0.052407 0.135269
9 0.295732 0.158008 0.051894 0.131952
4 0.352139 0.157328 0.052432 0.121314
1 0.419937 0.166887 0.025049 0.118355
9 0.460467 0.170303 0.049300 0.129700
10 0.483185 0.223703 0.017423 0.026383
9 0.517546 0.173388 0.052302 0.137063
1 0.586528 0.179652 0.025686 0.115651
6 0.625972 0.183398 0.048830 0.135756
4 0.683228 0.189339 0.052679 0.116579
0 0.283770 0.343865 0.052947 0.139526
10 0.307692 0.394371 0.020377 0.032294
0 0.338835 0.347243 0.052391 0.139864
0 0.394937 0.353614 0.053480 0.140631
2 0.715183 0.380830 0.054040 0.141988
10 0.741946 0.432472 0.019771 0.028147
4 0.772614 0.380202 0.051299 0.119676
5 0.826805 0.387723 0.047858 0.130863
2 0.219417 0.519648 0.053197 0.135273
5 0.276510 0.521544 0.052277 0.134171
10 0.297997 0.576782 0.019577 0.029111
7 0.336126 0.519861 0.047877 0.134293
1 0.611912 0.555665 0.025469 0.121219
1 0.666321 0.561639 0.025181 0.123882
3 0.708037 0.564973 0.050440 0.132008
10 0.729763 0.619630 0.018985 0.029658
1 0.776778 0.569957 0.027046 0.124645
1 0.221519 0.688264 0.023675 0.115864
1 0.258188 0.691769 0.052586 0.137161
8 0.258825 0.693067 0.052012 0.132620
5 0.313574 0.696401 0.050002 0.135540
2 0.368236 0.698130 0.053163 0.136174
1 0.424921 0.711502 0.054377 0.142496
8 0.424943 0.701210 0.053602 0.134633
10 0.446571 0.763998 0.020522 0.031438
1 0.494015 0.713314 0.026156 0.124478
1 0.550438 0.714844 0.026786 0.130491
