3 0.202621 0.158861 0.048585 0.130735
8 0.255827 0.160540 0.051540 0.135462
7 0.320230 0.156516 0.044997 0.132965
3 0.368371 0.167732 0.049558 0.141668
5 0.369028 0.158390 0.053092 0.151921
7 0.436498 0.171200 0.033491 0.109410
2 0.482917 0.177233 0.050055 0.136284
10 0.502152 0.231729 0.018895 0.029300
3 0.534835 0.181448 0.048656 0.139009
9 0.536781 0.180132 0.052927 0.146819
6 0.588623 0.181845 0.052694 0.143871
9 0.646665 0.187601 0.053427 0.140709
7 0.712657 0.195464 0.036904 0.104718
0 0.302224 0.350396 0.052230 0.136521
10 0.324631 0.403079 0.018570 0.030094
0 0.359302 0.352472 0.053869 0.136710
0 0.415945 0.356259 0.054410 0.137596
2 0.737399 0.382731 0.052707 0.133554
4 0.795525 0.386433 0.053239 0.121004
5 0.850463 0.391300 0.051158 0.136903
2 0.238250 0.529600 0.054840 0.141126
9 0.294529 0.532663 0.052263 0.136962
10 0.318032 0.587659 0.018748 0.031201
9 0.351734 0.540813 0.052281 0.133055
1 0.637671 0.562525 0.026497 0.116074
1 0.688993 0.564635 0.027867 0.122558
4 0.732071 0.568182 0.048253 0.116972
10 0.753648 0.619988 0.019848 0.029302
0 0.788265 0.570642 0.054348 0.136951
2 0.219114 0.700161 0.048527 0.132066
5 0.219743 0.696550 0.050999 0.133923
9 0.278344 0.700567 0.051454 0.133666
8 0.333387 0.705978 0.053502 0.136647
8 0.390212 0.708842 0.052559 0.134077
0 0.445713 0.714743 0.053700 0.131837
10 0.467336 0.772214 0.019003 0.029806
2 0.501461 0.720396 0.052592 0.136032
0 0.559287 0.723506 0.053370 0.134857
