4 0.187031 0.145369 0.053515 0.120667
6 0.240536 0.148879 0.052858 0.138573
9 0.296235 0.155794 0.052205 0.131249
4 0.352616 0.158051 0.052826 0.119731
1 0.420881 0.165063 0.025723 0.122007
9 0.461005 0.168088 0.049690 0.130568
10 0.485448 0.222591 0.017177 0.026888
9 0.518150 0.171650 0.052433 0.137797
1 0.584721 0.177880 0.027848 0.120694
6 0.626581 0.182942 0.049922 0.137696
4 0.683513 0.184670 0.054876 0.123751
0 0.284051 0.342580 0.052292 0.136551
10 0.308991 0.392213 0.020009 0.032147
0 0.339635 0.346515 0.052539 0.137461
0 0.394989 0.350076 0.054788 0.144808
2 0.715625 0.379454 0.052158 0.137184
10 0.738320 0.431499 0.019185 0.031454
4 0.773399 0.378510 0.050760 0.120068
5 0.827148 0.387043 0.049575 0.135633
2 0.220463 0.520434 0.052472 0.132448
6 0.276326 0.520803 0.053178 0.131616
10 0.297965 0.575587 0.020438 0.031186
1 0.347453 0.528119 0.024565 0.114387
1 0.612415 0.553760 0.025526 0.120783
1 0.666661 0.560573 0.025475 0.126960
3 0.707312 0.563833 0.049115 0.135343
10 0.729744 0.613070 0.018953 0.029124
6 0.760377 0.565410 0.051451 0.137665
1 0.220829 0.686541 0.023927 0.112688
1 0.259194 0.690922 0.052257 0.137777
8 0.259500 0.692004 0.052083 0.133533
5 0.314122 0.694399 0.050214 0.138776
2 0.369312 0.696412 0.052705 0.135111
8 0.425212 0.698538 0.053882 0.135373
1 0.425585 0.709332 0.053773 0.143047
10 0.447765 0.763016 0.020103 0.030981
1 0.496203 0.711613 0.025773 0.123444
1 0.550940 0.711221 0.026879 0.130767
