3 0.203460 0.158290 0.049680 0.133033
8 0.256679 0.159535 0.054763 0.139385
7 0.316796 0.160950 0.050679 0.129749
3 0.370070 0.168854 0.050919 0.136859
1 0.438726 0.170475 0.024730 0.112534
2 0.481767 0.177446 0.051522 0.134065
10 0.503339 0.230462 0.019573 0.029734
5 0.536248 0.178959 0.053095 0.139923
3 0.537599 0.180876 0.051030 0.138207
6 0.589701 0.183756 0.052402 0.137936
9 0.649061 0.188711 0.051901 0.134044
7 0.707105 0.189198 0.037126 0.122935
1 0.709655 0.196238 0.038112 0.122409
0 0.302236 0.352696 0.052595 0.139907
10 0.327969 0.402779 0.020494 0.037585
0 0.359517 0.351417 0.053158 0.134167
0 0.416515 0.353308 0.055016 0.138072
2 0.740573 0.383309 0.052604 0.136416
4 0.797647 0.383644 0.050059 0.110877
2 0.851864 0.383352 0.047834 0.124511
5 0.852864 0.389634 0.049729 0.133654
2 0.238535 0.529088 0.054886 0.141306
6 0.294214 0.530202 0.053925 0.138487
10 0.318018 0.586548 0.018928 0.029872
4 0.352494 0.537768 0.052787 0.111649
1 0.637646 0.561796 0.025654 0.113031
1 0.690716 0.562513 0.027355 0.122225
3 0.732815 0.567026 0.049561 0.137582
1 0.734219 0.567807 0.047107 0.136283
10 0.757921 0.618741 0.016982 0.026694
6 0.787376 0.567312 0.052015 0.136689
5 0.220931 0.696412 0.049401 0.134528
9 0.278870 0.700206 0.051148 0.130521
8 0.279205 0.707438 0.053333 0.135631
8 0.333142 0.710107 0.053139 0.138195
8 0.390746 0.706516 0.052546 0.134558
0 0.446852 0.714872 0.055049 0.134803
10 0.468842 0.772088 0.018141 0.027457
2 0.503162 0.719263 0.052099 0.137431
0 0.560146 0.722293 0.052888 0.134221
