4 0.186838 0.150046 0.052763 0.117004
6 0.241114 0.156596 0.050433 0.132538
9 0.297119 0.162313 0.051579 0.134070
9 0.352486 0.164497 0.047908 0.132594
4 0.352659 0.164528 0.052064 0.131571
1 0.419302 0.173458 0.026408 0.120340
9 0.460247 0.178195 0.055048 0.149159
8 0.461591 0.177783 0.051974 0.144640
9 0.515987 0.178694 0.055055 0.145178
8 0.517170 0.179947 0.055431 0.158734
1 0.583185 0.184455 0.026062 0.121760
6 0.620565 0.189079 0.054148 0.140483
4 0.677951 0.192697 0.047490 0.115298
0 0.286694 0.347003 0.054421 0.139093
10 0.308553 0.395991 0.019772 0.033275
0 0.339886 0.352384 0.051390 0.137186
0 0.396621 0.351881 0.053692 0.135881
2 0.713590 0.384284 0.053270 0.137028
4 0.770282 0.386178 0.052573 0.117692
5 0.823450 0.390202 0.047882 0.129188
2 0.222124 0.521376 0.052968 0.138057
7 0.281475 0.520312 0.049253 0.134536
10 0.302794 0.583219 0.018315 0.031782
3 0.334454 0.528410 0.050906 0.138753
1 0.610333 0.555173 0.024567 0.113001
1 0.662100 0.560578 0.027558 0.117707
4 0.704429 0.563696 0.054114 0.123663
1 0.771848 0.571682 0.028017 0.121594
1 0.223406 0.691000 0.024066 0.116827
8 0.260608 0.692993 0.049374 0.132784
5 0.313595 0.695695 0.049483 0.131795
2 0.368944 0.698775 0.052824 0.136447
8 0.425186 0.703025 0.054018 0.135428
1 0.494516 0.704890 0.028904 0.126734
1 0.549537 0.710960 0.025477 0.122733
