4 0.189592 0.148069 0.050616 0.121395
6 0.243036 0.153124 0.051603 0.132961
9 0.298028 0.158212 0.052966 0.136120
8 0.299710 0.156970 0.053288 0.139430
4 0.353694 0.162477 0.052550 0.127017
9 0.353927 0.161288 0.051105 0.135514
1 0.419648 0.169778 0.029595 0.121526
9 0.462315 0.174310 0.054286 0.146245
10 0.484488 0.225955 0.018384 0.030042
9 0.518363 0.175521 0.053035 0.140603
1 0.585366 0.182289 0.031433 0.119350
6 0.620686 0.183741 0.057691 0.147955
4 0.682396 0.187113 0.053550 0.124492
0 0.287568 0.343818 0.053228 0.136357
10 0.312489 0.397300 0.018824 0.031136
0 0.341037 0.347581 0.051633 0.138897
0 0.395574 0.354337 0.051350 0.138158
2 0.715921 0.383084 0.053200 0.135771
10 0.738573 0.434465 0.019364 0.034430
4 0.771836 0.383201 0.051895 0.119403
5 0.825749 0.388171 0.047854 0.131207
2 0.224892 0.521102 0.051875 0.141535
6 0.277728 0.522049 0.053023 0.134834
10 0.303844 0.575452 0.020604 0.034504
2 0.332812 0.523414 0.049701 0.132978
1 0.612027 0.553279 0.025764 0.119234
1 0.662702 0.561388 0.030666 0.133664
3 0.706941 0.566378 0.047808 0.131377
10 0.730846 0.612246 0.017616 0.031195
6 0.758420 0.563410 0.049907 0.131219
1 0.223160 0.686737 0.025975 0.118618
1 0.261382 0.692893 0.050930 0.134007
8 0.261686 0.692669 0.050874 0.139055
5 0.315287 0.693041 0.049187 0.133413
5 0.369076 0.697266 0.059118 0.144739
2 0.370067 0.698357 0.052559 0.137117
8 0.426520 0.702501 0.054901 0.139518
1 0.495198 0.706615 0.029042 0.133358
1 0.550301 0.711425 0.026238 0.127534
