3 0.202765 0.157140 0.048860 0.134561
8 0.256707 0.159554 0.054839 0.139046
7 0.317024 0.160517 0.049516 0.134362
3 0.369910 0.167552 0.051869 0.138109
7 0.428803 0.171244 0.045880 0.128138
1 0.437573 0.171719 0.025066 0.110298
2 0.480548 0.176077 0.052362 0.134583
10 0.502749 0.229042 0.019215 0.029423
2 0.536460 0.178631 0.052112 0.139616
3 0.536615 0.180859 0.051320 0.137510
6 0.589619 0.183679 0.052983 0.140540
9 0.648110 0.188113 0.051694 0.133154
1 0.710119 0.186293 0.035366 0.124401
0 0.302204 0.351440 0.052116 0.137656
10 0.328140 0.401960 0.019607 0.035758
0 0.359189 0.351483 0.052677 0.134331
0 0.416025 0.352854 0.054428 0.137690
2 0.740198 0.377479 0.052063 0.129096
4 0.796972 0.382070 0.051264 0.113241
5 0.852485 0.389371 0.049692 0.134276
2 0.237933 0.528948 0.055288 0.141760
6 0.294130 0.531182 0.050698 0.132052
10 0.315477 0.588252 0.021400 0.034798
1 0.366369 0.543095 0.024669 0.112074
1 0.637091 0.560810 0.024845 0.110059
1 0.689813 0.561030 0.028743 0.119065
3 0.732774 0.567023 0.050111 0.137558
1 0.733776 0.567539 0.048320 0.138150
10 0.756180 0.622012 0.019594 0.031113
9 0.789048 0.570489 0.050581 0.133452
5 0.220551 0.695824 0.049684 0.133741
9 0.278226 0.700304 0.051158 0.131473
8 0.332912 0.710069 0.053707 0.140721
8 0.388864 0.712379 0.053818 0.140622
0 0.446596 0.712605 0.054850 0.135460
10 0.468402 0.770696 0.019846 0.029752
2 0.503016 0.718527 0.051625 0.136935
0 0.559835 0.721747 0.052301 0.133790
