3 0.202997 0.158510 0.050050 0.130664
8 0.256725 0.159941 0.054895 0.138808
7 0.315763 0.160602 0.050742 0.132626
5 0.369276 0.167782 0.050760 0.142153
3 0.369723 0.166106 0.053360 0.135445
7 0.427117 0.169621 0.048002 0.129668
1 0.438096 0.172820 0.024387 0.110305
2 0.481214 0.175258 0.052574 0.135421
10 0.504230 0.229834 0.019171 0.029512
2 0.536081 0.179229 0.053081 0.138711
3 0.537113 0.180768 0.050780 0.135642
6 0.590100 0.184125 0.052919 0.139091
9 0.648110 0.187710 0.051274 0.132090
0 0.302282 0.351397 0.052656 0.141851
10 0.323786 0.401380 0.021623 0.029605
0 0.359292 0.351620 0.053318 0.135810
0 0.416139 0.353536 0.054579 0.139107
2 0.740710 0.383831 0.051519 0.132672
4 0.797081 0.383030 0.051240 0.113706
5 0.852098 0.389398 0.049709 0.132726
2 0.237885 0.528865 0.055312 0.142310
6 0.294355 0.529240 0.053426 0.139378
10 0.315770 0.588292 0.021300 0.034940
1 0.366344 0.542707 0.025495 0.113883
1 0.637298 0.561174 0.025368 0.113585
1 0.690564 0.562151 0.027607 0.121883
3 0.732998 0.566966 0.050210 0.137668
1 0.733946 0.567573 0.048355 0.137513
10 0.756400 0.622000 0.019469 0.031061
9 0.789546 0.570885 0.050755 0.134163
5 0.220452 0.695888 0.049347 0.132805
9 0.278458 0.699961 0.051069 0.130617
8 0.332998 0.710194 0.053521 0.139695
8 0.388800 0.712702 0.053738 0.140285
0 0.446727 0.712953 0.054886 0.135070
10 0.468537 0.771002 0.019189 0.028991
2 0.503120 0.718526 0.052145 0.137809
0 0.559801 0.725788 0.054806 0.142121
