3 0.201180 0.155894 0.050783 0.138606
8 0.255740 0.158351 0.054784 0.141600
7 0.315398 0.160383 0.051039 0.133375
5 0.367867 0.165061 0.049405 0.138116
3 0.368280 0.165740 0.049499 0.136200
2 0.422270 0.170738 0.052561 0.138705
8 0.478092 0.172445 0.054630 0.139785
10 0.503846 0.224702 0.017507 0.027418
6 0.534001 0.177595 0.051499 0.134573
9 0.590053 0.180908 0.051377 0.135058
3 0.645627 0.185891 0.044553 0.125932
2 0.698512 0.189860 0.055618 0.147594
9 0.246523 0.347519 0.050831 0.131294
2 0.302522 0.346201 0.053605 0.138394
10 0.323244 0.399993 0.019595 0.027640
8 0.358459 0.350372 0.054263 0.138051
2 0.414899 0.352859 0.053323 0.136601
2 0.737936 0.375394 0.051356 0.128090
4 0.794508 0.381647 0.051249 0.118019
5 0.849732 0.388255 0.050942 0.132804
2 0.237065 0.528728 0.054834 0.142015
6 0.291138 0.533100 0.050252 0.134818
0 0.349308 0.539560 0.053741 0.134092
1 0.633455 0.564736 0.024029 0.114860
1 0.688481 0.562475 0.024938 0.114003
2 0.729644 0.567984 0.050064 0.135488
10 0.756570 0.619978 0.019260 0.031688
2 0.786040 0.565989 0.047297 0.131601
3 0.787879 0.570103 0.051294 0.138766
5 0.220004 0.697978 0.049347 0.135085
10 0.244559 0.761102 0.018058 0.029733
9 0.277160 0.701854 0.051475 0.134223
8 0.332423 0.711465 0.053350 0.138826
4 0.389146 0.713050 0.051842 0.118820
0 0.445232 0.715470 0.054559 0.135843
10 0.467368 0.773353 0.020018 0.030354
2 0.502457 0.719890 0.053367 0.142444
1 0.572480 0.730149 0.026857 0.132869
