3 0.202644 0.154713 0.049030 0.136998
9 0.204513 0.149550 0.047271 0.129085
8 0.255907 0.156488 0.052090 0.141121
7 0.317715 0.155313 0.048698 0.137142
3 0.369121 0.165013 0.051089 0.137776
1 0.436046 0.172706 0.025835 0.111135
2 0.480216 0.177076 0.052712 0.135448
10 0.501433 0.229560 0.018311 0.027735
3 0.534814 0.177465 0.051884 0.156899
6 0.587779 0.178975 0.051700 0.138851
9 0.645698 0.185436 0.053342 0.138029
7 0.712532 0.181259 0.035661 0.114645
0 0.301334 0.348552 0.054973 0.143046
10 0.325447 0.400647 0.018052 0.030105
0 0.358817 0.350171 0.053260 0.136484
0 0.415351 0.354194 0.054360 0.138262
2 0.737408 0.379925 0.051782 0.132186
10 0.737409 0.379914 0.052284 0.139642
10 0.760992 0.434887 0.019261 0.028650
4 0.794603 0.383111 0.052026 0.120478
5 0.849606 0.389407 0.050700 0.135411
2 0.237339 0.529881 0.055321 0.144684
6 0.293075 0.530594 0.053643 0.139987
10 0.316911 0.588276 0.019882 0.031553
4 0.351447 0.538825 0.052703 0.111503
1 0.635018 0.564459 0.024275 0.116755
1 0.690422 0.563047 0.027123 0.124945
1 0.730364 0.568788 0.048164 0.141567
3 0.732217 0.569905 0.048053 0.133560
10 0.754482 0.620239 0.016735 0.025167
5 0.786473 0.569113 0.050835 0.139146
5 0.220077 0.697436 0.050662 0.136926
9 0.278085 0.701667 0.051486 0.132506
8 0.332167 0.711729 0.053469 0.139704
8 0.389567 0.708722 0.052883 0.137319
0 0.445398 0.716384 0.054574 0.135749
10 0.470764 0.773361 0.019690 0.031056
2 0.501456 0.722288 0.052191 0.136676
0 0.557735 0.725003 0.052718 0.133501
