4 0.186081 0.145997 0.052426 0.121181
6 0.239727 0.152006 0.053450 0.138344
9 0.295524 0.157916 0.052235 0.133245
4 0.351977 0.157148 0.052562 0.123198
1 0.420001 0.168217 0.025069 0.119328
1 0.459864 0.171365 0.050284 0.137338
9 0.459965 0.170073 0.048880 0.127629
10 0.483211 0.223219 0.017192 0.026145
9 0.517301 0.173239 0.052060 0.137573
1 0.585126 0.179707 0.026962 0.121395
6 0.625665 0.183682 0.049356 0.136701
4 0.683015 0.188686 0.054532 0.120971
0 0.283064 0.345503 0.051653 0.134992
10 0.307700 0.394637 0.020715 0.033128
0 0.338737 0.347282 0.052218 0.138479
0 0.394977 0.353020 0.052405 0.138334
2 0.715052 0.380942 0.054132 0.141009
10 0.736530 0.434203 0.019549 0.031603
4 0.772426 0.380301 0.051226 0.120489
5 0.826098 0.388722 0.048690 0.132791
2 0.219665 0.519043 0.052280 0.133947
5 0.275513 0.522530 0.050484 0.137595
10 0.298016 0.578005 0.018693 0.031664
9 0.331690 0.528914 0.050609 0.132184
1 0.612063 0.553625 0.025988 0.119685
1 0.665766 0.561656 0.025316 0.126987
2 0.705913 0.559160 0.050003 0.129294
1 0.705920 0.563307 0.050253 0.142639
10 0.728584 0.615356 0.019156 0.029450
8 0.760375 0.565576 0.053875 0.141265
1 0.220274 0.688151 0.023724 0.117509
1 0.257771 0.691725 0.052490 0.138076
8 0.258302 0.692960 0.052381 0.133867
5 0.313337 0.696396 0.050052 0.136342
2 0.368400 0.697731 0.052859 0.135885
8 0.424212 0.706585 0.054299 0.139000
1 0.424808 0.711672 0.054089 0.142265
10 0.446480 0.764238 0.019904 0.031208
1 0.495119 0.714176 0.026388 0.126605
1 0.550196 0.713956 0.027075 0.130231
