3 0.202137 0.157928 0.049589 0.136230
8 0.256861 0.159804 0.055483 0.140850
7 0.315425 0.160553 0.050868 0.134033
3 0.370359 0.169168 0.051394 0.138038
7 0.429225 0.171024 0.046532 0.128346
1 0.437796 0.172151 0.025114 0.112181
2 0.480439 0.175940 0.053465 0.134611
10 0.504146 0.229781 0.019532 0.029779
5 0.536231 0.178040 0.051307 0.133896
3 0.537446 0.180480 0.050721 0.136662
6 0.590484 0.183848 0.053207 0.136491
9 0.648488 0.188681 0.051442 0.134052
0 0.302547 0.350615 0.052154 0.140308
10 0.328152 0.402413 0.020341 0.036949
0 0.359606 0.351849 0.052956 0.134589
0 0.416621 0.352567 0.054517 0.141041
2 0.740763 0.379667 0.050070 0.125923
4 0.797384 0.383035 0.051325 0.113980
5 0.852552 0.389241 0.049571 0.132810
2 0.238045 0.528844 0.055036 0.140796
6 0.293937 0.529959 0.053836 0.139616
10 0.320007 0.586831 0.018308 0.029598
3 0.353134 0.539414 0.051173 0.135248
5 0.353536 0.531250 0.050036 0.132290
1 0.637303 0.560856 0.024961 0.110289
1 0.689638 0.561775 0.028218 0.121143
3 0.733086 0.569026 0.049760 0.137564
10 0.757716 0.618855 0.017319 0.027009
6 0.787377 0.567475 0.051525 0.135983
5 0.221024 0.696045 0.049124 0.132900
9 0.278658 0.700207 0.051044 0.130928
8 0.333273 0.710163 0.053210 0.138649
8 0.389024 0.712994 0.053426 0.139599
0 0.446789 0.712979 0.054959 0.136280
10 0.468440 0.771896 0.019419 0.028731
2 0.503224 0.718552 0.051982 0.137488
0 0.559971 0.721753 0.052284 0.133597
