4 0.186910 0.146071 0.052903 0.119070
6 0.240381 0.149512 0.053292 0.138593
9 0.296267 0.156178 0.051804 0.129833
4 0.352086 0.158274 0.052524 0.119607
1 0.420940 0.165371 0.025315 0.120410
9 0.460816 0.167710 0.050020 0.133616
10 0.483704 0.222586 0.016990 0.026161
9 0.517958 0.173768 0.052608 0.131771
1 0.586536 0.178751 0.026280 0.120766
6 0.626341 0.182913 0.049807 0.137875
4 0.684450 0.185796 0.050673 0.116043
0 0.284359 0.342341 0.052476 0.137792
10 0.307941 0.393958 0.020301 0.031866
0 0.339816 0.346401 0.052410 0.136280
0 0.395341 0.349605 0.054272 0.142477
2 0.715626 0.379273 0.052586 0.138738
10 0.738694 0.431764 0.019628 0.031971
4 0.773264 0.378719 0.051244 0.121084
5 0.826571 0.387230 0.049222 0.134758
2 0.219895 0.517573 0.052852 0.141455
5 0.276253 0.521325 0.049951 0.136228
10 0.298923 0.576385 0.018099 0.031382
9 0.332554 0.528965 0.051208 0.134915
1 0.612779 0.550839 0.026014 0.119847
1 0.666694 0.552944 0.026548 0.119195
4 0.707542 0.561342 0.049387 0.117271
10 0.730105 0.617827 0.019249 0.030283
0 0.761899 0.566562 0.053170 0.136539
1 0.221449 0.686221 0.023811 0.113255
1 0.259121 0.690422 0.051846 0.137246
8 0.259455 0.691752 0.052002 0.132785
5 0.314108 0.694731 0.050501 0.137960
2 0.369493 0.696698 0.052626 0.135420
8 0.425582 0.698792 0.053811 0.135497
1 0.425713 0.709135 0.053743 0.142594
10 0.448365 0.762790 0.019980 0.030657
1 0.495829 0.711134 0.026219 0.127618
1 0.551201 0.711840 0.027151 0.131800
