3 0.205194 0.156608 0.049702 0.131125
8 0.258981 0.160165 0.055285 0.141418
7 0.318359 0.160140 0.051366 0.131715
3 0.371553 0.166399 0.052054 0.138212
7 0.429488 0.169596 0.047086 0.127923
1 0.437962 0.169110 0.027318 0.116066
2 0.483713 0.175002 0.051418 0.136446
10 0.506333 0.229376 0.019470 0.029360
3 0.538845 0.179956 0.051168 0.139078
6 0.591184 0.183184 0.053339 0.142168
9 0.649804 0.188022 0.050917 0.132638
1 0.718525 0.190084 0.025763 0.113755
0 0.305745 0.348425 0.050278 0.132036
10 0.330384 0.399818 0.018528 0.029671
0 0.361459 0.351303 0.052187 0.133151
0 0.417651 0.352302 0.053973 0.137193
2 0.741371 0.383989 0.051537 0.134649
4 0.798244 0.383442 0.049990 0.112677
5 0.852763 0.389601 0.049619 0.134088
1 0.638009 0.562708 0.026083 0.113599
1 0.690570 0.562756 0.028336 0.120498
4 0.735446 0.566505 0.050938 0.118538
4 0.735544 0.437063 0.052469 0.250096
10 0.757185 0.623830 0.020728 0.031039
1 0.803947 0.572991 0.025465 0.114888
2 0.241118 0.529852 0.056201 0.139622
7 0.303792 0.524777 0.045917 0.126005
1 0.369741 0.535903 0.025438 0.119860
5 0.223723 0.697552 0.048581 0.133173
9 0.280924 0.700638 0.052942 0.134119
8 0.335469 0.704912 0.053777 0.137450
8 0.392255 0.708365 0.054146 0.137256
0 0.448552 0.714334 0.055214 0.137673
10 0.473762 0.772599 0.019997 0.031681
2 0.504814 0.719564 0.051439 0.137775
0 0.562122 0.726974 0.055448 0.142488
