3 0.202226 0.154745 0.048908 0.134277
9 0.203651 0.151757 0.046213 0.124330
8 0.256898 0.157293 0.053776 0.139898
7 0.316619 0.157305 0.049119 0.129932
3 0.369786 0.165288 0.052446 0.136261
7 0.430994 0.171582 0.040540 0.123570
1 0.436426 0.172187 0.026095 0.108282
2 0.481338 0.175825 0.055249 0.155593
10 0.503078 0.229823 0.019421 0.029335
5 0.536489 0.176930 0.050681 0.139408
9 0.537113 0.177050 0.053828 0.145948
3 0.537900 0.179205 0.051584 0.148763
6 0.590667 0.179466 0.052544 0.141336
9 0.648444 0.185502 0.052836 0.138297
0 0.303815 0.348773 0.050045 0.134246
10 0.324664 0.403826 0.019922 0.026738
0 0.359228 0.351957 0.053118 0.134922
0 0.416331 0.353592 0.054844 0.137618
2 0.740494 0.380448 0.051493 0.131253
4 0.798823 0.384015 0.051089 0.113349
5 0.853376 0.390089 0.049785 0.136932
2 0.237951 0.529605 0.055433 0.143246
6 0.239166 0.531113 0.051017 0.140554
6 0.294429 0.531672 0.054314 0.140296
10 0.319898 0.586712 0.018569 0.031175
4 0.354452 0.533949 0.051210 0.121304
1 0.636563 0.561988 0.024398 0.121006
1 0.692654 0.561972 0.027613 0.120822
3 0.733246 0.569194 0.048080 0.131472
10 0.757719 0.619578 0.017098 0.027763
6 0.787796 0.567871 0.052156 0.137005
6 0.221647 0.697608 0.050742 0.137610
5 0.222386 0.697692 0.046433 0.141525
9 0.278855 0.701118 0.051883 0.136517
8 0.278973 0.705124 0.053669 0.140539
8 0.333577 0.706495 0.054527 0.142340
8 0.390792 0.709027 0.054353 0.140120
0 0.446761 0.712469 0.053796 0.134657
10 0.474503 0.773841 0.019922 0.032363
2 0.501378 0.718973 0.053091 0.139456
0 0.559581 0.721313 0.053219 0.136096
