3 0.202495 0.157427 0.049877 0.135233
8 0.257003 0.159164 0.055003 0.139454
7 0.316674 0.160592 0.050644 0.129920
4 0.371091 0.168115 0.050424 0.118387
5 0.424512 0.172380 0.050877 0.140571
6 0.479470 0.174926 0.054187 0.139288
10 0.504686 0.228320 0.018745 0.028771
9 0.536409 0.180003 0.051528 0.135204
4 0.592660 0.184793 0.052411 0.121619
3 0.648576 0.188894 0.052297 0.139810
3 0.705478 0.193389 0.052615 0.141538
7 0.253137 0.341480 0.045227 0.128053
9 0.305550 0.348200 0.048704 0.133501
10 0.328549 0.402738 0.019135 0.032096
9 0.360199 0.352895 0.051762 0.134345
4 0.417745 0.356533 0.050848 0.118495
2 0.740876 0.383517 0.052781 0.136338
4 0.798077 0.383296 0.050250 0.111539
5 0.853034 0.389660 0.049573 0.134445
2 0.238870 0.528425 0.056996 0.140885
7 0.301885 0.524592 0.046366 0.127680
1 0.366607 0.541859 0.025624 0.117250
1 0.638243 0.560995 0.024482 0.116309
1 0.689538 0.561819 0.026786 0.120018
2 0.731963 0.566146 0.049138 0.132757
1 0.732737 0.567216 0.050090 0.144252
10 0.756592 0.617233 0.019654 0.029982
2 0.788360 0.566864 0.048696 0.128913
9 0.789747 0.570245 0.049464 0.126309
5 0.220740 0.695950 0.049657 0.132950
9 0.279250 0.700580 0.053430 0.134337
5 0.334451 0.706271 0.051482 0.141569
5 0.385837 0.709822 0.060293 0.146015
2 0.390255 0.707688 0.053265 0.137380
5 0.447691 0.711717 0.049088 0.135761
10 0.470063 0.773046 0.019543 0.029784
5 0.503099 0.715430 0.055075 0.134200
9 0.504265 0.718469 0.051039 0.133765
9 0.560733 0.727313 0.053542 0.139388
