4 0.185461 0.146817 0.051799 0.118006
6 0.239337 0.151842 0.053305 0.136707
9 0.295658 0.157746 0.051896 0.132150
4 0.352264 0.157236 0.052347 0.122031
1 0.419522 0.167192 0.025061 0.118241
1 0.459840 0.170840 0.050512 0.137326
9 0.459940 0.170442 0.048862 0.128488
10 0.483594 0.223775 0.017422 0.026157
9 0.517523 0.173074 0.052251 0.136948
1 0.586465 0.179484 0.025875 0.116841
6 0.625748 0.183257 0.049002 0.136422
4 0.682606 0.188980 0.053399 0.120381
0 0.283696 0.343973 0.052296 0.138076
10 0.307720 0.394218 0.020321 0.032194
0 0.338745 0.346905 0.052177 0.138461
0 0.395146 0.352980 0.053593 0.140584
2 0.715030 0.380663 0.054467 0.142258
10 0.737918 0.433737 0.019785 0.032483
4 0.772923 0.379765 0.051227 0.119472
5 0.826273 0.388624 0.049726 0.135744
2 0.219690 0.518804 0.051941 0.133964
6 0.274895 0.521506 0.053580 0.135068
10 0.298731 0.576457 0.019993 0.032800
2 0.331243 0.528047 0.049796 0.130544
1 0.612342 0.554039 0.026116 0.120844
1 0.666179 0.562964 0.025135 0.125212
3 0.706536 0.566655 0.049362 0.135606
10 0.730479 0.615131 0.018258 0.029514
0 0.760524 0.568523 0.052250 0.138012
1 0.220202 0.687926 0.023976 0.117523
1 0.257670 0.692148 0.052904 0.138397
8 0.258462 0.692921 0.051974 0.132098
5 0.313436 0.696120 0.050129 0.135087
2 0.368302 0.697979 0.052999 0.135949
1 0.424770 0.711851 0.054058 0.142551
8 0.424834 0.700987 0.053607 0.134661
10 0.447237 0.764543 0.020645 0.031864
1 0.494664 0.713292 0.026165 0.124974
1 0.550489 0.716145 0.027255 0.132619
