3 0.202207 0.158133 0.049622 0.137138
8 0.256924 0.160893 0.055466 0.141908
7 0.317044 0.159862 0.049332 0.131892
10 0.337453 0.223575 0.017922 0.028458
3 0.370562 0.168765 0.051430 0.137879
7 0.432561 0.172104 0.037493 0.131113
1 0.438707 0.171708 0.024862 0.114926
2 0.480639 0.175576 0.053385 0.135929
10 0.503994 0.229329 0.018249 0.026944
2 0.535755 0.179197 0.053626 0.139773
3 0.537322 0.181061 0.050752 0.137083
6 0.589899 0.184017 0.053135 0.140591
9 0.648288 0.188831 0.051764 0.133789
7 0.709090 0.189491 0.043272 0.125412
1 0.715825 0.193628 0.030493 0.108338
0 0.302287 0.350842 0.052717 0.141201
10 0.323756 0.401667 0.020239 0.026626
0 0.359552 0.352126 0.052901 0.133660
0 0.416261 0.353435 0.054759 0.138008
2 0.739928 0.380318 0.050928 0.128795
4 0.797333 0.383390 0.052095 0.116983
5 0.852244 0.389266 0.049544 0.131939
2 0.238790 0.528939 0.057229 0.140644
7 0.301676 0.526333 0.048868 0.136121
1 0.366392 0.541773 0.026254 0.120781
1 0.636726 0.561418 0.026139 0.116370
1 0.690416 0.562668 0.026958 0.120152
4 0.734378 0.565477 0.051270 0.117541
10 0.755435 0.624338 0.020666 0.031324
1 0.804363 0.572654 0.025904 0.118994
5 0.220729 0.696457 0.050084 0.135640
9 0.278676 0.700260 0.051488 0.132359
8 0.279111 0.707129 0.053371 0.135956
8 0.333687 0.704246 0.054023 0.138696
8 0.388837 0.712881 0.053704 0.139992
0 0.446645 0.713105 0.054517 0.134865
10 0.468922 0.771599 0.019065 0.028281
2 0.503055 0.719004 0.051802 0.135959
0 0.560102 0.722390 0.052980 0.133901
