4 0.190315 0.148696 0.050813 0.122693
6 0.241777 0.153351 0.052003 0.132824
9 0.298129 0.157877 0.051668 0.131614
4 0.354656 0.159562 0.051292 0.121104
1 0.420348 0.168118 0.025881 0.120007
9 0.461749 0.173697 0.052377 0.138253
10 0.484214 0.226091 0.018449 0.028619
9 0.518083 0.173633 0.052838 0.135706
1 0.586569 0.181911 0.026046 0.118530
6 0.625649 0.184543 0.048877 0.134033
4 0.682250 0.187338 0.052991 0.123263
0 0.286748 0.342433 0.053810 0.135927
10 0.310292 0.393935 0.021479 0.036227
0 0.340387 0.348849 0.052094 0.139460
0 0.396375 0.352545 0.052871 0.133311
2 0.714508 0.383032 0.054868 0.144423
10 0.738104 0.434801 0.018637 0.033160
4 0.771634 0.382215 0.050687 0.118724
5 0.825339 0.388260 0.048279 0.131238
2 0.222918 0.523621 0.053498 0.135305
6 0.276999 0.522175 0.051981 0.134192
10 0.300867 0.577139 0.019358 0.029890
6 0.332314 0.529242 0.051072 0.135695
1 0.612587 0.555528 0.025919 0.120555
1 0.665304 0.562455 0.025442 0.124367
4 0.706822 0.561711 0.052649 0.117712
10 0.731105 0.620250 0.020706 0.032409
1 0.774554 0.569298 0.026857 0.122717
1 0.223347 0.688636 0.024082 0.112420
8 0.260937 0.693301 0.051816 0.134202
1 0.261148 0.692465 0.050715 0.135159
5 0.314818 0.694500 0.049476 0.134525
2 0.370030 0.698266 0.052350 0.140191
5 0.371804 0.699430 0.052825 0.149145
8 0.426178 0.701900 0.054036 0.135818
1 0.426961 0.713129 0.056174 0.143878
10 0.446878 0.757733 0.018889 0.031428
1 0.494815 0.715836 0.027146 0.124640
1 0.549654 0.716214 0.027266 0.132439
