3 0.202131 0.157655 0.047219 0.135469
8 0.256541 0.158432 0.055001 0.140616
7 0.316108 0.158988 0.050218 0.129764
3 0.369903 0.167346 0.051693 0.140504
1 0.435793 0.171712 0.026577 0.111538
2 0.480045 0.176220 0.053309 0.137171
10 0.504684 0.231974 0.019075 0.027534
5 0.536227 0.178361 0.050127 0.140225
3 0.536235 0.179560 0.050109 0.134275
6 0.588413 0.183817 0.053225 0.140947
9 0.647592 0.187689 0.052252 0.136775
1 0.714978 0.191775 0.030716 0.122983
0 0.302438 0.348283 0.051761 0.135591
10 0.326730 0.402413 0.018771 0.030316
0 0.359295 0.351960 0.052984 0.135416
0 0.415913 0.355246 0.055008 0.138812
2 0.737752 0.381753 0.052443 0.133590
10 0.763954 0.436936 0.018917 0.027854
4 0.795426 0.385183 0.051659 0.118046
5 0.850007 0.390693 0.050233 0.134665
3 0.238662 0.529095 0.052874 0.139882
0 0.293843 0.536289 0.052843 0.134244
10 0.315032 0.589143 0.018698 0.031459
1 0.365681 0.540824 0.026995 0.124584
1 0.635916 0.565133 0.025297 0.126011
1 0.688920 0.563277 0.026332 0.119039
4 0.731099 0.567361 0.051107 0.121020
1 0.731254 0.567204 0.050042 0.124250
10 0.756624 0.624381 0.021013 0.031176
0 0.787831 0.570961 0.053749 0.137965
5 0.220090 0.697382 0.049986 0.136761
9 0.278268 0.701984 0.051689 0.134531
8 0.332515 0.711736 0.052690 0.137985
8 0.390011 0.708500 0.052563 0.135984
0 0.445829 0.714925 0.054459 0.137955
10 0.467377 0.774659 0.019565 0.029426
2 0.501520 0.721145 0.052200 0.136451
0 0.558295 0.724113 0.053193 0.135236
