4 0.186678 0.145963 0.053275 0.121550
6 0.240184 0.151622 0.051039 0.131514
9 0.296748 0.156257 0.052532 0.131491
4 0.352810 0.158714 0.051926 0.119268
1 0.421334 0.164687 0.025689 0.122185
9 0.461248 0.167558 0.050168 0.134330
10 0.484006 0.222514 0.017102 0.026325
9 0.518297 0.171912 0.052211 0.136839
1 0.587132 0.179180 0.025621 0.115266
6 0.626664 0.182768 0.049765 0.137341
4 0.683985 0.185237 0.054044 0.124436
0 0.284726 0.341519 0.051836 0.137306
10 0.308397 0.393532 0.020003 0.031892
0 0.340989 0.343300 0.051554 0.135450
0 0.395718 0.350149 0.053858 0.141578
2 0.715928 0.379809 0.053971 0.140586
10 0.739026 0.432062 0.019220 0.031887
4 0.773450 0.378495 0.051137 0.120561
5 0.827147 0.386928 0.048973 0.133383
2 0.220146 0.517631 0.052709 0.141234
5 0.276351 0.520743 0.049513 0.133149
10 0.298842 0.576282 0.018861 0.032863
9 0.332619 0.528603 0.051405 0.134747
1 0.612514 0.554132 0.025453 0.120886
1 0.666838 0.560818 0.025584 0.127238
3 0.707966 0.565022 0.049672 0.135895
10 0.729847 0.613995 0.019114 0.030577
9 0.762949 0.565863 0.051492 0.133618
1 0.222081 0.686479 0.023915 0.114090
1 0.259288 0.690596 0.052250 0.138033
8 0.259613 0.692167 0.052367 0.134079
5 0.314118 0.694427 0.050298 0.136999
2 0.369572 0.696551 0.052878 0.135100
8 0.425528 0.699191 0.053867 0.135111
1 0.425796 0.709124 0.054092 0.141831
10 0.447585 0.763449 0.019999 0.031190
1 0.496009 0.711345 0.026183 0.125545
1 0.551053 0.711351 0.026621 0.129215
