3 0.205616 0.156620 0.049772 0.132325
8 0.259294 0.159473 0.055731 0.141578
7 0.318145 0.158288 0.050592 0.134721
3 0.371883 0.166781 0.052395 0.139073
1 0.438736 0.170096 0.026285 0.117259
2 0.482980 0.174532 0.052416 0.132977
10 0.505570 0.229091 0.019046 0.028118
3 0.538474 0.180173 0.050983 0.137654
6 0.591621 0.182439 0.053423 0.137778
9 0.649334 0.187431 0.051155 0.131822
7 0.710768 0.186665 0.037295 0.126996
1 0.713397 0.192360 0.037399 0.131146
0 0.305578 0.348536 0.050304 0.133223
10 0.329504 0.404050 0.019756 0.033908
0 0.361451 0.350954 0.051754 0.132124
0 0.417622 0.352356 0.054042 0.136851
2 0.741426 0.384227 0.051785 0.134167
4 0.798225 0.383482 0.050274 0.112279
5 0.853058 0.389443 0.049210 0.133945
2 0.240953 0.529199 0.056333 0.139120
7 0.303257 0.527219 0.049834 0.138551
1 0.368821 0.543600 0.025490 0.120954
1 0.638437 0.562229 0.026248 0.116205
1 0.690625 0.563132 0.028428 0.121214
4 0.735425 0.566356 0.050843 0.118000
10 0.755492 0.624103 0.020203 0.030945
1 0.805015 0.573628 0.026147 0.120576
5 0.223421 0.697900 0.048845 0.134051
8 0.280594 0.702314 0.049116 0.133628
9 0.280987 0.706616 0.050961 0.134062
8 0.335451 0.704889 0.053899 0.138082
8 0.391292 0.713266 0.053067 0.137327
0 0.448221 0.714344 0.055405 0.138327
10 0.471533 0.774405 0.019394 0.029179
2 0.504606 0.719777 0.051434 0.138557
0 0.562248 0.727181 0.055316 0.142144
