3 0.202608 0.157679 0.050377 0.132613
8 0.256745 0.160104 0.054446 0.138562
7 0.316669 0.160547 0.051221 0.133207
3 0.370240 0.169005 0.051409 0.138963
7 0.431334 0.171435 0.039702 0.133240
1 0.437125 0.171415 0.025508 0.108805
2 0.480535 0.175865 0.054375 0.135036
10 0.504849 0.229165 0.018904 0.028688
3 0.537182 0.180424 0.050459 0.134957
6 0.590364 0.183217 0.052946 0.134569
9 0.648558 0.187965 0.052639 0.135150
1 0.712244 0.193431 0.036074 0.122291
0 0.302452 0.351107 0.052271 0.140069
10 0.328607 0.401783 0.019660 0.037151
0 0.359581 0.352266 0.052996 0.134751
0 0.416069 0.353218 0.054540 0.137737
2 0.740813 0.384133 0.051368 0.132356
4 0.797782 0.383641 0.049157 0.109366
5 0.852121 0.389290 0.049750 0.133054
2 0.237772 0.528965 0.054743 0.139781
6 0.292463 0.531789 0.051604 0.137205
10 0.318530 0.586198 0.019828 0.030029
6 0.350941 0.532132 0.050949 0.134835
1 0.637013 0.561234 0.025471 0.111873
1 0.689889 0.563088 0.027688 0.120676
4 0.734408 0.566055 0.050353 0.116720
10 0.755203 0.623069 0.020278 0.030858
1 0.803919 0.571535 0.025281 0.114092
5 0.220526 0.696252 0.049713 0.133776
9 0.278387 0.700243 0.051160 0.131291
8 0.332929 0.709999 0.052850 0.138130
8 0.388667 0.712645 0.053706 0.139641
0 0.446745 0.712753 0.054702 0.134182
10 0.467839 0.771809 0.019402 0.028891
2 0.503101 0.719126 0.051683 0.136167
0 0.560004 0.722388 0.052531 0.133791
