3 0.203615 0.156174 0.050666 0.135713
8 0.257080 0.158776 0.054836 0.141453
7 0.316894 0.160066 0.051018 0.137072
10 0.338844 0.223259 0.018315 0.031860
3 0.371017 0.165398 0.052911 0.141937
7 0.429319 0.169703 0.045238 0.133928
2 0.481099 0.177364 0.051995 0.136340
10 0.505809 0.228306 0.020490 0.033192
2 0.537396 0.177695 0.052654 0.139093
3 0.537589 0.179742 0.049827 0.133987
6 0.590046 0.183262 0.052832 0.139652
9 0.648647 0.187624 0.051187 0.135206
0 0.304585 0.349084 0.050217 0.133432
10 0.324309 0.400701 0.022035 0.030227
0 0.360002 0.351546 0.052791 0.135154
0 0.416728 0.352100 0.054357 0.143343
2 0.740852 0.381600 0.050926 0.131828
4 0.798021 0.384524 0.050813 0.114796
5 0.852504 0.390083 0.049663 0.135329
2 0.238415 0.529669 0.054533 0.141751
6 0.294085 0.531059 0.053945 0.140648
10 0.318700 0.586735 0.019091 0.030389
4 0.352410 0.538895 0.053986 0.117357
1 0.637080 0.560537 0.027069 0.129449
1 0.689740 0.563420 0.028224 0.125006
10 0.731917 0.568653 0.050807 0.136100
3 0.733511 0.569818 0.048648 0.132630
10 0.758158 0.619444 0.016189 0.026031
6 0.787354 0.568080 0.051088 0.134960
5 0.221593 0.697462 0.049055 0.135039
9 0.278842 0.701201 0.051803 0.132296
8 0.279049 0.709490 0.053647 0.137826
8 0.333966 0.705596 0.053855 0.139256
8 0.390761 0.707626 0.052867 0.136581
0 0.446873 0.713976 0.054795 0.136320
10 0.468883 0.771635 0.019513 0.029218
2 0.503506 0.720129 0.050730 0.137234
0 0.560736 0.722894 0.053210 0.134561
