4 0.190577 0.149367 0.050933 0.120088
6 0.242475 0.154476 0.051675 0.130958
9 0.299695 0.161098 0.050879 0.132461
4 0.354882 0.162420 0.051315 0.121463
1 0.422341 0.170664 0.025942 0.118199
1 0.462299 0.173799 0.049187 0.136019
9 0.463719 0.173321 0.050289 0.133907
10 0.485503 0.225756 0.017365 0.027794
9 0.519211 0.179623 0.052131 0.134002
1 0.589316 0.180511 0.026027 0.115532
6 0.627574 0.186187 0.050826 0.137336
4 0.684563 0.189587 0.053273 0.123133
0 0.287331 0.343521 0.053466 0.135042
10 0.312371 0.401763 0.019755 0.032302
0 0.342083 0.349947 0.051161 0.136984
0 0.398489 0.354420 0.053561 0.133648
2 0.716918 0.382739 0.054207 0.141171
10 0.742212 0.434419 0.018161 0.030140
4 0.773657 0.382584 0.052011 0.118046
5 0.828393 0.389194 0.048532 0.132003
2 0.223112 0.522450 0.053163 0.139383
6 0.277913 0.522791 0.053732 0.137665
10 0.302562 0.580336 0.018195 0.030023
4 0.335435 0.530475 0.054579 0.124493
1 0.613941 0.551197 0.027086 0.124409
1 0.667467 0.560926 0.025478 0.121780
4 0.709233 0.561119 0.052034 0.115572
10 0.734894 0.611723 0.018893 0.033993
1 0.778171 0.569914 0.027139 0.125758
1 0.223919 0.687475 0.024366 0.112875
8 0.262026 0.692711 0.050905 0.134250
1 0.262084 0.690905 0.050338 0.134116
5 0.316298 0.694015 0.049212 0.131501
5 0.367930 0.698913 0.059130 0.135852
2 0.371073 0.698018 0.052427 0.136178
8 0.427219 0.701531 0.053946 0.134372
1 0.427269 0.710883 0.053385 0.142202
10 0.448706 0.764019 0.019360 0.031188
1 0.498046 0.712944 0.026476 0.126220
1 0.552578 0.713047 0.026337 0.131309
