4 0.187016 0.152556 0.051284 0.120763
6 0.240463 0.156734 0.052244 0.132444
9 0.296784 0.161936 0.051977 0.129711
4 0.352890 0.163817 0.051314 0.118858
1 0.420925 0.173304 0.025274 0.117072
9 0.461463 0.177002 0.052220 0.136638
10 0.484135 0.227199 0.017795 0.027731
9 0.518083 0.180794 0.052994 0.132739
1 0.586453 0.184694 0.026807 0.122381
6 0.626139 0.188339 0.050193 0.133832
4 0.683336 0.191796 0.052400 0.117107
0 0.284618 0.345056 0.053313 0.134154
10 0.311139 0.403018 0.019553 0.030694
0 0.339934 0.350511 0.052246 0.137754
0 0.396307 0.356346 0.053296 0.136898
2 0.716592 0.383851 0.054418 0.141398
10 0.737397 0.436339 0.018549 0.030631
4 0.772776 0.383983 0.051616 0.117502
5 0.827692 0.389922 0.048238 0.130534
2 0.220558 0.521798 0.052378 0.134869
6 0.274895 0.523302 0.052706 0.135522
10 0.298818 0.578764 0.019877 0.031670
0 0.332593 0.527012 0.053981 0.137324
1 0.612190 0.556264 0.027009 0.124121
1 0.667471 0.562223 0.025394 0.124378
3 0.706636 0.565373 0.049084 0.134729
10 0.730000 0.616976 0.017594 0.029352
8 0.761121 0.567988 0.053550 0.139233
1 0.221053 0.689120 0.024358 0.112303
8 0.259343 0.693685 0.051896 0.134545
1 0.259355 0.692102 0.052601 0.135986
5 0.314388 0.698600 0.050178 0.134911
2 0.368944 0.699612 0.052799 0.139590
8 0.425367 0.702767 0.054297 0.134963
1 0.426506 0.713955 0.056800 0.142662
10 0.446980 0.766560 0.019272 0.031105
1 0.494548 0.718071 0.027349 0.126025
1 0.551412 0.718936 0.027409 0.132135
