4 0.189929 0.149763 0.051497 0.119969
6 0.242458 0.154374 0.051758 0.132368
9 0.299409 0.161693 0.050708 0.131510
4 0.354969 0.162030 0.050475 0.119693
1 0.422074 0.170061 0.027040 0.121774
9 0.463878 0.173572 0.050653 0.135758
10 0.486576 0.225065 0.017194 0.027414
9 0.519271 0.178513 0.053071 0.135712
1 0.587951 0.182467 0.026195 0.120513
6 0.627345 0.186697 0.051326 0.137298
10 0.654750 0.246216 0.018121 0.030309
4 0.684576 0.191461 0.052916 0.121886
0 0.287122 0.343305 0.053902 0.136325
10 0.313078 0.401731 0.019825 0.031972
0 0.341416 0.349091 0.052140 0.140306
0 0.397786 0.354022 0.053415 0.136508
2 0.717774 0.383119 0.054027 0.140646
10 0.741165 0.436651 0.019428 0.032104
4 0.773816 0.383205 0.051308 0.117402
5 0.828141 0.389392 0.048121 0.131427
6 0.221797 0.520199 0.053571 0.141249
2 0.222122 0.520724 0.052310 0.137450
6 0.277945 0.522763 0.053356 0.136388
10 0.300507 0.581081 0.018112 0.029498
4 0.335241 0.529396 0.053882 0.122306
1 0.613578 0.555601 0.025927 0.124200
1 0.667936 0.560223 0.025538 0.124376
4 0.710027 0.563913 0.049789 0.114406
10 0.735568 0.611525 0.018652 0.034572
1 0.777507 0.569326 0.027139 0.124400
1 0.222958 0.687665 0.024378 0.114387
1 0.261747 0.691974 0.050859 0.134814
8 0.261865 0.693617 0.051645 0.135213
5 0.316379 0.693866 0.049511 0.131372
5 0.369150 0.698567 0.058087 0.137315
2 0.371468 0.697571 0.051678 0.137331
8 0.427213 0.701828 0.054223 0.134330
1 0.427778 0.709908 0.054365 0.142460
10 0.450261 0.762122 0.018922 0.031106
1 0.497849 0.711415 0.026457 0.125366
1 0.552369 0.714034 0.026977 0.132375
