3 0.203001 0.157276 0.050148 0.131807
8 0.256696 0.159938 0.055182 0.140350
7 0.316646 0.160939 0.051253 0.132259
3 0.370306 0.169501 0.051390 0.138132
7 0.432777 0.171021 0.036622 0.127587
1 0.438540 0.171550 0.024820 0.114297
2 0.481633 0.175328 0.050807 0.132794
10 0.504570 0.229883 0.018523 0.028469
2 0.536215 0.179152 0.053460 0.140203
3 0.537063 0.180775 0.050749 0.136440
6 0.589834 0.183704 0.053381 0.141097
9 0.648468 0.188329 0.051389 0.132626
1 0.707824 0.189148 0.033662 0.123212
7 0.707953 0.187862 0.037539 0.124153
0 0.302388 0.351605 0.052432 0.140023
10 0.328163 0.402774 0.019407 0.034854
0 0.359438 0.351962 0.053029 0.134555
0 0.416282 0.352697 0.054712 0.140538
2 0.740868 0.383682 0.051114 0.131733
4 0.797205 0.382666 0.051234 0.113273
5 0.852154 0.389529 0.049827 0.134483
2 0.238033 0.528895 0.055372 0.142163
6 0.294425 0.529626 0.053721 0.140270
10 0.315598 0.588441 0.021904 0.035483
1 0.366528 0.541743 0.025221 0.113402
1 0.637040 0.560620 0.025281 0.110898
1 0.689175 0.561154 0.028859 0.118648
4 0.734122 0.567696 0.048892 0.116016
10 0.757091 0.621410 0.019850 0.029819
0 0.789578 0.568782 0.052827 0.135141
5 0.220901 0.696206 0.049075 0.132971
9 0.278277 0.699917 0.051234 0.130655
8 0.333103 0.709987 0.053443 0.139595
8 0.389054 0.712372 0.053605 0.140022
0 0.446840 0.712553 0.055049 0.135124
10 0.469474 0.771309 0.019294 0.028924
2 0.503332 0.718230 0.052126 0.137192
0 0.559995 0.721624 0.052100 0.133261
