4 0.190450 0.150762 0.050961 0.121713
6 0.242502 0.154508 0.051841 0.130932
9 0.299041 0.159157 0.052093 0.131689
10 0.325909 0.218072 0.018016 0.029116
4 0.354647 0.161858 0.050351 0.119759
1 0.423071 0.170229 0.026157 0.120608
1 0.455846 0.170409 0.068190 0.133707
9 0.464145 0.173200 0.050854 0.137127
10 0.485566 0.224400 0.017006 0.026750
9 0.520038 0.174977 0.051775 0.132486
1 0.588128 0.182747 0.026016 0.120415
6 0.627655 0.186074 0.050959 0.136930
4 0.684604 0.189447 0.052610 0.121937
0 0.287568 0.344213 0.053623 0.135607
10 0.312980 0.400493 0.019513 0.032268
0 0.341493 0.348956 0.051414 0.137936
0 0.397404 0.354091 0.051632 0.134876
2 0.716828 0.382472 0.054257 0.141166
10 0.742381 0.433162 0.020676 0.029370
4 0.773745 0.382024 0.052093 0.118940
5 0.828309 0.389315 0.048066 0.131628
2 0.223197 0.522182 0.054007 0.141155
6 0.278850 0.521927 0.052755 0.134082
10 0.300372 0.576417 0.019766 0.031735
1 0.349417 0.529333 0.025519 0.119146
1 0.612953 0.556258 0.025739 0.122079
1 0.668091 0.560701 0.025235 0.120851
4 0.710001 0.563178 0.049464 0.113691
10 0.732499 0.617391 0.019622 0.029728
1 0.777537 0.569279 0.027261 0.123450
1 0.223328 0.686804 0.024843 0.115365
8 0.262078 0.693240 0.052019 0.135718
1 0.262157 0.691274 0.051015 0.135620
5 0.316628 0.693897 0.049071 0.132016
5 0.366442 0.699070 0.063869 0.136920
2 0.371294 0.697953 0.052511 0.136932
1 0.427233 0.709626 0.052540 0.142940
8 0.427406 0.702034 0.054817 0.136181
10 0.450408 0.763112 0.019095 0.029979
1 0.498796 0.711749 0.025873 0.124496
1 0.552344 0.714214 0.026454 0.131133
