3 0.201657 0.157750 0.050866 0.136656
8 0.256759 0.159527 0.054689 0.138214
7 0.316596 0.161448 0.050918 0.130883
3 0.370210 0.167815 0.051847 0.136930
7 0.431829 0.172681 0.039351 0.125752
1 0.438842 0.172744 0.024268 0.112122
2 0.481828 0.175670 0.050751 0.132555
10 0.504608 0.229989 0.019549 0.031031
5 0.536167 0.178160 0.050464 0.131721
2 0.536327 0.178688 0.052011 0.138517
3 0.537342 0.180991 0.050460 0.135247
6 0.589638 0.184334 0.052953 0.140290
9 0.648687 0.188680 0.051753 0.133325
1 0.711224 0.186998 0.032691 0.119929
0 0.302181 0.349420 0.052894 0.140732
10 0.328004 0.401967 0.020616 0.038860
0 0.359393 0.351734 0.052695 0.134511
0 0.413162 0.356215 0.055902 0.135874
2 0.740591 0.380390 0.050616 0.130493
4 0.797380 0.383059 0.051374 0.114388
5 0.852466 0.389677 0.049615 0.134365
2 0.237934 0.528999 0.055211 0.141509
6 0.294108 0.529885 0.053718 0.139031
10 0.319840 0.586852 0.018166 0.029575
5 0.352347 0.531134 0.048576 0.134388
3 0.353146 0.539747 0.049931 0.132691
1 0.637246 0.561518 0.024803 0.109130
1 0.690104 0.561830 0.028079 0.119638
3 0.732216 0.566685 0.050364 0.139764
10 0.757679 0.618873 0.016973 0.026222
6 0.787145 0.567561 0.051363 0.135757
5 0.220941 0.696157 0.048827 0.132288
9 0.278361 0.700072 0.050964 0.131101
8 0.333564 0.704496 0.053854 0.137406
8 0.388820 0.713244 0.053493 0.139982
0 0.446679 0.713466 0.054847 0.135356
10 0.469428 0.771348 0.018663 0.028820
2 0.503127 0.718820 0.051937 0.136955
0 0.560150 0.725616 0.055509 0.143237
