4 0.187370 0.146059 0.053424 0.120893
6 0.240089 0.151572 0.050986 0.131741
9 0.296697 0.156294 0.052498 0.132002
4 0.352165 0.157926 0.052765 0.121940
1 0.421017 0.165160 0.025585 0.122414
9 0.461187 0.168128 0.049062 0.129205
10 0.484040 0.222616 0.017241 0.026783
9 0.518118 0.172003 0.052274 0.138112
1 0.587262 0.178732 0.025326 0.114708
6 0.626505 0.182598 0.049442 0.136404
4 0.683930 0.185407 0.053889 0.123307
0 0.284581 0.342537 0.051967 0.136690
10 0.308525 0.392594 0.020182 0.032340
0 0.341042 0.342960 0.051566 0.134428
0 0.396141 0.349056 0.052485 0.131912
2 0.715595 0.379796 0.054420 0.141888
10 0.741734 0.430721 0.019818 0.029292
4 0.772988 0.379003 0.051755 0.122538
5 0.826866 0.387713 0.050174 0.138027
2 0.220115 0.517723 0.051848 0.139477
6 0.220680 0.520732 0.055036 0.142324
6 0.275033 0.520691 0.052527 0.135033
10 0.299138 0.576403 0.020096 0.031670
0 0.331710 0.527955 0.052715 0.136645
1 0.612905 0.552187 0.026408 0.122749
1 0.666293 0.560122 0.025943 0.128540
4 0.708714 0.556977 0.050035 0.119601
10 0.729530 0.619321 0.018842 0.030594
1 0.777210 0.569533 0.027729 0.128015
1 0.221511 0.686551 0.024034 0.113792
1 0.259120 0.690699 0.052481 0.138508
8 0.259630 0.691936 0.052465 0.134476
5 0.313989 0.694884 0.050344 0.136699
2 0.369454 0.696818 0.052846 0.136359
8 0.425392 0.699177 0.054025 0.135852
1 0.425656 0.709583 0.052774 0.141799
10 0.447453 0.763300 0.020074 0.031411
1 0.496573 0.711826 0.025938 0.125409
1 0.551154 0.710138 0.027014 0.130335
