3 0.200215 0.158134 0.048944 0.136689
8 0.254288 0.160007 0.054509 0.140111
7 0.314654 0.161705 0.050002 0.136876
4 0.368133 0.165932 0.050384 0.121056
2 0.422035 0.173315 0.052560 0.137115
8 0.477925 0.175456 0.053587 0.136521
10 0.502209 0.229924 0.019488 0.029215
6 0.534042 0.179601 0.052047 0.135783
7 0.594312 0.178055 0.044892 0.131518
8 0.645197 0.187972 0.055061 0.139650
10 0.669335 0.246020 0.018313 0.027564
5 0.703372 0.193308 0.051887 0.142690
5 0.244272 0.346161 0.049548 0.133009
8 0.300442 0.348864 0.053926 0.137759
10 0.323826 0.402377 0.017538 0.028435
2 0.359922 0.351835 0.054132 0.138329
1 0.430061 0.362866 0.024411 0.118455
2 0.738789 0.381939 0.050782 0.128883
10 0.763525 0.437777 0.018720 0.031991
4 0.796173 0.385275 0.052308 0.117157
5 0.851497 0.390814 0.050185 0.134980
2 0.235807 0.530175 0.055520 0.143039
6 0.291838 0.532410 0.053852 0.137493
10 0.314868 0.593605 0.019546 0.030887
9 0.350208 0.540901 0.052441 0.128612
1 0.636660 0.563638 0.024576 0.120561
1 0.690853 0.564543 0.026113 0.120385
1 0.730440 0.569003 0.051284 0.146008
2 0.731098 0.570079 0.049535 0.135686
6 0.734400 0.570047 0.057284 0.140773
10 0.756914 0.621424 0.018416 0.028807
6 0.787257 0.569872 0.051939 0.136138
5 0.218963 0.699494 0.050370 0.139019
9 0.276740 0.709230 0.051224 0.133339
5 0.331847 0.713276 0.050731 0.139986
9 0.388845 0.711152 0.051391 0.134213
5 0.444568 0.715656 0.050672 0.135519
10 0.468531 0.774657 0.019603 0.029015
2 0.501302 0.722124 0.052357 0.135336
4 0.559409 0.728305 0.053119 0.122221
