4 0.187373 0.145435 0.053528 0.122825
6 0.240806 0.149111 0.053624 0.140002
9 0.296706 0.156018 0.052257 0.130677
4 0.353026 0.156710 0.051698 0.122280
1 0.420763 0.166028 0.025421 0.120073
9 0.461295 0.168363 0.048839 0.129300
10 0.483103 0.222122 0.016996 0.026355
9 0.517702 0.173747 0.052737 0.132692
1 0.586828 0.178412 0.026221 0.117681
6 0.626940 0.183027 0.050470 0.138314
4 0.684197 0.186665 0.054631 0.122082
0 0.284329 0.343127 0.050981 0.132714
10 0.307553 0.393733 0.020189 0.032123
0 0.339015 0.346217 0.052254 0.138841
0 0.395349 0.350391 0.053727 0.141456
2 0.715895 0.380044 0.052728 0.139365
10 0.739642 0.431245 0.019274 0.031877
4 0.773463 0.378547 0.051088 0.120184
5 0.827870 0.387018 0.047655 0.131237
2 0.220276 0.517902 0.051690 0.139226
6 0.275813 0.520637 0.052545 0.133566
10 0.298845 0.577704 0.019282 0.030821
5 0.331953 0.528605 0.048001 0.136048
1 0.612564 0.555271 0.025711 0.123947
1 0.640081 0.556412 0.036128 0.124304
1 0.665539 0.560428 0.026725 0.129745
4 0.708393 0.556608 0.049817 0.119445
10 0.728807 0.617789 0.018771 0.030587
2 0.762249 0.566610 0.051285 0.131150
1 0.221343 0.687640 0.023937 0.118639
1 0.259404 0.691046 0.052513 0.138374
8 0.259804 0.692232 0.052020 0.133754
5 0.313931 0.694218 0.049784 0.135926
2 0.369583 0.696501 0.052789 0.134961
8 0.425570 0.699051 0.054173 0.135533
1 0.426085 0.709736 0.054437 0.142293
10 0.447645 0.762698 0.019336 0.030374
1 0.495775 0.712518 0.026137 0.124188
1 0.551036 0.711324 0.026966 0.131436
