3 0.201995 0.157929 0.049710 0.135702
8 0.256453 0.159821 0.054768 0.139435
7 0.316170 0.160938 0.051031 0.131918
5 0.369938 0.168099 0.050093 0.136813
3 0.370159 0.167302 0.052686 0.135239
7 0.429870 0.168250 0.044456 0.130765
1 0.437410 0.171438 0.025631 0.112989
2 0.480906 0.175883 0.052040 0.134650
10 0.504415 0.229609 0.019216 0.029852
2 0.535729 0.179071 0.053652 0.139175
3 0.536903 0.181726 0.050944 0.135912
6 0.590581 0.183737 0.053590 0.137000
9 0.648741 0.188098 0.051399 0.133348
1 0.715313 0.194360 0.032586 0.128476
0 0.302373 0.350569 0.052841 0.140142
10 0.328317 0.402494 0.020308 0.036019
0 0.359562 0.351884 0.052884 0.133896
0 0.415991 0.352734 0.054296 0.137598
2 0.740402 0.381849 0.050217 0.129627
4 0.797388 0.383775 0.049560 0.112038
5 0.852313 0.389365 0.049354 0.133638
2 0.237953 0.528863 0.055019 0.141195
6 0.292377 0.532473 0.051373 0.138595
10 0.318613 0.585811 0.019846 0.030291
6 0.350992 0.532145 0.051034 0.134854
1 0.637684 0.560582 0.024925 0.107899
1 0.691792 0.565012 0.025037 0.118351
4 0.734757 0.566514 0.048195 0.109648
10 0.757509 0.621516 0.020979 0.032209
1 0.804093 0.571280 0.025953 0.116814
5 0.220801 0.696170 0.049262 0.133300
9 0.278655 0.700184 0.050939 0.131119
8 0.333098 0.710119 0.053119 0.138286
8 0.388948 0.713095 0.053641 0.140097
0 0.446637 0.713362 0.055030 0.134984
10 0.468871 0.771783 0.018839 0.028358
2 0.502976 0.719159 0.051679 0.136290
0 0.560233 0.725301 0.055132 0.141597
