4 0.185813 0.150456 0.049287 0.114454
6 0.239719 0.154243 0.051841 0.131867
9 0.296268 0.161023 0.052043 0.132188
4 0.351423 0.160950 0.052256 0.120391
1 0.418711 0.171517 0.025199 0.116884
9 0.460232 0.174603 0.053587 0.139300
10 0.481826 0.225343 0.017561 0.026999
9 0.516592 0.175587 0.052115 0.135718
1 0.583274 0.182652 0.026945 0.121310
6 0.624280 0.186226 0.050513 0.135453
4 0.681734 0.191292 0.052133 0.119739
0 0.283517 0.346422 0.051869 0.134691
10 0.307276 0.394714 0.020912 0.033517
0 0.338926 0.349295 0.052217 0.137586
0 0.395205 0.354831 0.053390 0.137657
2 0.713917 0.382095 0.053653 0.140147
10 0.738768 0.432499 0.019514 0.028562
4 0.770984 0.382157 0.051148 0.118570
5 0.824640 0.390443 0.049596 0.134437
2 0.220194 0.518999 0.051761 0.132812
6 0.276025 0.521507 0.053242 0.131140
10 0.297835 0.578034 0.021041 0.031608
1 0.346492 0.528770 0.024507 0.117519
1 0.611341 0.555076 0.026109 0.120645
1 0.663808 0.562335 0.025039 0.120790
4 0.706723 0.563453 0.049187 0.113682
10 0.728379 0.619890 0.019714 0.030433
1 0.774906 0.569270 0.027409 0.117966
1 0.220878 0.687919 0.023781 0.115839
1 0.258450 0.691174 0.052493 0.137704
8 0.258838 0.691965 0.051987 0.132840
5 0.313261 0.694869 0.049507 0.135065
2 0.368048 0.697428 0.052459 0.135200
8 0.424089 0.700392 0.053412 0.134517
1 0.424210 0.711160 0.053316 0.142858
10 0.447513 0.764281 0.019429 0.031542
1 0.493843 0.714174 0.026061 0.126310
1 0.549096 0.712833 0.026219 0.125023
