3 0.202081 0.158172 0.050237 0.136852
8 0.256694 0.160058 0.054870 0.140644
7 0.316428 0.161019 0.050918 0.131278
5 0.369795 0.168024 0.050325 0.138017
3 0.369943 0.167435 0.052847 0.135672
7 0.432160 0.171035 0.037992 0.132099
1 0.437996 0.171047 0.025297 0.110024
2 0.481037 0.175459 0.050945 0.132308
10 0.505413 0.229752 0.019019 0.028855
2 0.536376 0.179205 0.052160 0.139380
3 0.537351 0.181017 0.050631 0.135138
6 0.589793 0.183943 0.053071 0.140202
9 0.648573 0.188204 0.051823 0.135616
1 0.712178 0.187819 0.034107 0.123661
0 0.302429 0.350482 0.052230 0.140967
10 0.329166 0.402760 0.019088 0.034332
0 0.359467 0.351770 0.053080 0.135227
0 0.416263 0.352835 0.054512 0.137900
2 0.740305 0.379836 0.050417 0.126896
4 0.797658 0.383450 0.049995 0.110860
5 0.852272 0.389647 0.049281 0.132354
2 0.238523 0.528722 0.056537 0.139984
7 0.299210 0.528114 0.049479 0.136663
10 0.318597 0.588161 0.016498 0.028660
0 0.353155 0.539471 0.054593 0.134804
1 0.636864 0.561081 0.025207 0.111009
1 0.689914 0.562490 0.027388 0.118890
4 0.734612 0.566197 0.050785 0.116652
10 0.757124 0.622287 0.021333 0.031988
1 0.803889 0.573967 0.025881 0.117312
5 0.220373 0.696295 0.049752 0.133613
9 0.278415 0.700276 0.051834 0.131582
8 0.333517 0.704332 0.053724 0.137811
8 0.388886 0.712811 0.053828 0.140703
0 0.446724 0.713505 0.054886 0.136309
10 0.469072 0.772003 0.019168 0.028589
2 0.503380 0.718814 0.051956 0.136784
0 0.560015 0.722017 0.052257 0.133078
