4 0.185696 0.150104 0.050174 0.114550
6 0.239700 0.154604 0.051555 0.132057
9 0.296078 0.161823 0.052011 0.132381
4 0.351806 0.160345 0.052612 0.121292
1 0.418990 0.170632 0.025298 0.117069
1 0.459284 0.173026 0.050493 0.137538
9 0.460723 0.173249 0.049684 0.132951
10 0.481019 0.232347 0.019041 0.030887
9 0.516311 0.179071 0.052775 0.132507
1 0.584375 0.182297 0.026264 0.117961
6 0.623848 0.185654 0.049163 0.132361
4 0.681076 0.190607 0.052167 0.117986
0 0.283367 0.345891 0.051877 0.134802
10 0.308384 0.399760 0.018476 0.026639
0 0.338867 0.348868 0.052261 0.138366
0 0.395178 0.353187 0.052824 0.134882
2 0.714279 0.381787 0.053984 0.140493
10 0.735951 0.433353 0.018659 0.031006
4 0.771183 0.382176 0.050534 0.117919
5 0.824656 0.390702 0.049553 0.132370
2 0.219743 0.519426 0.052211 0.133683
6 0.275375 0.521872 0.053387 0.131465
10 0.296920 0.579019 0.021064 0.032024
1 0.346896 0.531419 0.025028 0.118173
1 0.611241 0.553676 0.026494 0.122652
1 0.664365 0.562952 0.024773 0.120794
1 0.706371 0.564125 0.049188 0.139681
3 0.706402 0.566553 0.050687 0.138798
10 0.729468 0.614812 0.019408 0.033084
7 0.763959 0.565474 0.048239 0.129289
1 0.220638 0.687075 0.024008 0.110944
1 0.258100 0.691419 0.052168 0.137722
8 0.258644 0.692412 0.051831 0.132455
5 0.313054 0.695502 0.050133 0.136456
2 0.367970 0.697223 0.052446 0.134541
8 0.423600 0.705966 0.054378 0.138084
1 0.424243 0.710947 0.053646 0.143137
10 0.446355 0.763060 0.020177 0.030987
1 0.494439 0.713760 0.026309 0.128448
1 0.549148 0.712579 0.026099 0.125555
