4 0.190113 0.149287 0.051116 0.120799
6 0.242750 0.153979 0.051912 0.133124
9 0.298974 0.159983 0.052265 0.131315
4 0.355509 0.162044 0.050386 0.118378
1 0.423266 0.170187 0.025889 0.118485
9 0.463467 0.173623 0.050070 0.134327
10 0.485838 0.224955 0.017432 0.027781
9 0.520147 0.175281 0.053425 0.135814
1 0.587609 0.180337 0.027104 0.117100
6 0.627675 0.185344 0.051082 0.141292
4 0.684843 0.188249 0.053094 0.123028
0 0.286296 0.345985 0.051164 0.133726
10 0.311428 0.399514 0.018496 0.027498
0 0.341500 0.348291 0.051447 0.138330
0 0.398105 0.353664 0.054045 0.137049
2 0.716742 0.382799 0.053940 0.139509
10 0.740452 0.433787 0.018150 0.030483
4 0.773506 0.382185 0.051610 0.119072
5 0.828412 0.389282 0.048268 0.131462
6 0.222111 0.518740 0.053618 0.141573
2 0.223325 0.523073 0.053883 0.136619
6 0.278560 0.521729 0.053220 0.134934
10 0.301418 0.575855 0.019118 0.031902
1 0.350136 0.531002 0.024470 0.114482
1 0.613982 0.551592 0.026663 0.120756
1 0.668164 0.561486 0.025548 0.124430
3 0.709838 0.566305 0.049750 0.134276
10 0.733015 0.613440 0.019121 0.033772
7 0.767150 0.566406 0.049196 0.129927
1 0.223411 0.686787 0.024378 0.112537
8 0.262020 0.692522 0.051092 0.132864
1 0.262144 0.690124 0.050546 0.133022
5 0.316276 0.694824 0.050186 0.135377
5 0.369842 0.698941 0.054372 0.139082
2 0.371271 0.697928 0.052106 0.135900
1 0.427403 0.710349 0.053681 0.143087
8 0.427538 0.701844 0.054275 0.134890
10 0.449765 0.762932 0.019720 0.030573
1 0.497913 0.712865 0.026427 0.125567
1 0.552977 0.713009 0.026016 0.128827
