3 0.202182 0.157560 0.049395 0.136156
8 0.256770 0.160179 0.055536 0.142095
7 0.316885 0.159357 0.049672 0.132877
3 0.370343 0.168187 0.051868 0.137667
7 0.431569 0.172591 0.038400 0.131911
1 0.438362 0.171602 0.024880 0.111799
2 0.480266 0.175608 0.053945 0.133733
10 0.503964 0.229586 0.018877 0.029166
3 0.537253 0.181267 0.049800 0.137681
6 0.589448 0.183980 0.053330 0.142149
10 0.615255 0.240516 0.019512 0.030023
9 0.648487 0.188448 0.052336 0.134169
7 0.711792 0.188807 0.036826 0.124967
1 0.714664 0.195236 0.035816 0.122483
0 0.302408 0.352500 0.051974 0.139669
10 0.323949 0.401601 0.019991 0.026026
0 0.359743 0.351932 0.052796 0.133618
0 0.416280 0.353300 0.054451 0.137351
2 0.740519 0.384075 0.051279 0.133006
4 0.797514 0.383818 0.050143 0.110672
5 0.852775 0.390070 0.049811 0.134994
2 0.238419 0.529036 0.056744 0.140396
7 0.300347 0.528475 0.049592 0.137957
3 0.353256 0.541552 0.052048 0.135819
1 0.636796 0.561847 0.025458 0.110804
1 0.689606 0.561265 0.028471 0.117505
4 0.734398 0.564412 0.050846 0.116840
10 0.757119 0.622068 0.021241 0.032685
1 0.804236 0.573906 0.025805 0.115556
5 0.220806 0.697181 0.049862 0.135842
9 0.278678 0.700742 0.051668 0.132622
8 0.279643 0.707767 0.055683 0.134740
8 0.333024 0.710150 0.053126 0.138449
8 0.388832 0.713058 0.053514 0.139368
0 0.391395 0.715872 0.060299 0.143950
0 0.446693 0.713391 0.054941 0.136310
10 0.468559 0.773478 0.019833 0.029840
2 0.503171 0.719303 0.051743 0.136735
0 0.560038 0.722263 0.052337 0.133013
