4 0.187102 0.145728 0.052558 0.119369
6 0.240560 0.149673 0.053642 0.139428
9 0.296234 0.156191 0.052088 0.131415
4 0.352126 0.158697 0.052346 0.119780
1 0.420819 0.165545 0.025106 0.118760
9 0.460574 0.167874 0.049622 0.132611
10 0.482759 0.227214 0.018162 0.029953
9 0.518344 0.171777 0.052572 0.137867
1 0.586304 0.178793 0.026392 0.120151
6 0.626040 0.183297 0.049334 0.136135
4 0.684206 0.186500 0.054355 0.119492
0 0.284372 0.342445 0.052076 0.136797
10 0.308390 0.393371 0.020208 0.032038
0 0.340941 0.343623 0.051508 0.135598
0 0.396344 0.349441 0.053011 0.133976
2 0.715790 0.379574 0.052029 0.137692
10 0.741021 0.431367 0.018977 0.031464
4 0.773300 0.379017 0.051085 0.119863
5 0.827643 0.386906 0.046852 0.129072
2 0.220149 0.517599 0.052775 0.140604
5 0.276478 0.520777 0.049322 0.132707
10 0.299152 0.576525 0.018221 0.031584
9 0.332484 0.528646 0.051389 0.134156
1 0.612443 0.554450 0.025490 0.122574
1 0.666634 0.553429 0.026574 0.118021
4 0.707320 0.557492 0.048952 0.118512
10 0.730008 0.612384 0.018068 0.028727
0 0.761923 0.566478 0.053174 0.136444
1 0.221797 0.687225 0.023463 0.116433
1 0.259494 0.690974 0.051867 0.136917
8 0.259747 0.692140 0.052188 0.134208
5 0.314113 0.695103 0.050135 0.136906
2 0.369403 0.696759 0.052873 0.135639
8 0.425550 0.699170 0.054060 0.135752
1 0.425679 0.709685 0.053703 0.142789
10 0.447379 0.763787 0.020102 0.031227
1 0.496000 0.712175 0.026206 0.125702
1 0.551432 0.712517 0.026392 0.128922
