3 0.202682 0.157612 0.050519 0.132712
8 0.256815 0.159760 0.055186 0.140695
7 0.316684 0.159076 0.049723 0.134344
3 0.370042 0.169073 0.051916 0.139112
7 0.428373 0.169611 0.045884 0.131898
1 0.437404 0.172632 0.025294 0.112807
2 0.481221 0.175868 0.051491 0.132648
10 0.503970 0.229410 0.018869 0.028867
2 0.536189 0.179378 0.052507 0.138665
3 0.537112 0.181142 0.050860 0.136720
6 0.590194 0.184173 0.053036 0.135035
10 0.614889 0.240012 0.019143 0.028512
9 0.648417 0.188608 0.052546 0.134156
1 0.710941 0.189706 0.031974 0.123453
0 0.302520 0.350814 0.052438 0.141444
10 0.327716 0.402299 0.019691 0.036399
0 0.359195 0.351587 0.052871 0.134286
0 0.416147 0.352978 0.054565 0.137909
2 0.740362 0.379712 0.050037 0.125354
4 0.796735 0.382968 0.051415 0.114172
5 0.852302 0.389230 0.049844 0.133723
2 0.237984 0.528429 0.055133 0.140903
6 0.294483 0.529233 0.053538 0.139216
10 0.315420 0.589213 0.022077 0.036174
1 0.366547 0.542806 0.025806 0.117703
1 0.636983 0.561597 0.025504 0.114078
1 0.690663 0.562291 0.027390 0.121303
3 0.732792 0.569588 0.049721 0.136680
10 0.757971 0.618645 0.017517 0.027255
8 0.787151 0.569967 0.051951 0.135132
5 0.220718 0.696235 0.049290 0.133100
9 0.278342 0.699863 0.051074 0.130744
8 0.333053 0.710189 0.053596 0.139886
8 0.388820 0.712816 0.053997 0.140782
0 0.446685 0.712715 0.054677 0.135017
10 0.468185 0.771164 0.018989 0.029159
2 0.502897 0.718587 0.052328 0.137179
0 0.560029 0.721626 0.052533 0.134367
