4 0.186646 0.146464 0.053025 0.119888
6 0.240634 0.150047 0.052519 0.136779
9 0.296635 0.155562 0.052140 0.132421
4 0.353055 0.156673 0.051494 0.121130
1 0.420958 0.165394 0.025319 0.119293
1 0.460823 0.169681 0.050271 0.136470
9 0.461125 0.168736 0.048962 0.130365
10 0.482732 0.227431 0.018066 0.029945
9 0.517532 0.173860 0.052350 0.132399
1 0.587560 0.178550 0.025574 0.115914
6 0.626444 0.183230 0.049121 0.135685
4 0.684035 0.185211 0.054450 0.124192
0 0.284606 0.341803 0.052071 0.136059
10 0.307938 0.392906 0.020105 0.032024
0 0.340991 0.343407 0.051373 0.135091
0 0.395512 0.350481 0.053737 0.140272
2 0.715947 0.379603 0.054231 0.141126
10 0.738749 0.431986 0.019698 0.031870
4 0.773430 0.378566 0.051292 0.120794
5 0.827932 0.386590 0.047696 0.130481
2 0.220059 0.517417 0.052028 0.139078
6 0.275194 0.520570 0.052118 0.134205
10 0.297999 0.582440 0.018862 0.029806
0 0.331883 0.527961 0.052920 0.137741
1 0.612100 0.554580 0.025641 0.124133
1 0.666433 0.560152 0.025528 0.126636
4 0.707778 0.561057 0.049108 0.116099
10 0.729623 0.617817 0.019180 0.030764
0 0.761860 0.566348 0.053203 0.136859
1 0.221232 0.686778 0.024049 0.119117
1 0.258857 0.690725 0.052787 0.138727
8 0.259320 0.691846 0.052645 0.134038
5 0.314235 0.695328 0.050375 0.137846
2 0.369674 0.696491 0.052581 0.134767
8 0.425543 0.698791 0.053912 0.135507
1 0.425914 0.709388 0.054625 0.142029
10 0.447365 0.762892 0.020139 0.030693
1 0.496147 0.710782 0.026391 0.126081
1 0.551212 0.709441 0.026568 0.128059
