4 0.186225 0.146987 0.052413 0.118634
6 0.239309 0.152664 0.052360 0.134312
9 0.295708 0.158038 0.052039 0.132359
4 0.352535 0.157739 0.052113 0.122539
1 0.419897 0.167052 0.025170 0.119319
1 0.460101 0.171005 0.050565 0.137917
9 0.460500 0.170560 0.049226 0.129779
10 0.482587 0.228916 0.017813 0.028942
9 0.517560 0.173469 0.052199 0.137371
1 0.585243 0.179825 0.026656 0.118350
6 0.625670 0.183485 0.049519 0.136749
4 0.683239 0.187457 0.052520 0.120540
0 0.284025 0.341241 0.052754 0.134845
10 0.307957 0.395963 0.020829 0.032523
0 0.338800 0.347888 0.052419 0.139627
0 0.395002 0.353392 0.053518 0.140207
2 0.715499 0.381359 0.054176 0.141572
10 0.736781 0.434339 0.018362 0.030120
4 0.772625 0.380360 0.051533 0.119616
5 0.826933 0.387692 0.047740 0.130151
2 0.219798 0.519350 0.052255 0.132723
5 0.275220 0.521827 0.050248 0.134316
10 0.297497 0.582040 0.018174 0.028860
6 0.329637 0.528842 0.049969 0.133461
1 0.612462 0.553693 0.026516 0.124003
1 0.666438 0.562296 0.024794 0.124727
2 0.706808 0.559786 0.050330 0.132264
10 0.706993 0.560009 0.049897 0.137225
10 0.727849 0.614365 0.017512 0.025207
5 0.760502 0.563765 0.048251 0.132833
1 0.220126 0.687786 0.023940 0.117151
1 0.257905 0.691765 0.052598 0.137326
8 0.258523 0.692989 0.052273 0.132774
5 0.313326 0.696221 0.049685 0.135643
2 0.368225 0.697984 0.052238 0.138164
8 0.424696 0.701301 0.053866 0.135692
1 0.424778 0.711806 0.053491 0.143431
10 0.446561 0.763759 0.019905 0.031066
1 0.494281 0.713490 0.025779 0.124168
1 0.550154 0.716181 0.027108 0.131255
