4 0.185324 0.150345 0.050856 0.116433
6 0.239085 0.154702 0.050541 0.134957
9 0.295102 0.159166 0.051173 0.130696
4 0.351672 0.161189 0.052110 0.120859
1 0.419131 0.172061 0.025694 0.119065
9 0.461518 0.173981 0.050339 0.136236
10 0.482980 0.227696 0.018201 0.027873
9 0.517012 0.179840 0.053089 0.134654
1 0.584806 0.182882 0.026809 0.124269
6 0.584890 0.183936 0.030464 0.125005
6 0.625535 0.186773 0.050931 0.138471
4 0.682817 0.190522 0.052769 0.118475
0 0.283515 0.347147 0.051995 0.135804
10 0.310258 0.402640 0.019995 0.031406
0 0.339229 0.351475 0.052401 0.138031
0 0.395404 0.356017 0.052954 0.136689
2 0.715753 0.383881 0.053969 0.140460
10 0.740811 0.438181 0.018772 0.030337
4 0.772532 0.385878 0.050550 0.117514
5 0.826958 0.390018 0.048753 0.132930
2 0.219821 0.522860 0.052456 0.136252
6 0.275074 0.525232 0.054071 0.137373
10 0.297202 0.585366 0.018876 0.030050
7 0.335318 0.524375 0.046435 0.130721
1 0.611841 0.560036 0.025863 0.124771
1 0.666340 0.564967 0.025255 0.126831
3 0.706222 0.567700 0.048793 0.136750
10 0.729498 0.624049 0.019363 0.029855
0 0.760365 0.573244 0.052216 0.136135
1 0.219734 0.693262 0.024570 0.112976
1 0.257472 0.695005 0.052323 0.137542
8 0.258015 0.696697 0.051443 0.134757
5 0.312454 0.698891 0.050447 0.135746
2 0.367737 0.703305 0.052967 0.140773
8 0.424049 0.711443 0.054848 0.140474
1 0.425541 0.717009 0.056514 0.143536
10 0.445905 0.769256 0.019620 0.030128
1 0.494739 0.719649 0.026921 0.128566
1 0.550122 0.721622 0.027810 0.134247
