3 0.203454 0.157743 0.050321 0.134683
8 0.256906 0.160654 0.054745 0.140813
7 0.316814 0.163105 0.051062 0.134878
3 0.370188 0.167880 0.050459 0.142181
7 0.428217 0.171330 0.047458 0.129976
1 0.437675 0.170946 0.025454 0.113524
2 0.481547 0.176992 0.051104 0.133306
10 0.502812 0.231059 0.018890 0.029755
3 0.537039 0.180886 0.051101 0.138683
6 0.589971 0.183199 0.053292 0.141389
9 0.649424 0.187133 0.052708 0.136001
7 0.703131 0.189798 0.048409 0.135044
0 0.302159 0.351478 0.053372 0.140772
10 0.323854 0.403439 0.020700 0.027883
0 0.359714 0.352159 0.053246 0.135914
0 0.416858 0.352490 0.054937 0.141520
2 0.740465 0.384226 0.052055 0.134664
4 0.798172 0.384415 0.050574 0.114660
5 0.852837 0.389831 0.049049 0.132969
2 0.238534 0.529128 0.054545 0.140678
6 0.293896 0.530187 0.053866 0.138245
10 0.317448 0.586622 0.018602 0.029690
4 0.352304 0.537498 0.053093 0.113514
1 0.638633 0.561421 0.025303 0.125336
1 0.691012 0.562539 0.027126 0.120878
3 0.732531 0.568488 0.050027 0.139396
10 0.756878 0.618796 0.016439 0.025689
6 0.787425 0.567979 0.051752 0.136700
5 0.221284 0.696832 0.049299 0.135579
9 0.278828 0.700570 0.051460 0.131411
8 0.280668 0.707873 0.058690 0.135966
8 0.333521 0.704727 0.054386 0.139561
10 0.356989 0.763883 0.019593 0.031651
8 0.389518 0.714263 0.054160 0.140147
0 0.446882 0.713885 0.055016 0.137745
10 0.473752 0.769970 0.019209 0.030713
2 0.503174 0.719120 0.051335 0.135841
0 0.560016 0.722132 0.052612 0.133510
