4 0.184982 0.150525 0.050869 0.117456
6 0.238758 0.155000 0.050869 0.135023
9 0.295104 0.159261 0.051205 0.131444
4 0.351781 0.161021 0.052352 0.121530
1 0.419602 0.171651 0.025075 0.117317
1 0.459935 0.174076 0.050367 0.139243
9 0.460655 0.175187 0.053321 0.138997
10 0.482784 0.227708 0.018402 0.027720
9 0.516824 0.179712 0.053079 0.135356
1 0.585510 0.183967 0.026404 0.124539
6 0.585688 0.184986 0.030197 0.124891
6 0.625476 0.187560 0.050245 0.134204
4 0.682851 0.190013 0.052730 0.120443
0 0.283741 0.346889 0.051600 0.135029
10 0.309345 0.403474 0.019830 0.031190
0 0.339071 0.351830 0.052649 0.139115
0 0.396059 0.356442 0.052101 0.135135
2 0.715445 0.384179 0.052342 0.134423
10 0.737081 0.437058 0.018902 0.031697
4 0.772821 0.386000 0.050741 0.118221
5 0.827183 0.392760 0.049710 0.133461
2 0.219758 0.523168 0.052076 0.136145
6 0.274195 0.525969 0.052734 0.137503
10 0.298222 0.585477 0.018649 0.030806
5 0.330346 0.528886 0.048633 0.133647
6 0.330637 0.531358 0.050415 0.143502
1 0.611236 0.557789 0.026844 0.123453
1 0.666173 0.563950 0.024490 0.122627
2 0.705689 0.564193 0.051929 0.134053
10 0.730680 0.621362 0.020225 0.030991
8 0.760064 0.570979 0.052400 0.137595
1 0.219794 0.692979 0.024591 0.113315
1 0.257571 0.695338 0.052622 0.138796
8 0.258054 0.696797 0.051617 0.135656
5 0.312601 0.698979 0.050650 0.135851
2 0.367827 0.703719 0.053071 0.141128
8 0.424004 0.711720 0.055095 0.141401
1 0.424766 0.716200 0.054936 0.144911
10 0.446491 0.768619 0.019807 0.030378
1 0.494375 0.719742 0.026777 0.128106
1 0.550177 0.723010 0.027688 0.133654
