3 0.202885 0.157916 0.049763 0.131861
8 0.256725 0.159549 0.055056 0.140036
7 0.316778 0.160367 0.049754 0.132748
3 0.370038 0.167591 0.052739 0.133904
5 0.370152 0.168335 0.049750 0.136977
1 0.437936 0.173136 0.025014 0.111709
2 0.481121 0.175678 0.051236 0.134353
10 0.504801 0.229783 0.019188 0.029561
3 0.537128 0.180649 0.050852 0.135928
6 0.589834 0.183706 0.053383 0.140861
9 0.648419 0.188222 0.050954 0.131566
1 0.716257 0.193974 0.030609 0.129159
0 0.302443 0.351446 0.052370 0.139929
10 0.327793 0.402024 0.019912 0.036077
0 0.359345 0.351546 0.052874 0.134377
0 0.416069 0.352979 0.054373 0.136994
2 0.740244 0.379596 0.050211 0.126453
4 0.797320 0.382808 0.051342 0.114040
5 0.852050 0.389012 0.049386 0.130933
2 0.237997 0.529058 0.055376 0.142278
6 0.294570 0.529525 0.053594 0.139851
1 0.366462 0.543254 0.025907 0.118364
1 0.637111 0.560997 0.025280 0.113945
1 0.690046 0.561868 0.027711 0.122731
3 0.732716 0.569145 0.049441 0.136933
10 0.757651 0.618665 0.017257 0.026792
8 0.787081 0.569831 0.052147 0.135349
5 0.220360 0.696065 0.049740 0.133136
9 0.278299 0.699863 0.051271 0.130320
8 0.278766 0.708114 0.053562 0.132556
8 0.333060 0.709966 0.053616 0.139959
8 0.388877 0.712630 0.053582 0.140005
0 0.446648 0.712340 0.054777 0.135480
10 0.467812 0.771548 0.019304 0.028420
2 0.502937 0.718380 0.052135 0.137216
0 0.560083 0.721797 0.052442 0.133769
