4 0.192260 0.150128 0.052128 0.118906
6 0.245021 0.159714 0.049312 0.132314
9 0.300628 0.156351 0.052872 0.130454
8 0.302939 0.159340 0.052872 0.130612
4 0.355833 0.161225 0.052744 0.126646
1 0.424967 0.173307 0.024754 0.113334
9 0.463286 0.176551 0.050420 0.133116
8 0.465438 0.175714 0.048891 0.134479
8 0.520698 0.178131 0.049163 0.133067
9 0.521358 0.179557 0.052197 0.145714
6 0.622619 0.187998 0.054523 0.144520
4 0.684879 0.190704 0.053438 0.122885
0 0.288725 0.345423 0.052535 0.134017
8 0.289036 0.344152 0.054744 0.141998
0 0.343963 0.346658 0.054535 0.134679
3 0.344120 0.353686 0.048285 0.128952
0 0.399298 0.351535 0.057094 0.143004
2 0.715375 0.380377 0.052954 0.128383
8 0.716321 0.383940 0.046485 0.126651
4 0.771388 0.384677 0.054357 0.124213
5 0.820953 0.389378 0.050163 0.129873
9 0.826663 0.388900 0.049961 0.136016
2 0.221620 0.520378 0.052888 0.143852
6 0.223840 0.527736 0.052631 0.141459
6 0.279362 0.526558 0.053107 0.145452
8 0.279656 0.524536 0.051111 0.142497
6 0.332095 0.525299 0.047763 0.127635
2 0.338992 0.525070 0.059211 0.157172
1 0.663843 0.564641 0.030731 0.121983
3 0.706681 0.565603 0.048514 0.130853
10 0.728630 0.615151 0.017319 0.031235
6 0.760595 0.564934 0.051344 0.137867
8 0.264179 0.693068 0.050011 0.138013
6 0.318487 0.694169 0.047617 0.145703
5 0.318629 0.693255 0.050018 0.144620
5 0.365546 0.700865 0.066558 0.149957
6 0.370280 0.704257 0.051252 0.129859
2 0.371953 0.699903 0.052462 0.143117
8 0.427357 0.702187 0.054241 0.143525
1 0.497173 0.709346 0.026329 0.108678
1 0.551142 0.708061 0.024691 0.111903
