3 0.202905 0.157249 0.048794 0.134408
8 0.256719 0.159427 0.055021 0.140105
7 0.316403 0.161360 0.051210 0.133214
3 0.369832 0.169643 0.051360 0.138616
7 0.428070 0.170602 0.046793 0.133360
1 0.437955 0.171733 0.025085 0.110861
2 0.481052 0.176322 0.052037 0.134630
10 0.505036 0.229829 0.019212 0.028640
3 0.537084 0.181561 0.051575 0.137651
6 0.589867 0.184045 0.052890 0.139553
9 0.648474 0.188142 0.050969 0.131709
1 0.714660 0.194391 0.032307 0.130081
0 0.302459 0.350609 0.053087 0.143388
10 0.322936 0.401593 0.020187 0.026630
0 0.359149 0.351333 0.053102 0.134620
0 0.416267 0.352562 0.055250 0.139552
2 0.740410 0.379555 0.050086 0.125445
4 0.797387 0.382740 0.051317 0.113033
5 0.852272 0.388934 0.049059 0.131730
2 0.238027 0.528946 0.055199 0.141338
6 0.294465 0.529299 0.053235 0.138463
1 0.366307 0.544045 0.024932 0.113927
1 0.637335 0.560820 0.024465 0.118368
1 0.689893 0.561873 0.028047 0.119546
4 0.734334 0.567267 0.048999 0.114660
10 0.757563 0.621211 0.019903 0.029812
0 0.789383 0.568841 0.052922 0.134912
5 0.220378 0.696185 0.049625 0.134250
9 0.278211 0.699723 0.050952 0.130709
8 0.333062 0.709922 0.053483 0.139808
8 0.388851 0.712596 0.053866 0.140951
0 0.446618 0.712389 0.054905 0.135565
10 0.468244 0.771127 0.019626 0.030324
2 0.502914 0.718704 0.052366 0.137934
0 0.559885 0.722044 0.052581 0.134065
