4 0.186820 0.152411 0.051609 0.121474
6 0.239926 0.156005 0.050712 0.134699
9 0.297288 0.162829 0.050731 0.131016
4 0.353165 0.162515 0.051663 0.118567
1 0.420316 0.171476 0.025414 0.118685
9 0.462161 0.175398 0.050661 0.135172
10 0.483720 0.227952 0.017899 0.027785
9 0.518125 0.177188 0.052795 0.135534
1 0.586048 0.184224 0.027405 0.123947
6 0.626493 0.188526 0.050341 0.133515
4 0.683622 0.191321 0.052803 0.121537
0 0.284874 0.344152 0.053253 0.133027
10 0.311020 0.404029 0.020267 0.032046
0 0.339872 0.350817 0.052322 0.138158
0 0.396739 0.356700 0.053239 0.135836
2 0.716538 0.383933 0.053567 0.138919
10 0.737193 0.435416 0.018576 0.031479
4 0.772725 0.384510 0.052073 0.118245
5 0.827712 0.390530 0.048125 0.131163
2 0.221180 0.521737 0.053139 0.136356
6 0.276224 0.524438 0.053406 0.134469
10 0.299140 0.584250 0.018228 0.031156
1 0.347917 0.533205 0.024609 0.116654
1 0.611642 0.554229 0.028240 0.121121
1 0.667340 0.562529 0.025695 0.124341
3 0.708149 0.565068 0.050715 0.135588
10 0.730296 0.621092 0.020179 0.031252
7 0.766213 0.569033 0.048667 0.128494
1 0.221616 0.689613 0.024433 0.113244
1 0.259224 0.692177 0.052957 0.137570
8 0.259388 0.693658 0.052418 0.136297
5 0.313596 0.695865 0.049646 0.133021
2 0.369087 0.699909 0.052768 0.139430
8 0.425476 0.703785 0.054517 0.135576
1 0.426054 0.713274 0.054495 0.142567
10 0.447030 0.766097 0.019941 0.030916
1 0.495387 0.715199 0.026816 0.127229
1 0.550880 0.718126 0.027437 0.132437
