3 0.204116 0.156701 0.050219 0.137739
8 0.259001 0.160106 0.054885 0.140274
7 0.318279 0.157954 0.050630 0.136705
3 0.372278 0.167129 0.053050 0.141456
7 0.430685 0.173011 0.043100 0.127988
1 0.439762 0.170500 0.025950 0.119965
2 0.482637 0.174437 0.052434 0.133605
10 0.505622 0.229412 0.018805 0.028649
3 0.538680 0.179314 0.050917 0.137304
6 0.591160 0.182906 0.053243 0.142221
9 0.650413 0.185219 0.052586 0.136393
7 0.705902 0.188375 0.046264 0.135177
0 0.305559 0.348075 0.050868 0.132343
10 0.330142 0.399291 0.018641 0.030293
0 0.361606 0.350504 0.051875 0.132134
0 0.417754 0.351861 0.053996 0.136029
2 0.741002 0.383900 0.051452 0.134033
4 0.798571 0.383529 0.050501 0.112159
5 0.853016 0.389629 0.049648 0.135307
2 0.241151 0.529548 0.056224 0.139156
7 0.302932 0.527896 0.045674 0.129654
10 0.322232 0.587300 0.018046 0.030675
3 0.355316 0.540931 0.051076 0.137195
1 0.638086 0.562209 0.026535 0.115610
1 0.691729 0.562791 0.027228 0.119506
4 0.735316 0.566413 0.051144 0.117357
10 0.758136 0.622849 0.020930 0.032582
1 0.804466 0.572674 0.026244 0.117892
5 0.223805 0.697970 0.048810 0.133652
9 0.281027 0.701051 0.052874 0.134082
8 0.335805 0.704830 0.053498 0.136290
8 0.391111 0.714107 0.052678 0.136028
0 0.448598 0.714635 0.054669 0.137259
10 0.472284 0.772820 0.018994 0.029169
2 0.504773 0.719851 0.051355 0.137367
0 0.562094 0.727153 0.055953 0.144842
