4 0.182452 0.146359 0.051395 0.115736
6 0.236158 0.152616 0.052640 0.136482
9 0.292182 0.157976 0.050891 0.133665
4 0.348343 0.158542 0.054098 0.123746
1 0.417341 0.169110 0.025505 0.119629
9 0.457468 0.170773 0.048324 0.127400
10 0.482173 0.228810 0.020736 0.032761
9 0.514061 0.176795 0.052619 0.132439
1 0.582568 0.179555 0.026319 0.119978
1 0.621017 0.182410 0.052983 0.138747
6 0.621534 0.183789 0.050704 0.138762
4 0.679777 0.189172 0.052797 0.119147
0 0.280760 0.343478 0.053391 0.142006
10 0.305103 0.396107 0.020825 0.032495
0 0.336753 0.347676 0.052006 0.135345
0 0.392813 0.352966 0.053592 0.138926
2 0.712531 0.380455 0.054184 0.142141
10 0.734023 0.432507 0.019606 0.030916
4 0.770330 0.379997 0.050973 0.119534
5 0.823515 0.389285 0.049201 0.132258
2 0.216434 0.521231 0.053228 0.136715
5 0.272094 0.521621 0.049732 0.134126
10 0.294700 0.575474 0.016945 0.028509
6 0.326649 0.525017 0.050551 0.132971
1 0.608702 0.553544 0.026496 0.122781
1 0.661486 0.563469 0.025062 0.123984
2 0.703333 0.560122 0.051997 0.135624
10 0.727757 0.616465 0.017487 0.024318
5 0.757441 0.562700 0.048351 0.132736
1 0.215166 0.694344 0.022961 0.113467
1 0.255043 0.692110 0.051694 0.138663
8 0.255075 0.692655 0.051867 0.131843
9 0.255132 0.689402 0.048311 0.129592
5 0.310426 0.697081 0.049908 0.137563
2 0.365225 0.703428 0.052789 0.137769
8 0.421697 0.701052 0.053672 0.135326
1 0.421942 0.711648 0.052920 0.142824
10 0.444383 0.764900 0.019513 0.031780
1 0.492589 0.707969 0.026555 0.118702
1 0.546349 0.715694 0.027729 0.125795
