4 0.185634 0.145994 0.052161 0.122801
6 0.239383 0.152118 0.052465 0.134798
9 0.295833 0.157978 0.051865 0.131651
4 0.352019 0.157221 0.052620 0.122580
1 0.419852 0.168048 0.025010 0.117822
1 0.459930 0.171132 0.049966 0.135924
9 0.460127 0.170543 0.049020 0.129340
10 0.483472 0.223027 0.017271 0.026087
9 0.517553 0.173354 0.052068 0.136895
1 0.586032 0.179017 0.026684 0.122457
6 0.625776 0.183214 0.049092 0.137089
4 0.683018 0.188597 0.053680 0.118966
0 0.283883 0.344167 0.051314 0.134873
10 0.307667 0.395113 0.020500 0.032523
0 0.338730 0.346961 0.052536 0.139835
0 0.394927 0.353718 0.053582 0.140307
2 0.715307 0.381092 0.054137 0.141419
10 0.737224 0.433608 0.019155 0.031126
4 0.772617 0.380383 0.051133 0.120261
5 0.826766 0.387850 0.047625 0.130392
2 0.219456 0.518833 0.051892 0.133044
6 0.219830 0.522573 0.055053 0.141616
6 0.274481 0.521547 0.052501 0.134714
10 0.298365 0.576315 0.019483 0.030533
0 0.330871 0.529227 0.052691 0.135281
1 0.611890 0.552674 0.026036 0.120655
1 0.666117 0.561549 0.025098 0.127313
2 0.707823 0.557918 0.051314 0.132872
10 0.730604 0.610193 0.018787 0.024629
7 0.766469 0.564335 0.047967 0.128400
1 0.220716 0.688489 0.023894 0.118157
1 0.258008 0.692010 0.052841 0.138085
8 0.258572 0.693286 0.052145 0.132802
5 0.313245 0.696185 0.049912 0.135865
2 0.368439 0.697839 0.053164 0.136328
8 0.424297 0.707015 0.054596 0.139899
1 0.425036 0.711718 0.054857 0.142834
10 0.446582 0.764521 0.020219 0.031291
1 0.495016 0.713994 0.026604 0.126487
1 0.550343 0.715348 0.027218 0.132759
