3 0.202055 0.157109 0.049997 0.135278
8 0.256678 0.159022 0.055244 0.140544
7 0.316804 0.162252 0.050609 0.132829
3 0.370062 0.167202 0.052908 0.135300
7 0.431097 0.171685 0.039684 0.132175
1 0.438420 0.172138 0.024551 0.111883
2 0.480719 0.175577 0.053518 0.135664
10 0.504861 0.229171 0.018618 0.028347
2 0.535931 0.178510 0.052950 0.139325
3 0.537153 0.180699 0.050946 0.136852
6 0.590302 0.183588 0.052769 0.135572
9 0.648586 0.187702 0.051623 0.135821
0 0.302490 0.350610 0.053195 0.143914
10 0.323841 0.401005 0.020909 0.028336
0 0.359317 0.351354 0.052948 0.134907
0 0.416133 0.352940 0.054433 0.137926
2 0.740916 0.383547 0.050952 0.131652
4 0.796953 0.382307 0.051091 0.112647
5 0.852136 0.388750 0.049685 0.132350
2 0.237960 0.528533 0.055368 0.141840
6 0.294482 0.529326 0.053479 0.139118
10 0.315424 0.587994 0.021387 0.035431
1 0.366940 0.542503 0.024849 0.114353
1 0.636960 0.560286 0.025067 0.112712
1 0.690166 0.561848 0.027654 0.122242
3 0.732798 0.569144 0.049237 0.133308
1 0.733368 0.568726 0.047542 0.137233
10 0.757929 0.618749 0.017252 0.026691
8 0.787210 0.569889 0.052048 0.135683
5 0.220600 0.695984 0.049615 0.134224
9 0.278312 0.699731 0.051111 0.130797
8 0.332951 0.709861 0.053256 0.138724
8 0.388875 0.712555 0.053950 0.140809
0 0.446706 0.712919 0.055073 0.136138
10 0.468791 0.771156 0.019042 0.028868
2 0.503095 0.718736 0.051555 0.136837
0 0.559887 0.722156 0.052752 0.134121
