3 0.204078 0.157153 0.048424 0.131786
8 0.257251 0.158434 0.053131 0.138728
7 0.315745 0.160876 0.050607 0.139556
10 0.341457 0.223145 0.018206 0.031534
3 0.369800 0.168397 0.053133 0.143255
9 0.370945 0.163864 0.054864 0.152336
7 0.432565 0.172030 0.031491 0.106828
2 0.481185 0.178673 0.052390 0.134223
10 0.503369 0.230074 0.019250 0.030080
3 0.537258 0.178822 0.051388 0.136393
5 0.538063 0.179008 0.052072 0.136835
6 0.589696 0.183974 0.052603 0.140234
9 0.648357 0.187324 0.050593 0.134200
5 0.649247 0.184821 0.052624 0.139762
1 0.719391 0.196006 0.025858 0.102406
0 0.303311 0.348847 0.050641 0.133968
10 0.328171 0.403488 0.019999 0.033617
0 0.359816 0.351861 0.053825 0.134674
0 0.417423 0.354564 0.055582 0.141082
2 0.739835 0.381517 0.052597 0.133472
4 0.797636 0.383136 0.050659 0.110847
5 0.853981 0.389918 0.050373 0.135120
2 0.238265 0.529511 0.055259 0.144128
6 0.294043 0.530201 0.053901 0.139960
10 0.318236 0.587634 0.019613 0.031369
4 0.353641 0.537636 0.053569 0.116408
1 0.636991 0.560387 0.027967 0.126754
1 0.692311 0.563045 0.027304 0.125139
3 0.734143 0.567729 0.049748 0.135726
10 0.757068 0.623304 0.019148 0.029776
5 0.788677 0.568844 0.049614 0.135173
2 0.220687 0.700895 0.051404 0.140332
5 0.221371 0.697130 0.049966 0.138102
9 0.278603 0.700621 0.051977 0.131973
8 0.279587 0.707678 0.055316 0.136502
8 0.333819 0.705396 0.054859 0.140701
8 0.389434 0.713826 0.052929 0.135431
0 0.446914 0.714340 0.054020 0.133695
10 0.473098 0.771504 0.020123 0.032756
2 0.503011 0.719359 0.052971 0.138259
0 0.560422 0.722586 0.053375 0.135543
