3 0.202822 0.156580 0.048283 0.134756
8 0.256885 0.159352 0.054804 0.139456
7 0.316306 0.160660 0.051068 0.133349
3 0.369835 0.168924 0.051245 0.138128
7 0.429227 0.171010 0.041920 0.130441
1 0.438821 0.172696 0.024873 0.114656
2 0.480705 0.175713 0.052980 0.134808
10 0.504765 0.228767 0.018137 0.027451
3 0.537122 0.180414 0.050728 0.136102
6 0.589880 0.183730 0.053571 0.142004
9 0.648660 0.187488 0.051949 0.134701
1 0.715108 0.193646 0.032509 0.124038
0 0.302535 0.351171 0.051889 0.138292
10 0.327837 0.402643 0.019510 0.033582
0 0.359168 0.351512 0.053148 0.134294
0 0.416157 0.353105 0.054524 0.137263
2 0.740032 0.379272 0.049788 0.124124
4 0.796965 0.382192 0.051173 0.112177
5 0.852403 0.388601 0.050145 0.134485
2 0.238025 0.528824 0.054851 0.140723
6 0.294423 0.529519 0.053533 0.139167
10 0.315177 0.588454 0.021643 0.035855
1 0.366580 0.542487 0.025501 0.117370
1 0.637643 0.560670 0.024863 0.109879
1 0.689948 0.561695 0.027648 0.120351
3 0.732873 0.566819 0.050349 0.137877
10 0.756258 0.622061 0.019558 0.031455
9 0.789261 0.570781 0.051144 0.133706
5 0.220292 0.695993 0.049737 0.133022
9 0.278247 0.699835 0.050964 0.130526
8 0.332952 0.709786 0.053560 0.139606
8 0.388944 0.712669 0.053982 0.141068
0 0.446532 0.712443 0.055019 0.135564
10 0.472531 0.770462 0.020286 0.031757
2 0.503123 0.718760 0.051795 0.137094
0 0.559967 0.721972 0.052395 0.133865
