3 0.202544 0.157926 0.049366 0.134816
8 0.256625 0.160054 0.054749 0.138795
7 0.315617 0.158953 0.050898 0.132151
3 0.369853 0.168825 0.050861 0.135599
3 0.425812 0.168366 0.045684 0.121971
7 0.427095 0.168528 0.049449 0.129963
1 0.436784 0.170910 0.026033 0.109727
2 0.481524 0.175563 0.051550 0.131427
10 0.504720 0.229712 0.019282 0.029615
2 0.536025 0.178893 0.052561 0.138461
3 0.537135 0.180829 0.050380 0.134659
6 0.589474 0.183440 0.052584 0.139246
9 0.648366 0.188553 0.052213 0.134141
1 0.714861 0.194471 0.033732 0.124398
0 0.302439 0.350885 0.052887 0.140994
10 0.328724 0.401862 0.019930 0.037209
0 0.359094 0.351201 0.052935 0.135159
0 0.413443 0.355926 0.055964 0.135811
2 0.741009 0.383952 0.050833 0.131643
4 0.797547 0.383524 0.049027 0.109084
5 0.852172 0.389536 0.049708 0.133803
2 0.237986 0.529048 0.054921 0.141775
6 0.293568 0.531274 0.053728 0.138643
10 0.321597 0.586843 0.023727 0.036078
2 0.351511 0.533521 0.051283 0.132183
1 0.637162 0.560902 0.024860 0.111413
1 0.689697 0.562050 0.028360 0.120190
1 0.729411 0.566854 0.046891 0.128330
3 0.732971 0.568383 0.049411 0.132417
10 0.756687 0.618103 0.021184 0.031917
7 0.793849 0.562824 0.046287 0.129197
5 0.220778 0.696567 0.049175 0.132632
9 0.278356 0.700203 0.051433 0.131206
8 0.332878 0.710393 0.053038 0.138587
8 0.388829 0.713107 0.053712 0.140341
0 0.446842 0.713045 0.054962 0.134865
10 0.468970 0.771418 0.019024 0.029887
2 0.503306 0.718726 0.050931 0.136359
0 0.559847 0.722003 0.052189 0.132723
