3 0.202324 0.157720 0.049500 0.136117
8 0.256872 0.159258 0.054811 0.138778
7 0.316742 0.160604 0.049125 0.132421
5 0.368223 0.166616 0.051656 0.138008
0 0.423353 0.173360 0.054320 0.136372
4 0.481342 0.173834 0.055603 0.126213
7 0.539166 0.177961 0.050423 0.136511
2 0.591003 0.181720 0.052362 0.138799
9 0.648322 0.187410 0.050870 0.132096
5 0.703699 0.193982 0.051429 0.141017
5 0.248323 0.345364 0.050104 0.142229
7 0.307552 0.344631 0.045133 0.124820
10 0.327651 0.404335 0.019966 0.032010
5 0.359896 0.352453 0.049498 0.133457
9 0.417563 0.355278 0.051991 0.139075
2 0.740246 0.380184 0.050597 0.128475
10 0.765616 0.436855 0.019034 0.031464
4 0.797433 0.383750 0.050139 0.110683
5 0.852600 0.388954 0.049436 0.131741
2 0.238486 0.528391 0.057205 0.142059
7 0.301046 0.525718 0.045917 0.132385
10 0.319904 0.586678 0.017354 0.030131
4 0.353752 0.538127 0.052469 0.117023
1 0.637745 0.562367 0.025117 0.116770
1 0.691039 0.563126 0.026206 0.121606
1 0.731216 0.567588 0.051322 0.140491
2 0.731711 0.567445 0.048904 0.133226
10 0.758047 0.618620 0.018263 0.028345
8 0.789259 0.566963 0.052952 0.136676
5 0.220717 0.696100 0.050177 0.134351
9 0.279347 0.701175 0.053689 0.134603
4 0.334714 0.707327 0.052741 0.120045
0 0.390556 0.709188 0.052576 0.136919
8 0.446950 0.712954 0.054725 0.139594
10 0.472131 0.770119 0.019098 0.030245
9 0.503887 0.721263 0.051672 0.133944
2 0.558832 0.722884 0.052090 0.133395
