4 0.189979 0.150077 0.051780 0.119450
6 0.242424 0.153600 0.051614 0.133011
9 0.299524 0.161034 0.050806 0.132077
4 0.354528 0.160953 0.050535 0.118761
1 0.422925 0.169723 0.025516 0.117987
1 0.462180 0.173780 0.048825 0.135003
9 0.463646 0.173715 0.051316 0.137241
10 0.485684 0.224580 0.017195 0.027167
9 0.519413 0.177974 0.051821 0.133439
1 0.588572 0.180500 0.026084 0.115760
6 0.627827 0.185036 0.050486 0.134534
4 0.684718 0.190165 0.053302 0.121264
0 0.287260 0.343460 0.053142 0.132631
10 0.311388 0.401097 0.018913 0.030438
0 0.341047 0.349235 0.051757 0.137616
0 0.398116 0.353327 0.053730 0.135871
2 0.717245 0.382427 0.053698 0.139199
10 0.740344 0.434764 0.018023 0.030943
4 0.773591 0.381809 0.052063 0.118601
5 0.827264 0.390553 0.049742 0.132939
2 0.223200 0.522222 0.053863 0.139993
6 0.278657 0.522406 0.052637 0.132730
10 0.300290 0.576707 0.019906 0.030435
1 0.350240 0.530989 0.025540 0.122616
1 0.613742 0.552840 0.026560 0.120995
1 0.667981 0.561265 0.024991 0.120588
3 0.708525 0.565999 0.048434 0.131533
10 0.730926 0.614919 0.018843 0.030047
6 0.761694 0.566392 0.051225 0.135335
1 0.223181 0.686457 0.024291 0.113065
1 0.262047 0.690627 0.050411 0.133519
8 0.262338 0.692628 0.051552 0.134812
5 0.316398 0.693433 0.049191 0.131701
5 0.369584 0.698483 0.053616 0.137935
2 0.371121 0.697878 0.052312 0.136651
8 0.426763 0.707005 0.054151 0.137142
1 0.427172 0.709619 0.052389 0.142067
10 0.448613 0.763773 0.019514 0.031075
1 0.498422 0.711205 0.025894 0.125198
1 0.551954 0.711857 0.026380 0.128054
