3 0.199554 0.156293 0.049019 0.135294
8 0.254135 0.156280 0.052900 0.140179
7 0.314190 0.159005 0.050275 0.139658
3 0.366406 0.167120 0.050814 0.139311
6 0.419835 0.167076 0.052559 0.137956
4 0.478711 0.174095 0.052666 0.126964
10 0.499672 0.229149 0.019118 0.030569
5 0.533366 0.179350 0.051775 0.143334
1 0.604533 0.182010 0.027293 0.126051
8 0.643157 0.185960 0.053194 0.138888
8 0.700504 0.190511 0.056440 0.142457
6 0.244116 0.344899 0.051141 0.140678
1 0.318122 0.350874 0.024536 0.114805
3 0.358551 0.354072 0.052371 0.140065
5 0.412874 0.352834 0.050822 0.142878
2 0.737521 0.379645 0.050913 0.127258
4 0.794168 0.382501 0.051494 0.118472
5 0.849370 0.389127 0.050325 0.131577
2 0.235633 0.528538 0.054768 0.141790
6 0.291806 0.530450 0.054054 0.139439
10 0.315762 0.587057 0.021497 0.038059
5 0.348244 0.528946 0.051537 0.138646
3 0.350398 0.541036 0.050347 0.135472
1 0.634634 0.563292 0.024492 0.122731
1 0.687831 0.562473 0.025855 0.117774
2 0.729809 0.568292 0.051640 0.136574
10 0.756633 0.618846 0.018265 0.028928
6 0.784788 0.567954 0.051208 0.136575
5 0.217614 0.697471 0.050515 0.135580
9 0.276435 0.705258 0.052224 0.136830
7 0.335202 0.703651 0.047099 0.134611
5 0.387085 0.713559 0.050584 0.138287
2 0.443688 0.716594 0.054277 0.139830
10 0.466578 0.768471 0.020129 0.028200
4 0.501551 0.718717 0.054010 0.125545
3 0.558062 0.730279 0.051391 0.141934
