4 0.189048 0.147899 0.051013 0.114910
6 0.242407 0.152827 0.051403 0.134304
9 0.298834 0.160117 0.051334 0.133703
4 0.353777 0.161746 0.050770 0.118993
1 0.421889 0.167690 0.025184 0.117397
1 0.461364 0.172607 0.049427 0.137310
9 0.462426 0.173490 0.051193 0.138980
10 0.483484 0.226030 0.017774 0.027700
9 0.518219 0.175228 0.052573 0.136000
1 0.586797 0.180771 0.027365 0.122914
6 0.625850 0.185143 0.049435 0.133847
4 0.682491 0.187770 0.052485 0.120256
0 0.286186 0.344835 0.051104 0.133491
10 0.312343 0.400578 0.019039 0.030909
0 0.340317 0.349422 0.052039 0.139817
0 0.397150 0.354090 0.051243 0.132444
2 0.715311 0.380686 0.053944 0.139861
10 0.740164 0.430290 0.020190 0.030316
4 0.771624 0.382665 0.051368 0.119725
5 0.825746 0.388310 0.048088 0.131018
2 0.221961 0.520572 0.052286 0.138282
6 0.276607 0.522392 0.051744 0.134286
10 0.299361 0.577708 0.019551 0.031646
6 0.332347 0.529048 0.051257 0.136208
1 0.610714 0.551787 0.026286 0.123693
1 0.664536 0.560218 0.025334 0.119398
4 0.707967 0.563650 0.048137 0.110184
1 0.776281 0.571733 0.026473 0.130012
1 0.222920 0.687234 0.024218 0.113736
8 0.261114 0.693368 0.051734 0.137225
1 0.261229 0.691665 0.050427 0.136947
5 0.315596 0.694902 0.048814 0.132697
2 0.370385 0.698018 0.051721 0.137989
5 0.371894 0.699593 0.052784 0.148258
8 0.425995 0.701761 0.054190 0.135592
1 0.427020 0.711628 0.054785 0.141528
10 0.449069 0.763344 0.019379 0.031354
1 0.494033 0.714572 0.027032 0.124595
1 0.550320 0.711981 0.027069 0.128151
