3 0.201690 0.158435 0.050302 0.137835
8 0.256495 0.159881 0.055172 0.140489
7 0.315427 0.160150 0.050518 0.132301
3 0.370306 0.169300 0.051301 0.137575
7 0.431793 0.171505 0.038583 0.131280
1 0.437568 0.172188 0.025477 0.111998
2 0.480962 0.174883 0.052103 0.135742
10 0.504274 0.229823 0.018964 0.029464
5 0.535838 0.178163 0.050996 0.133837
2 0.536079 0.178844 0.052243 0.140678
3 0.536747 0.181574 0.051320 0.137226
6 0.589748 0.183938 0.053253 0.140716
9 0.648400 0.188248 0.051632 0.134054
1 0.715169 0.194311 0.032987 0.125737
0 0.302403 0.350786 0.053128 0.142532
10 0.327767 0.402815 0.020212 0.037997
0 0.359307 0.351605 0.053103 0.134427
0 0.416265 0.352025 0.054641 0.139963
2 0.740938 0.383688 0.050933 0.132687
4 0.796903 0.382312 0.050930 0.112167
5 0.852143 0.389072 0.049510 0.132851
2 0.237966 0.528742 0.054778 0.140516
6 0.293470 0.530974 0.053510 0.137829
10 0.320779 0.588223 0.023722 0.035683
2 0.351520 0.533471 0.052058 0.133478
1 0.637442 0.560895 0.025045 0.112115
1 0.690639 0.562331 0.027720 0.121406
3 0.732628 0.569305 0.050206 0.138747
10 0.757806 0.618771 0.017337 0.026821
8 0.787244 0.570116 0.051570 0.135069
5 0.220510 0.696337 0.049762 0.134838
9 0.278200 0.700290 0.051502 0.131888
8 0.333184 0.710458 0.053341 0.139008
8 0.388809 0.712945 0.053272 0.139244
0 0.446607 0.713108 0.055016 0.135811
10 0.468921 0.771747 0.019801 0.029856
2 0.502982 0.719016 0.051596 0.137087
0 0.559865 0.722178 0.052280 0.133949
