4 0.187614 0.152277 0.051822 0.121525
6 0.240552 0.156802 0.051898 0.132803
9 0.296381 0.161599 0.051852 0.130776
4 0.353085 0.163426 0.051911 0.119460
1 0.420204 0.172427 0.025624 0.119375
9 0.462076 0.174539 0.051034 0.135788
10 0.484130 0.226943 0.017896 0.027809
9 0.518176 0.177161 0.051862 0.133231
1 0.586170 0.184032 0.026370 0.120556
6 0.626502 0.186983 0.050146 0.133743
4 0.683289 0.191259 0.052633 0.120693
0 0.284561 0.344592 0.053381 0.135105
10 0.311306 0.402416 0.019535 0.030480
0 0.339764 0.350397 0.052536 0.139404
0 0.396884 0.355923 0.053223 0.135446
2 0.716044 0.383975 0.054568 0.142247
10 0.740757 0.434743 0.020724 0.028160
4 0.772677 0.384264 0.052045 0.119161
5 0.827832 0.390546 0.048005 0.131368
2 0.220557 0.521374 0.052598 0.136192
6 0.276040 0.523393 0.053400 0.134257
10 0.296943 0.584603 0.018146 0.029137
1 0.348110 0.532743 0.025282 0.117991
1 0.612311 0.556884 0.026132 0.124010
1 0.666736 0.562116 0.025488 0.125802
3 0.706993 0.564943 0.049303 0.134734
10 0.729806 0.615929 0.017026 0.028556
6 0.760385 0.568224 0.049990 0.132753
1 0.221202 0.690513 0.024668 0.114205
8 0.259173 0.693844 0.052377 0.136391
1 0.259365 0.691975 0.052683 0.138024
5 0.314567 0.698354 0.050545 0.135987
2 0.369141 0.699722 0.052585 0.139556
8 0.425105 0.707921 0.054996 0.140129
1 0.427046 0.714306 0.058676 0.142500
10 0.449431 0.766593 0.020427 0.033040
1 0.494664 0.716945 0.027998 0.130114
1 0.550568 0.718819 0.027286 0.131105
