3 0.202766 0.157639 0.050275 0.131002
8 0.256923 0.158742 0.055264 0.140295
7 0.317018 0.159044 0.049217 0.133250
3 0.369736 0.169057 0.051573 0.138204
7 0.427557 0.170966 0.047126 0.129776
1 0.437685 0.172382 0.025185 0.112304
2 0.481561 0.176258 0.052015 0.133894
10 0.503716 0.229534 0.018505 0.028428
2 0.535933 0.178883 0.052982 0.139671
3 0.537142 0.180566 0.050757 0.137108
6 0.589818 0.183573 0.052847 0.139925
9 0.648397 0.187572 0.051353 0.132593
0 0.302242 0.351033 0.052035 0.139120
10 0.328078 0.402427 0.020697 0.038780
0 0.359576 0.351673 0.052742 0.133570
0 0.416207 0.352415 0.054127 0.137437
2 0.740619 0.383893 0.051620 0.133465
4 0.797022 0.382951 0.051634 0.114706
5 0.852299 0.389176 0.049571 0.133040
1 0.637974 0.560621 0.024916 0.108169
1 0.689108 0.560744 0.029425 0.115969
4 0.734191 0.434758 0.052617 0.244350
4 0.734236 0.564899 0.050705 0.116929
10 0.755732 0.623463 0.020050 0.031052
1 0.803611 0.572145 0.025773 0.114932
2 0.238051 0.528839 0.055035 0.141085
6 0.293054 0.531876 0.051498 0.135185
10 0.319348 0.586332 0.018300 0.029042
3 0.352982 0.539293 0.050587 0.133600
5 0.353596 0.531343 0.049697 0.132678
5 0.220794 0.696369 0.049338 0.134491
9 0.278312 0.700166 0.051166 0.131005
8 0.333236 0.710123 0.053202 0.138402
8 0.388925 0.712820 0.053634 0.140079
0 0.446899 0.713500 0.054805 0.135195
10 0.469381 0.771562 0.019353 0.029068
2 0.503157 0.718708 0.052091 0.137134
0 0.559981 0.725897 0.055336 0.141654
