4 0.186946 0.146436 0.053668 0.121583
6 0.240680 0.149605 0.052321 0.135717
9 0.296599 0.156093 0.052405 0.130998
4 0.352473 0.158267 0.052296 0.119093
1 0.421676 0.165424 0.024938 0.117936
9 0.461322 0.167761 0.049923 0.133723
10 0.484146 0.222493 0.017127 0.026375
9 0.518021 0.173660 0.052104 0.131909
1 0.586994 0.178214 0.026067 0.117389
6 0.626416 0.183080 0.049571 0.136278
4 0.683983 0.185713 0.053790 0.123026
0 0.284911 0.342941 0.052138 0.137239
10 0.307487 0.393457 0.020045 0.031979
0 0.340035 0.346158 0.052702 0.137712
0 0.395711 0.350579 0.054381 0.143123
2 0.716036 0.379645 0.052422 0.138505
10 0.738645 0.432005 0.019444 0.031710
4 0.773396 0.378828 0.051196 0.121119
5 0.827411 0.387071 0.049179 0.133924
2 0.220106 0.517712 0.052865 0.143886
5 0.276332 0.520742 0.049370 0.132969
10 0.299339 0.576171 0.018320 0.032134
9 0.332832 0.528539 0.051537 0.134349
1 0.612365 0.554067 0.025441 0.121589
1 0.666518 0.559429 0.025052 0.123218
4 0.707562 0.557332 0.049276 0.118826
10 0.729697 0.617639 0.019356 0.030029
0 0.761950 0.566265 0.053058 0.135872
1 0.221793 0.687349 0.023627 0.116630
1 0.259363 0.690635 0.052248 0.137566
8 0.259606 0.691473 0.052060 0.132848
5 0.314224 0.694817 0.050014 0.136484
2 0.369569 0.696613 0.052582 0.135131
8 0.425425 0.699000 0.053843 0.135335
1 0.425764 0.709065 0.054611 0.141904
10 0.446444 0.763436 0.020086 0.031017
1 0.496040 0.711908 0.026468 0.127506
1 0.551171 0.711466 0.026346 0.127555
