3 0.203070 0.157579 0.049712 0.131554
8 0.256824 0.159907 0.055306 0.140877
7 0.316837 0.159734 0.049465 0.133591
3 0.370164 0.168729 0.051649 0.138484
1 0.439062 0.171405 0.024178 0.110942
2 0.481066 0.175317 0.050621 0.134426
10 0.505525 0.229012 0.018695 0.028706
5 0.536426 0.178475 0.051281 0.139378
3 0.536951 0.181405 0.050649 0.134915
6 0.589459 0.183656 0.052773 0.140516
9 0.648390 0.188524 0.051767 0.133773
0 0.302223 0.351421 0.052386 0.140531
10 0.328023 0.402357 0.019679 0.035530
0 0.359249 0.351455 0.053016 0.135012
0 0.416426 0.352364 0.054687 0.141303
2 0.740293 0.380292 0.050273 0.129634
4 0.796932 0.382246 0.051107 0.112314
5 0.852137 0.389033 0.049304 0.131498
2 0.237919 0.528594 0.055033 0.140989
6 0.294472 0.529268 0.053725 0.139972
1 0.366492 0.542892 0.025202 0.114553
1 0.637944 0.560606 0.024407 0.118049
1 0.690403 0.562343 0.027622 0.121242
3 0.733151 0.568675 0.049322 0.132376
10 0.755949 0.622210 0.019682 0.031293
9 0.789680 0.570681 0.050769 0.133642
5 0.220052 0.695921 0.050014 0.133727
9 0.278338 0.700297 0.051188 0.131502
8 0.333286 0.704593 0.054214 0.138832
8 0.388759 0.713312 0.053808 0.140771
10 0.445493 0.720854 0.052431 0.135644
0 0.446653 0.712712 0.055351 0.135882
10 0.468741 0.771314 0.018933 0.028451
2 0.503306 0.718431 0.051758 0.137505
0 0.559904 0.721744 0.052488 0.134121
