4 0.190462 0.148399 0.049959 0.124223
6 0.244771 0.156496 0.051349 0.134356
9 0.300632 0.159197 0.051938 0.133730
9 0.355199 0.158366 0.048158 0.124282
4 0.355422 0.162299 0.050412 0.123140
7 0.423097 0.169969 0.034045 0.117226
1 0.424099 0.175865 0.025303 0.111710
9 0.463858 0.175407 0.050068 0.133581
8 0.465914 0.176717 0.051665 0.145241
10 0.485744 0.229474 0.018731 0.028293
9 0.520324 0.178119 0.053251 0.141356
1 0.586037 0.179232 0.030233 0.125924
6 0.622294 0.188020 0.056537 0.146527
4 0.682219 0.189267 0.053349 0.128763
0 0.289541 0.346162 0.053825 0.142849
0 0.344556 0.347952 0.053701 0.134239
0 0.398425 0.356312 0.052537 0.133694
2 0.717538 0.382041 0.053611 0.136941
10 0.739583 0.434380 0.019227 0.035920
4 0.772561 0.384600 0.053047 0.123515
5 0.827404 0.389723 0.049245 0.135226
2 0.223238 0.523603 0.051756 0.145246
6 0.279511 0.523153 0.052875 0.139751
10 0.304060 0.578306 0.021159 0.036849
2 0.334435 0.524650 0.051307 0.134484
6 0.336432 0.527788 0.044868 0.126259
1 0.613332 0.552228 0.026668 0.127115
1 0.666558 0.558628 0.026035 0.125003
3 0.707528 0.567178 0.047478 0.129248
10 0.729362 0.616933 0.020620 0.032411
6 0.759287 0.569222 0.050172 0.134740
1 0.222800 0.686161 0.029342 0.118196
8 0.264007 0.694750 0.049136 0.131875
5 0.318263 0.697285 0.050265 0.137701
5 0.370370 0.703725 0.050075 0.137147
2 0.371702 0.699971 0.052681 0.140922
8 0.427909 0.704954 0.054826 0.137505
1 0.496706 0.708160 0.028588 0.129678
1 0.550795 0.710218 0.024858 0.118640
