4 0.190237 0.149086 0.051614 0.124594
6 0.242140 0.153098 0.052278 0.134274
9 0.299147 0.160882 0.050627 0.133438
4 0.354273 0.160852 0.051275 0.122066
1 0.421457 0.167569 0.025932 0.121777
9 0.462221 0.172287 0.050340 0.135147
10 0.484826 0.224298 0.017460 0.028057
9 0.518136 0.174606 0.053664 0.137634
1 0.586635 0.179647 0.028427 0.118702
6 0.593460 0.182979 0.040729 0.128314
6 0.625280 0.186033 0.049585 0.133986
4 0.682314 0.188747 0.052934 0.121840
0 0.285818 0.343249 0.053767 0.136583
10 0.312547 0.401411 0.020110 0.031862
0 0.340299 0.348993 0.051914 0.139414
0 0.397199 0.354198 0.053514 0.136738
2 0.715100 0.382112 0.054047 0.141739
10 0.738431 0.434069 0.018936 0.033303
4 0.771720 0.381953 0.051262 0.119493
5 0.825787 0.387885 0.048305 0.131334
2 0.222569 0.520247 0.052461 0.137945
7 0.282390 0.523219 0.045308 0.131570
0 0.287224 0.528499 0.057135 0.138506
10 0.304198 0.578630 0.018678 0.030988
0 0.333154 0.529899 0.052585 0.131071
1 0.612508 0.553113 0.026644 0.121964
1 0.665363 0.562825 0.025258 0.119036
4 0.708526 0.565161 0.049089 0.112903
10 0.730603 0.618125 0.021431 0.033475
1 0.776030 0.571466 0.026438 0.123810
1 0.223257 0.687882 0.024249 0.113006
8 0.261497 0.693815 0.051885 0.136839
1 0.261696 0.691648 0.051007 0.138459
5 0.315399 0.694881 0.048463 0.131497
5 0.368019 0.699438 0.056996 0.136923
2 0.370391 0.697988 0.052146 0.138410
8 0.425317 0.707208 0.054273 0.137864
1 0.426109 0.711807 0.053332 0.143865
10 0.450683 0.764701 0.019478 0.031648
1 0.496699 0.713522 0.026016 0.126138
1 0.550444 0.714218 0.026647 0.131077
