4 0.186509 0.148810 0.051256 0.120224
6 0.239310 0.153482 0.050547 0.136153
9 0.295471 0.158268 0.051313 0.131515
4 0.351872 0.159024 0.052037 0.122358
1 0.418854 0.170422 0.025099 0.117138
1 0.459259 0.172087 0.050353 0.138658
9 0.460183 0.173465 0.053441 0.139335
10 0.481219 0.223743 0.017665 0.027301
9 0.516254 0.177091 0.052749 0.133713
1 0.583464 0.180555 0.027456 0.121453
6 0.623944 0.183829 0.049430 0.132218
4 0.681634 0.189648 0.052313 0.117201
0 0.283633 0.344852 0.052128 0.135675
10 0.308941 0.399159 0.018501 0.027002
0 0.338780 0.347959 0.052363 0.139133
0 0.395395 0.352852 0.052852 0.134923
2 0.713779 0.381022 0.054267 0.142443
10 0.735569 0.433408 0.019339 0.032019
4 0.771088 0.380983 0.050906 0.117991
5 0.824915 0.389971 0.049559 0.134215
2 0.219782 0.519419 0.052468 0.134608
6 0.275820 0.522286 0.053596 0.134109
10 0.296284 0.579881 0.020598 0.031703
1 0.347109 0.528279 0.024881 0.118155
1 0.611071 0.554828 0.026423 0.123677
1 0.664115 0.561780 0.025530 0.127197
3 0.706746 0.566593 0.050906 0.140620
10 0.730355 0.616138 0.020032 0.036994
7 0.763950 0.567117 0.048721 0.131639
1 0.220823 0.687450 0.024125 0.111974
1 0.258503 0.692229 0.051687 0.137253
8 0.258849 0.693387 0.051850 0.133080
5 0.312952 0.695379 0.049457 0.134694
2 0.368123 0.698071 0.052672 0.135215
8 0.424337 0.700459 0.053424 0.134746
1 0.424596 0.711687 0.054753 0.143977
10 0.446492 0.763966 0.019911 0.030930
1 0.494230 0.714493 0.026537 0.129057
1 0.549275 0.713133 0.026696 0.129193
