4 0.190191 0.150162 0.051105 0.120627
6 0.242783 0.153605 0.051892 0.133723
9 0.299005 0.159078 0.052048 0.132177
4 0.354745 0.161707 0.051024 0.121884
1 0.422017 0.169659 0.026092 0.120089
9 0.463876 0.173635 0.050365 0.134226
10 0.485235 0.227484 0.019025 0.030098
9 0.519666 0.179306 0.052810 0.133668
1 0.588638 0.180394 0.027880 0.117056
6 0.627539 0.186448 0.051115 0.136792
10 0.653285 0.244757 0.018282 0.029952
4 0.684860 0.190833 0.052636 0.121648
0 0.287309 0.342937 0.053530 0.135738
10 0.312621 0.400798 0.019644 0.032539
0 0.341664 0.349491 0.051345 0.137363
0 0.397918 0.354546 0.053534 0.136655
2 0.717211 0.382901 0.053781 0.140550
10 0.740192 0.433513 0.018621 0.031768
4 0.773777 0.382089 0.051528 0.118180
5 0.828524 0.389253 0.048539 0.132478
2 0.222646 0.520053 0.053130 0.138512
6 0.278894 0.521991 0.053037 0.133057
10 0.300453 0.576873 0.019823 0.032718
1 0.350675 0.532274 0.025129 0.120589
1 0.613563 0.551774 0.026641 0.118782
1 0.667474 0.560017 0.025290 0.119249
4 0.709686 0.560282 0.049608 0.117337
10 0.732025 0.619878 0.021126 0.031355
1 0.778447 0.570137 0.027291 0.125847
1 0.222901 0.686769 0.024557 0.113474
8 0.262119 0.692479 0.050555 0.132883
1 0.262427 0.690059 0.050220 0.133658
5 0.316269 0.693405 0.049189 0.131608
5 0.370329 0.698233 0.052558 0.137940
2 0.371480 0.697616 0.051851 0.135208
8 0.427058 0.702342 0.054257 0.135005
1 0.427799 0.710422 0.053983 0.142526
10 0.448972 0.764331 0.019540 0.030536
1 0.498125 0.713020 0.026126 0.124491
1 0.552430 0.712314 0.026103 0.127752
