3 0.202765 0.157750 0.050121 0.130157
8 0.256630 0.159380 0.055053 0.140201
7 0.316658 0.160570 0.050963 0.131810
5 0.369889 0.168336 0.050201 0.138253
3 0.370353 0.167568 0.052890 0.135282
7 0.428024 0.170537 0.048071 0.129765
1 0.438231 0.172232 0.024432 0.113401
2 0.481136 0.175870 0.052129 0.134203
10 0.504541 0.229248 0.019673 0.030520
2 0.536511 0.178838 0.052057 0.139420
3 0.537340 0.181195 0.051024 0.137453
6 0.590278 0.183268 0.053589 0.136655
9 0.648759 0.187442 0.051318 0.131167
1 0.710781 0.186736 0.032647 0.119789
0 0.302409 0.349150 0.053306 0.141678
10 0.328404 0.402155 0.019508 0.035656
0 0.359353 0.351885 0.052744 0.134818
0 0.416149 0.352695 0.054297 0.137649
2 0.740673 0.383979 0.051750 0.134068
4 0.797413 0.383140 0.051110 0.113641
5 0.852362 0.389190 0.049653 0.132930
2 0.238381 0.528837 0.055090 0.141134
6 0.294704 0.529330 0.053517 0.139801
10 0.316043 0.588534 0.021442 0.034737
1 0.367083 0.541635 0.023777 0.111697
1 0.638033 0.561141 0.024499 0.117381
1 0.690217 0.561896 0.027328 0.117522
4 0.734483 0.567643 0.048768 0.114303
10 0.757597 0.622118 0.019993 0.030377
0 0.789624 0.568582 0.052594 0.134787
5 0.220556 0.695763 0.050001 0.132584
9 0.278542 0.700055 0.051131 0.130675
8 0.333535 0.704526 0.053993 0.137743
8 0.388974 0.712556 0.053644 0.139784
0 0.446910 0.712600 0.055042 0.135424
10 0.468640 0.771140 0.018711 0.028509
2 0.503183 0.718813 0.051582 0.137383
0 0.560035 0.724992 0.054798 0.141881
