4 0.187941 0.149522 0.049579 0.115788
6 0.240428 0.155091 0.050687 0.134262
9 0.296031 0.160815 0.050319 0.128519
4 0.352233 0.163600 0.051801 0.123137
1 0.419286 0.170425 0.027190 0.119245
9 0.461645 0.177571 0.053222 0.142885
10 0.481735 0.227757 0.017957 0.027700
9 0.516422 0.178949 0.052804 0.144733
1 0.582937 0.182188 0.027603 0.124381
6 0.622995 0.189282 0.049505 0.135006
10 0.645242 0.246357 0.016879 0.026112
4 0.678006 0.190997 0.052034 0.125186
0 0.284740 0.345407 0.053663 0.135459
10 0.309687 0.395268 0.019173 0.032142
0 0.339865 0.351854 0.051277 0.134517
0 0.395866 0.351442 0.053438 0.133506
2 0.712104 0.381165 0.052930 0.129822
10 0.737028 0.436857 0.019143 0.034111
4 0.769215 0.384955 0.050209 0.117965
5 0.822814 0.389573 0.048977 0.130305
3 0.221748 0.522179 0.050452 0.133520
0 0.276115 0.524509 0.053558 0.134281
10 0.299187 0.577851 0.017869 0.029191
0 0.331765 0.526968 0.052742 0.134732
1 0.610291 0.554700 0.026162 0.114054
1 0.663144 0.558767 0.025549 0.111472
4 0.704886 0.562075 0.052015 0.115753
10 0.727856 0.611744 0.017224 0.031981
1 0.771925 0.570687 0.026460 0.114823
1 0.221351 0.688165 0.024709 0.111669
8 0.259716 0.690499 0.050338 0.131536
1 0.259996 0.690625 0.050341 0.132144
5 0.312728 0.695306 0.049822 0.132905
2 0.367986 0.698486 0.053052 0.136517
8 0.424232 0.701710 0.054972 0.138857
1 0.424442 0.710932 0.056687 0.142689
10 0.449582 0.761491 0.019230 0.032382
1 0.493624 0.708915 0.026707 0.118447
1 0.547531 0.710523 0.024615 0.111749
