4 0.185353 0.150138 0.049034 0.114829
6 0.238971 0.155596 0.050733 0.135229
9 0.295305 0.159785 0.051165 0.131318
4 0.352007 0.161970 0.052121 0.119468
1 0.419831 0.172786 0.025327 0.117448
9 0.461427 0.174431 0.050194 0.135110
10 0.482769 0.227631 0.018432 0.028126
9 0.516793 0.180420 0.053630 0.135781
1 0.585460 0.183773 0.026518 0.124778
6 0.625333 0.187900 0.050081 0.136217
4 0.682700 0.190986 0.053215 0.120619
0 0.284133 0.347302 0.051540 0.135986
10 0.309894 0.403396 0.019825 0.031110
0 0.339310 0.352757 0.052083 0.136980
0 0.395632 0.356896 0.053464 0.138460
2 0.715987 0.383455 0.053590 0.141260
10 0.738429 0.435924 0.019170 0.033525
4 0.772756 0.386906 0.050802 0.118172
5 0.827101 0.393241 0.049536 0.132334
6 0.219438 0.526542 0.051297 0.139181
2 0.219564 0.523677 0.052943 0.137489
5 0.275670 0.530090 0.047846 0.130944
10 0.298428 0.580890 0.018822 0.030180
6 0.329830 0.528798 0.050315 0.132315
1 0.611392 0.560039 0.026918 0.124806
1 0.666002 0.564424 0.025163 0.126389
2 0.706592 0.564728 0.052230 0.136631
10 0.731684 0.620074 0.019719 0.030773
5 0.760120 0.567859 0.048059 0.133699
1 0.220380 0.694432 0.024754 0.115010
1 0.257943 0.694250 0.052741 0.137028
8 0.258316 0.696431 0.051577 0.134845
5 0.312752 0.699006 0.050223 0.136337
2 0.368191 0.704297 0.053015 0.141601
8 0.424302 0.711432 0.054999 0.140253
1 0.425819 0.716924 0.056923 0.143792
10 0.447517 0.768187 0.019926 0.031796
1 0.494153 0.721778 0.026925 0.126501
1 0.549789 0.723292 0.027467 0.134849
