4 0.186248 0.146463 0.052690 0.120445
6 0.239349 0.151646 0.052799 0.137099
9 0.295551 0.157252 0.051730 0.131076
4 0.351637 0.157437 0.052623 0.123236
1 0.419506 0.167504 0.025420 0.119868
1 0.459918 0.171176 0.050376 0.137134
9 0.461133 0.171654 0.052467 0.139495
10 0.483258 0.223747 0.017259 0.026444
9 0.517651 0.173831 0.052011 0.136809
1 0.588016 0.180278 0.026987 0.119073
6 0.625897 0.183126 0.048785 0.137444
4 0.683014 0.186452 0.054325 0.126804
0 0.283292 0.345445 0.051308 0.134636
10 0.307196 0.394431 0.020215 0.032812
0 0.338740 0.348503 0.052245 0.137863
0 0.395157 0.353661 0.052801 0.138013
2 0.715159 0.380943 0.054459 0.142406
10 0.736818 0.432863 0.019290 0.031270
4 0.772905 0.380957 0.051027 0.118765
5 0.826781 0.387835 0.047494 0.129922
2 0.219671 0.519329 0.052599 0.134133
5 0.275976 0.522299 0.051578 0.133395
10 0.299426 0.576314 0.018737 0.032161
4 0.332444 0.528212 0.050971 0.110486
1 0.611845 0.552313 0.026228 0.121220
1 0.665620 0.562843 0.025087 0.125809
2 0.708018 0.558103 0.051337 0.131998
10 0.732216 0.613683 0.019816 0.035341
7 0.766410 0.565272 0.047839 0.129370
1 0.220432 0.688020 0.024213 0.120248
1 0.258048 0.691780 0.053283 0.140183
8 0.258363 0.693100 0.052431 0.138557
5 0.313628 0.696390 0.050082 0.137399
2 0.368475 0.697941 0.053325 0.136364
8 0.424919 0.700954 0.054359 0.136628
1 0.425239 0.712115 0.056368 0.144729
10 0.445688 0.759254 0.020049 0.032129
1 0.494561 0.707433 0.027956 0.128517
1 0.550000 0.716719 0.026857 0.131036
