3 0.198634 0.156827 0.049728 0.135882
8 0.253616 0.155716 0.052544 0.137185
7 0.313365 0.159271 0.051052 0.137079
4 0.366722 0.164811 0.051517 0.122540
4 0.420883 0.168136 0.051988 0.119752
8 0.476076 0.174980 0.056856 0.143248
10 0.502595 0.225971 0.017138 0.025642
2 0.532738 0.178900 0.053798 0.135940
2 0.577521 0.179270 0.074135 0.137240
3 0.589537 0.180689 0.050824 0.134979
9 0.645574 0.186434 0.053693 0.138053
7 0.706893 0.185569 0.037390 0.126860
1 0.714389 0.193627 0.028527 0.120722
9 0.245016 0.348128 0.051177 0.131400
3 0.301622 0.350178 0.050685 0.130962
10 0.320993 0.402553 0.021143 0.030414
2 0.356766 0.352483 0.053737 0.139168
9 0.414969 0.354948 0.054570 0.143745
2 0.736838 0.379374 0.051612 0.128691
10 0.761070 0.435027 0.019643 0.029972
4 0.793950 0.381766 0.051569 0.117967
5 0.849246 0.389227 0.050803 0.131352
2 0.236262 0.527627 0.056967 0.144397
7 0.297164 0.525390 0.045274 0.128898
10 0.316411 0.586357 0.016192 0.028722
0 0.348698 0.539763 0.053686 0.132491
1 0.634590 0.564335 0.024522 0.122441
1 0.687624 0.562759 0.026364 0.120678
2 0.729940 0.568011 0.051424 0.134736
10 0.754967 0.618779 0.019312 0.030414
9 0.787296 0.569369 0.053461 0.139415
5 0.217411 0.697458 0.050352 0.135071
9 0.275969 0.701689 0.054163 0.138544
5 0.331690 0.710944 0.050187 0.140230
4 0.389033 0.708697 0.051899 0.124478
7 0.447003 0.714886 0.046026 0.129508
10 0.467005 0.776128 0.020635 0.031813
3 0.500428 0.725665 0.050523 0.134273
2 0.555838 0.722119 0.052037 0.135176
8 0.834897 0.707090 0.031084 0.081876
