3 0.202451 0.151384 0.045908 0.128110
8 0.256315 0.161909 0.051718 0.137788
7 0.318001 0.160299 0.047676 0.131147
3 0.370148 0.170806 0.052276 0.139377
9 0.371966 0.164640 0.051777 0.147111
1 0.436060 0.177889 0.026712 0.107394
2 0.480892 0.181359 0.051159 0.135195
9 0.537473 0.177453 0.054431 0.162876
3 0.537497 0.179181 0.050673 0.137462
8 0.590449 0.178451 0.058647 0.158048
6 0.590828 0.181755 0.050593 0.137981
9 0.649153 0.189985 0.050317 0.133784
8 0.650874 0.172488 0.059889 0.148260
1 0.721956 0.182535 0.028541 0.117934
0 0.303269 0.350657 0.052144 0.135358
10 0.328392 0.402410 0.018513 0.029612
0 0.360115 0.353766 0.053180 0.134148
0 0.416720 0.356231 0.054081 0.138194
2 0.740035 0.382987 0.052599 0.134348
4 0.798954 0.385007 0.051865 0.116189
5 0.853679 0.392205 0.051250 0.138065
2 0.238260 0.529933 0.055401 0.142891
9 0.296287 0.532247 0.053154 0.135852
10 0.318832 0.588138 0.018852 0.031179
9 0.353670 0.534598 0.051480 0.131525
1 0.636604 0.562757 0.029042 0.124949
1 0.691089 0.563621 0.029506 0.123454
4 0.735593 0.567833 0.047963 0.109831
10 0.756193 0.618219 0.021539 0.032417
0 0.790315 0.569378 0.054871 0.137584
5 0.221849 0.696674 0.050091 0.135881
6 0.221960 0.702468 0.048718 0.131197
9 0.278809 0.700326 0.052298 0.134669
8 0.334189 0.705154 0.055276 0.139741
8 0.390671 0.707608 0.053306 0.136394
0 0.447147 0.713297 0.054914 0.134523
10 0.476056 0.772379 0.019508 0.031094
2 0.503836 0.718765 0.052304 0.134508
0 0.560036 0.722423 0.052153 0.130499
