4 0.190321 0.152396 0.050164 0.116171
6 0.243807 0.156721 0.050118 0.136703
9 0.299480 0.158254 0.052251 0.133315
5 0.301804 0.159745 0.050537 0.133716
9 0.355749 0.160719 0.048521 0.130737
4 0.355951 0.162021 0.051916 0.123039
1 0.423490 0.169427 0.030615 0.121757
9 0.463398 0.173775 0.049428 0.133681
8 0.465347 0.174317 0.053182 0.148491
10 0.486527 0.227436 0.019256 0.029181
9 0.519706 0.175796 0.053789 0.141131
8 0.521149 0.180061 0.054623 0.152077
1 0.587302 0.180281 0.031808 0.125256
6 0.622019 0.187301 0.056437 0.145424
4 0.682328 0.186350 0.051547 0.120283
0 0.288285 0.346334 0.054392 0.137737
0 0.344455 0.347450 0.053589 0.135311
0 0.399288 0.352079 0.053046 0.136610
2 0.716189 0.382528 0.052558 0.128125
10 0.739860 0.433826 0.019142 0.035982
4 0.772672 0.386331 0.050982 0.113618
5 0.826276 0.389528 0.046525 0.126796
2 0.224231 0.521092 0.050423 0.138281
6 0.224657 0.521189 0.048040 0.131345
6 0.279334 0.522992 0.053517 0.135760
10 0.305702 0.578371 0.020887 0.034716
2 0.334296 0.524523 0.050269 0.132988
1 0.614599 0.554853 0.025063 0.114997
1 0.665388 0.564669 0.025604 0.117571
3 0.707010 0.562430 0.048636 0.133528
10 0.729602 0.617114 0.016781 0.028966
6 0.759558 0.565240 0.050145 0.134263
1 0.225040 0.685845 0.027085 0.113632
8 0.264294 0.693267 0.051247 0.138430
5 0.318753 0.695826 0.049626 0.136138
5 0.363322 0.700593 0.071097 0.139992
2 0.372144 0.699876 0.052651 0.141501
8 0.427528 0.704744 0.054368 0.137740
1 0.496935 0.709910 0.028466 0.132481
1 0.552112 0.717932 0.024749 0.117870
