4 0.185832 0.147061 0.053971 0.120900
6 0.239133 0.152832 0.052212 0.135663
9 0.295664 0.158135 0.051934 0.131627
4 0.352400 0.158162 0.052499 0.122431
1 0.418999 0.167384 0.025649 0.119005
1 0.460029 0.170777 0.050154 0.136527
9 0.460177 0.170624 0.048474 0.128682
10 0.482349 0.229466 0.017995 0.029233
9 0.517480 0.173579 0.052297 0.138114
1 0.585719 0.180440 0.026208 0.118094
6 0.625450 0.183306 0.049094 0.134853
4 0.683179 0.188727 0.053816 0.117264
0 0.283937 0.343559 0.052457 0.137571
10 0.307250 0.394824 0.020344 0.032542
0 0.338845 0.346926 0.052342 0.138797
0 0.395082 0.353404 0.053666 0.141599
2 0.715157 0.380958 0.054460 0.142141
10 0.736673 0.434242 0.019479 0.030924
4 0.772910 0.380408 0.051425 0.119762
5 0.826194 0.389198 0.049256 0.133795
2 0.219702 0.519574 0.052448 0.134012
5 0.275847 0.522036 0.050919 0.137183
10 0.297885 0.577838 0.018305 0.030269
5 0.331040 0.528597 0.047545 0.132817
1 0.612243 0.553552 0.026382 0.123712
1 0.665931 0.561542 0.025221 0.126391
2 0.706970 0.559656 0.050384 0.132927
10 0.727393 0.614587 0.017470 0.024775
5 0.760296 0.563546 0.048108 0.132467
1 0.220516 0.688180 0.023790 0.118106
1 0.257938 0.692045 0.052975 0.138527
8 0.258709 0.693018 0.052079 0.133050
5 0.313477 0.696405 0.049975 0.136706
2 0.368128 0.698253 0.052735 0.139037
8 0.424174 0.706425 0.054356 0.139393
1 0.425014 0.711927 0.054931 0.142679
10 0.446647 0.764039 0.020379 0.031023
1 0.494563 0.714346 0.026858 0.130842
1 0.550778 0.713620 0.027439 0.132866
