4 0.185951 0.146904 0.052561 0.119125
6 0.239528 0.152744 0.052194 0.134982
9 0.295776 0.158064 0.051516 0.131061
4 0.352322 0.157262 0.052350 0.121173
1 0.420350 0.166769 0.025296 0.118560
1 0.460165 0.170828 0.050255 0.137251
9 0.460619 0.169765 0.049840 0.133288
10 0.483206 0.223529 0.017314 0.026007
9 0.517521 0.173735 0.052400 0.138146
1 0.586320 0.179243 0.026537 0.119243
6 0.625522 0.183681 0.049026 0.135596
4 0.683544 0.188871 0.054323 0.118945
0 0.283914 0.344143 0.052446 0.138096
10 0.307557 0.394502 0.020142 0.032384
0 0.338803 0.347241 0.052464 0.139071
0 0.395007 0.353207 0.053718 0.140505
2 0.715353 0.380783 0.054436 0.141582
10 0.736051 0.434018 0.019234 0.030729
4 0.772642 0.380637 0.051675 0.120958
5 0.827326 0.388052 0.048099 0.131314
2 0.219515 0.519870 0.052986 0.134599
5 0.275530 0.522016 0.050575 0.134863
10 0.298089 0.582300 0.018415 0.029014
6 0.329844 0.528802 0.050430 0.134597
1 0.611703 0.553237 0.026127 0.121628
1 0.665807 0.560777 0.025122 0.125414
2 0.707059 0.559728 0.050443 0.132949
10 0.707382 0.559681 0.050055 0.137392
10 0.728125 0.614412 0.017500 0.025291
5 0.760333 0.563661 0.048257 0.132726
1 0.220945 0.688536 0.023755 0.117297
1 0.258013 0.691743 0.052277 0.137947
8 0.258586 0.693105 0.051814 0.132072
5 0.313467 0.696414 0.050211 0.136626
2 0.368382 0.697868 0.052239 0.138020
8 0.424822 0.701145 0.053589 0.134720
1 0.425144 0.712125 0.054627 0.143129
10 0.446399 0.765088 0.020067 0.031535
1 0.494172 0.713789 0.026397 0.126880
1 0.550570 0.715315 0.027213 0.131650
