4 0.189832 0.149738 0.050917 0.119223
6 0.242357 0.154215 0.051865 0.133186
9 0.299441 0.161166 0.051142 0.132948
4 0.354845 0.162134 0.051392 0.121229
1 0.422830 0.169754 0.025526 0.117765
1 0.462147 0.173897 0.048569 0.133986
9 0.463598 0.173455 0.050427 0.134821
10 0.485994 0.224828 0.017343 0.027841
9 0.520043 0.174743 0.053066 0.135263
1 0.587864 0.179802 0.026546 0.117468
6 0.627550 0.185255 0.050597 0.135749
4 0.684690 0.191085 0.052169 0.116830
0 0.286696 0.342930 0.053189 0.134332
10 0.312591 0.402126 0.019650 0.031593
0 0.341154 0.348323 0.051843 0.139216
0 0.398183 0.353805 0.052951 0.135964
2 0.716780 0.382230 0.054237 0.141124
10 0.739721 0.435105 0.018782 0.030932
4 0.773494 0.381968 0.051399 0.117860
5 0.828152 0.389045 0.047701 0.130438
2 0.222907 0.521619 0.053694 0.139731
6 0.277875 0.521766 0.052283 0.133818
10 0.300851 0.577604 0.021098 0.032592
0 0.335238 0.524821 0.053343 0.135183
1 0.613926 0.555967 0.025576 0.122849
1 0.668336 0.560286 0.025321 0.124489
3 0.707942 0.564571 0.048142 0.129615
10 0.730562 0.614624 0.018515 0.029161
8 0.762790 0.567058 0.052904 0.136047
1 0.223609 0.686325 0.024096 0.112816
8 0.261927 0.692612 0.051641 0.133946
1 0.262011 0.690672 0.050376 0.134611
5 0.316242 0.693188 0.049004 0.130290
5 0.370230 0.698570 0.052896 0.137710
2 0.371663 0.697356 0.052162 0.135712
8 0.427033 0.701415 0.054309 0.134701
10 0.449452 0.763641 0.019859 0.030782
1 0.498981 0.710087 0.025528 0.123358
1 0.552163 0.711837 0.026441 0.128041
