3 0.202701 0.158012 0.050404 0.131692
8 0.256651 0.159695 0.054349 0.137520
7 0.316512 0.160188 0.050644 0.130218
3 0.369983 0.166953 0.052838 0.135418
5 0.370082 0.167898 0.050450 0.138011
7 0.427632 0.170239 0.047124 0.130864
1 0.437162 0.171259 0.025510 0.112267
2 0.480636 0.176070 0.053629 0.135348
10 0.504347 0.229129 0.018210 0.027472
3 0.537154 0.180847 0.051151 0.136894
6 0.589877 0.183585 0.053259 0.140361
9 0.648150 0.188430 0.051456 0.132707
7 0.709157 0.187996 0.036950 0.125169
1 0.712553 0.193468 0.036849 0.128925
0 0.302680 0.350128 0.052900 0.140940
10 0.327541 0.402981 0.019159 0.031876
0 0.359409 0.352050 0.052755 0.133435
0 0.416013 0.352650 0.053921 0.136664
2 0.740569 0.384026 0.051604 0.133515
4 0.797667 0.383450 0.050256 0.110145
5 0.852097 0.388937 0.049256 0.132208
2 0.238149 0.528611 0.054819 0.140431
6 0.294234 0.530005 0.053857 0.139157
10 0.319178 0.588737 0.019913 0.027960
5 0.351634 0.529256 0.052590 0.139684
3 0.353252 0.538942 0.050183 0.132013
1 0.636481 0.561965 0.025463 0.112275
1 0.690251 0.563128 0.027359 0.122099
3 0.733122 0.568982 0.049331 0.134101
1 0.733858 0.568227 0.047743 0.139378
10 0.757759 0.619109 0.017076 0.026324
6 0.787283 0.567606 0.051568 0.136151
5 0.220673 0.696356 0.049113 0.133068
9 0.278352 0.700109 0.051197 0.130944
8 0.333207 0.710232 0.053083 0.138636
8 0.388856 0.712613 0.053571 0.139616
0 0.446681 0.712949 0.055023 0.135680
10 0.469513 0.771110 0.018951 0.028791
2 0.503208 0.718600 0.052022 0.137456
0 0.560099 0.722115 0.052595 0.134402
