4 0.185626 0.148931 0.050392 0.116495
6 0.239614 0.152826 0.052081 0.133369
9 0.295243 0.157767 0.051228 0.131018
4 0.351694 0.159321 0.052434 0.121483
1 0.419030 0.170185 0.025145 0.116928
9 0.460384 0.173918 0.052875 0.138212
10 0.482417 0.224283 0.017633 0.027394
9 0.516580 0.174237 0.052030 0.136173
1 0.584901 0.179972 0.027872 0.120151
6 0.623832 0.185221 0.050278 0.134732
4 0.681443 0.187367 0.052442 0.122359
0 0.283598 0.345653 0.052382 0.136467
10 0.307283 0.394859 0.020506 0.032658
0 0.338791 0.349002 0.052466 0.139531
0 0.395698 0.354487 0.052660 0.136080
2 0.713761 0.381502 0.054289 0.142249
10 0.736396 0.435336 0.018888 0.031315
4 0.771324 0.381289 0.050662 0.117575
5 0.825064 0.387876 0.048096 0.130355
2 0.220143 0.519475 0.051755 0.133933
6 0.274865 0.521512 0.052540 0.133183
10 0.296263 0.577834 0.019032 0.030473
5 0.331042 0.528650 0.047149 0.131443
1 0.610791 0.554246 0.025783 0.118934
1 0.663441 0.563082 0.025286 0.120865
4 0.706090 0.563960 0.049251 0.115303
10 0.727148 0.618667 0.019280 0.030801
2 0.759696 0.568637 0.051741 0.131846
1 0.220444 0.688050 0.023830 0.119204
1 0.257952 0.692032 0.052281 0.138592
8 0.258353 0.693473 0.051753 0.132092
5 0.312938 0.696117 0.049733 0.136301
2 0.368110 0.698421 0.052622 0.135400
8 0.424186 0.700617 0.053377 0.134321
1 0.424685 0.712266 0.054429 0.143476
10 0.446875 0.765063 0.020052 0.031463
1 0.492976 0.713318 0.026591 0.127850
1 0.548890 0.714925 0.026824 0.128485
