4 0.189854 0.149826 0.050441 0.117154
6 0.242769 0.154127 0.051742 0.133481
9 0.299559 0.161681 0.051055 0.132918
4 0.354686 0.162582 0.050923 0.120301
1 0.422588 0.170028 0.026270 0.120402
1 0.462202 0.173811 0.049137 0.136003
9 0.463877 0.173632 0.051138 0.136291
10 0.485989 0.224929 0.017266 0.027411
9 0.519992 0.174963 0.053270 0.136132
1 0.588266 0.181395 0.025904 0.119680
6 0.627866 0.185835 0.050761 0.135287
4 0.684637 0.189305 0.052343 0.120235
0 0.287081 0.343598 0.053413 0.134079
10 0.312422 0.401023 0.019513 0.031437
0 0.341657 0.348309 0.051579 0.138403
0 0.398156 0.354347 0.052675 0.136151
2 0.717257 0.382645 0.053675 0.140386
10 0.741046 0.434484 0.018404 0.031382
4 0.773491 0.381973 0.051748 0.118307
5 0.828359 0.389286 0.048522 0.131804
2 0.222018 0.520111 0.051880 0.136083
6 0.277681 0.522273 0.052323 0.134489
10 0.301055 0.577920 0.020682 0.032410
0 0.335029 0.525181 0.053418 0.136419
1 0.614079 0.555621 0.025420 0.120628
1 0.667512 0.561271 0.025155 0.122443
4 0.709939 0.559369 0.049758 0.117332
10 0.732232 0.619375 0.018648 0.028692
1 0.778235 0.569286 0.027186 0.124742
1 0.223256 0.686673 0.024379 0.112567
8 0.262011 0.692911 0.051575 0.133894
1 0.262047 0.690978 0.050543 0.134721
5 0.316415 0.693768 0.049053 0.130851
5 0.368178 0.698921 0.059068 0.136831
2 0.371449 0.697321 0.051944 0.138210
1 0.427361 0.710310 0.052322 0.141586
8 0.427418 0.701469 0.054398 0.134775
10 0.449255 0.763739 0.019907 0.031051
1 0.497929 0.712514 0.025875 0.122697
1 0.552156 0.713788 0.026658 0.133429
