3 0.202208 0.157220 0.049413 0.135260
8 0.256552 0.159473 0.054889 0.138954
7 0.316478 0.161002 0.050138 0.134837
3 0.370152 0.169350 0.051774 0.139468
1 0.438883 0.172330 0.024863 0.115674
2 0.480748 0.175625 0.053163 0.135973
10 0.504018 0.228812 0.018321 0.027529
3 0.537131 0.181267 0.051191 0.137117
6 0.589781 0.183906 0.053153 0.141102
9 0.648251 0.187877 0.051116 0.132494
1 0.714561 0.194277 0.033932 0.123556
0 0.302439 0.351215 0.052988 0.142476
10 0.322654 0.401967 0.020301 0.026700
0 0.359262 0.351420 0.053170 0.134631
0 0.416187 0.352625 0.054535 0.137373
2 0.740343 0.379750 0.050146 0.126271
4 0.797223 0.382639 0.051574 0.114768
5 0.852269 0.388581 0.049303 0.132582
2 0.237838 0.528622 0.055316 0.141745
6 0.294563 0.529530 0.053669 0.139474
10 0.315185 0.588927 0.021404 0.034764
1 0.366641 0.541936 0.025722 0.115985
1 0.637435 0.560600 0.025123 0.112638
1 0.690437 0.562543 0.027185 0.121698
3 0.732727 0.566496 0.050226 0.138402
10 0.758075 0.623010 0.020100 0.032217
8 0.787639 0.569033 0.050480 0.132432
9 0.788913 0.570764 0.049967 0.128134
5 0.220220 0.696297 0.049311 0.133676
9 0.278251 0.700015 0.051049 0.130957
8 0.333068 0.709911 0.053361 0.139196
8 0.389014 0.712194 0.053729 0.140380
0 0.446490 0.712649 0.054937 0.134955
10 0.468642 0.770330 0.019184 0.029134
2 0.503018 0.718550 0.052084 0.137173
0 0.559874 0.721840 0.052670 0.134421
