4 0.187517 0.144216 0.055453 0.125139
6 0.240517 0.151771 0.051138 0.133036
9 0.296704 0.155846 0.051914 0.132229
10 0.320277 0.209527 0.017570 0.027224
4 0.353284 0.157358 0.052850 0.125316
1 0.420959 0.165605 0.025846 0.120534
9 0.461785 0.168594 0.049052 0.129688
10 0.482842 0.221904 0.016691 0.026087
9 0.518055 0.172735 0.054173 0.137576
1 0.587026 0.177772 0.027475 0.118815
6 0.626476 0.182820 0.048988 0.135616
10 0.651460 0.238845 0.018626 0.029167
4 0.683957 0.185846 0.055475 0.123634
0 0.284353 0.342861 0.051340 0.134899
10 0.308927 0.398939 0.017538 0.026570
0 0.339493 0.346266 0.052114 0.139668
0 0.395544 0.350121 0.052242 0.139642
2 0.715471 0.381378 0.053105 0.135105
10 0.739373 0.430755 0.019314 0.032225
4 0.772764 0.379111 0.051699 0.119628
5 0.827328 0.388064 0.050193 0.137514
2 0.220901 0.516752 0.051616 0.138240
6 0.221564 0.516244 0.052912 0.139847
6 0.275487 0.520358 0.053431 0.134334
10 0.299231 0.575508 0.019470 0.032621
2 0.331526 0.522159 0.050559 0.134305
1 0.612467 0.550933 0.025973 0.119140
1 0.665919 0.553217 0.027563 0.120449
4 0.708608 0.557730 0.051746 0.122210
1 0.776898 0.568810 0.027071 0.127235
1 0.221404 0.687735 0.023944 0.117846
1 0.259539 0.690844 0.052371 0.140187
8 0.259936 0.691874 0.052399 0.135398
5 0.314376 0.693871 0.049783 0.136024
2 0.369122 0.696843 0.052520 0.135425
8 0.425414 0.698654 0.053952 0.135901
1 0.425764 0.709511 0.055050 0.143306
10 0.450428 0.765141 0.020669 0.033665
1 0.494930 0.711558 0.026090 0.125739
1 0.551168 0.710246 0.027200 0.132565
