3 0.202802 0.157948 0.050041 0.130567
8 0.256645 0.159240 0.054839 0.138066
7 0.316113 0.161008 0.051332 0.129766
3 0.370280 0.169331 0.051258 0.137595
7 0.428461 0.170143 0.046091 0.130203
1 0.437333 0.172667 0.025603 0.112693
2 0.481083 0.176362 0.051799 0.134208
10 0.504900 0.229254 0.018594 0.028537
3 0.537216 0.181232 0.050825 0.135383
6 0.590371 0.183793 0.053000 0.134816
9 0.648495 0.187856 0.052360 0.135752
7 0.708789 0.187969 0.037463 0.125712
1 0.709271 0.189599 0.033613 0.125267
0 0.302373 0.350503 0.053241 0.142050
10 0.322490 0.401885 0.020172 0.026194
0 0.359321 0.352064 0.052930 0.133866
0 0.416092 0.352857 0.054580 0.137568
2 0.740204 0.379687 0.050640 0.127007
4 0.797475 0.382730 0.051457 0.114525
5 0.852516 0.388951 0.049624 0.133660
2 0.238062 0.528666 0.055100 0.142031
6 0.293246 0.530822 0.051766 0.137719
10 0.316484 0.588088 0.020821 0.034490
3 0.353190 0.539225 0.050401 0.133772
5 0.353751 0.531083 0.050177 0.133169
1 0.637686 0.560699 0.025419 0.110525
1 0.689315 0.561454 0.028040 0.119176
4 0.732821 0.565488 0.049671 0.117993
10 0.756586 0.622256 0.019965 0.029516
0 0.789537 0.569005 0.053009 0.135165
5 0.220590 0.696109 0.049482 0.132694
9 0.278390 0.699976 0.051031 0.130980
8 0.333099 0.710577 0.053377 0.139325
8 0.388916 0.712754 0.053492 0.139886
0 0.446717 0.712717 0.054907 0.135446
10 0.468049 0.771553 0.019356 0.028564
2 0.502829 0.718385 0.052185 0.137088
0 0.559900 0.721869 0.052756 0.134182
