3 0.202740 0.156476 0.050409 0.131907
8 0.256854 0.157707 0.055055 0.140048
7 0.315275 0.158586 0.050756 0.134740
3 0.370471 0.168342 0.051132 0.138685
1 0.438469 0.170722 0.024596 0.110906
2 0.480479 0.174905 0.053765 0.135700
10 0.504218 0.228548 0.018741 0.028671
2 0.536304 0.177625 0.052760 0.139338
3 0.537072 0.179705 0.051031 0.138428
6 0.589642 0.182484 0.053018 0.141863
9 0.648668 0.187304 0.050737 0.132993
1 0.715524 0.192419 0.032196 0.128612
0 0.302210 0.348971 0.053017 0.141250
10 0.327878 0.401750 0.020175 0.038073
0 0.359426 0.351185 0.052925 0.135430
0 0.416184 0.352079 0.054335 0.138348
2 0.740471 0.383541 0.051388 0.134298
4 0.797451 0.383175 0.049343 0.111939
5 0.852113 0.389019 0.050127 0.134363
2 0.852212 0.383138 0.047001 0.130887
2 0.237952 0.528838 0.054840 0.141322
6 0.294128 0.531940 0.051077 0.134233
10 0.314467 0.588829 0.018211 0.031399
1 0.366706 0.542927 0.025265 0.116067
1 0.636882 0.561807 0.025528 0.112291
1 0.689231 0.562007 0.028773 0.120623
4 0.734153 0.568342 0.049024 0.116149
10 0.757392 0.622820 0.020452 0.030515
0 0.789356 0.569479 0.053071 0.136771
5 0.220767 0.696929 0.049475 0.133270
8 0.278293 0.703905 0.049488 0.135259
9 0.278560 0.707038 0.051497 0.133854
8 0.333197 0.711249 0.053442 0.139988
8 0.388831 0.713815 0.053883 0.141688
0 0.446707 0.714040 0.055051 0.136012
10 0.469047 0.772752 0.019135 0.028811
2 0.502939 0.719665 0.051534 0.137772
0 0.559801 0.722785 0.052528 0.134360
