4 0.190137 0.155030 0.053735 0.119522
6 0.243853 0.157740 0.050029 0.132311
9 0.301364 0.159593 0.051503 0.125980
4 0.355486 0.164803 0.049901 0.122512
9 0.357358 0.166654 0.051062 0.127544
1 0.422334 0.172979 0.027894 0.123900
9 0.463298 0.175891 0.050594 0.132611
10 0.485519 0.228108 0.019440 0.028374
9 0.520232 0.179471 0.052920 0.142263
8 0.521567 0.180793 0.054968 0.155655
1 0.585873 0.181831 0.032012 0.124352
7 0.588291 0.176714 0.037060 0.123473
6 0.622063 0.188451 0.055777 0.142551
4 0.683879 0.187881 0.054631 0.126796
0 0.288782 0.347471 0.052723 0.137762
0 0.343765 0.349536 0.053865 0.135004
0 0.399221 0.352834 0.054119 0.137367
2 0.717508 0.384320 0.052814 0.136448
10 0.739618 0.434907 0.018482 0.033934
4 0.772241 0.386847 0.053473 0.121622
5 0.827384 0.391952 0.049865 0.138309
2 0.225938 0.525413 0.052355 0.134408
6 0.279792 0.523210 0.052495 0.138786
10 0.306031 0.576670 0.019896 0.032513
2 0.334048 0.524735 0.050064 0.132861
6 0.336032 0.531013 0.051469 0.124238
1 0.613428 0.551476 0.026576 0.117043
1 0.667274 0.558810 0.026300 0.118896
3 0.706900 0.563659 0.050125 0.133389
10 0.729729 0.614636 0.016968 0.028900
6 0.759778 0.563857 0.049896 0.128926
1 0.226082 0.688114 0.025942 0.111211
8 0.263699 0.692795 0.050573 0.136125
5 0.318162 0.694061 0.048323 0.131047
5 0.366755 0.700370 0.066603 0.140594
2 0.372779 0.699948 0.053417 0.138811
8 0.427709 0.705354 0.055144 0.139015
1 0.428238 0.713643 0.054293 0.145362
1 0.496943 0.705970 0.027985 0.131610
1 0.550907 0.707450 0.025010 0.115016
