3 0.202371 0.157924 0.050586 0.130704
8 0.256628 0.160037 0.054823 0.139383
7 0.316481 0.162013 0.051229 0.132013
5 0.369823 0.168210 0.050225 0.137881
3 0.370067 0.167321 0.052829 0.135080
7 0.428260 0.171147 0.044812 0.131280
1 0.437870 0.172590 0.024571 0.110421
2 0.480008 0.176195 0.053680 0.136149
10 0.504548 0.229349 0.018628 0.028183
5 0.536200 0.179101 0.052166 0.139139
3 0.537224 0.180967 0.050967 0.137157
6 0.590518 0.183916 0.053472 0.136566
9 0.648975 0.188713 0.051273 0.131220
1 0.717611 0.193399 0.026374 0.105070
0 0.302341 0.350789 0.052263 0.140578
10 0.326841 0.402377 0.019471 0.033520
0 0.359425 0.351973 0.052992 0.134177
0 0.416175 0.352965 0.054421 0.137684
2 0.740168 0.379907 0.050058 0.126490
4 0.797648 0.382919 0.049474 0.109643
2 0.852077 0.382420 0.046075 0.127668
5 0.852312 0.389213 0.049461 0.132140
2 0.238118 0.528998 0.055515 0.142282
6 0.294132 0.530039 0.053782 0.139166
10 0.320351 0.586535 0.018663 0.030092
3 0.352664 0.540039 0.051579 0.131799
5 0.353616 0.531230 0.049624 0.131732
1 0.637029 0.561908 0.025913 0.115746
1 0.690463 0.563465 0.027576 0.124196
3 0.732975 0.568878 0.049661 0.134717
10 0.757432 0.619200 0.017113 0.026415
6 0.787208 0.567415 0.051789 0.136337
5 0.220446 0.696374 0.049520 0.133001
9 0.278333 0.700036 0.050998 0.130987
8 0.279417 0.707675 0.055097 0.135413
8 0.333126 0.710373 0.053076 0.138890
8 0.388719 0.712838 0.053435 0.139201
10 0.445819 0.720553 0.052041 0.135946
0 0.446629 0.712915 0.054971 0.135678
10 0.467977 0.771647 0.019310 0.028570
2 0.503016 0.718600 0.052095 0.136423
0 0.560064 0.721839 0.052320 0.133816
