9 0.201718 0.151604 0.050789 0.137915
3 0.201839 0.149418 0.050765 0.134825
8 0.256713 0.155548 0.053107 0.140091
10 0.506932 0.226721 0.020571 0.037273
9 0.532066 0.170963 0.056379 0.147193
6 0.536167 0.174021 0.051958 0.143972
6 0.589989 0.178133 0.050925 0.139344
8 0.646126 0.183939 0.049511 0.131675
9 0.646813 0.181554 0.052522 0.136592
0 0.304255 0.351230 0.052760 0.140404
0 0.358925 0.350955 0.053248 0.138419
0 0.416336 0.353842 0.053744 0.135952
2 0.737804 0.379116 0.056607 0.139049
4 0.798253 0.382941 0.055016 0.128445
5 0.853053 0.387199 0.049837 0.134814
2 0.238255 0.530469 0.054307 0.141611
6 0.294090 0.530973 0.053554 0.141265
4 0.353774 0.530878 0.049681 0.114109
3 0.691047 0.566092 0.031152 0.116998
1 0.691822 0.566052 0.031420 0.120588
3 0.730605 0.564526 0.057183 0.134329
6 0.787399 0.565142 0.048364 0.125323
6 0.219473 0.698072 0.051315 0.141417
8 0.277105 0.704038 0.049547 0.137042
9 0.278086 0.699134 0.052696 0.141631
8 0.333685 0.703998 0.054495 0.143495
8 0.390130 0.706948 0.051510 0.135636
0 0.448256 0.715861 0.054253 0.139095
2 0.501640 0.722168 0.050983 0.136141
5 0.502705 0.719478 0.049979 0.134072
0 0.559431 0.727251 0.053013 0.139893
