4 0.189497 0.150829 0.051944 0.122005
6 0.242721 0.160499 0.050440 0.134456
9 0.299218 0.166321 0.050231 0.133707
9 0.353867 0.166801 0.052057 0.126588
4 0.354495 0.166916 0.051716 0.125340
7 0.414539 0.174287 0.035084 0.113748
1 0.418407 0.170220 0.030109 0.125842
9 0.462252 0.177353 0.052088 0.135659
10 0.483319 0.229325 0.017943 0.028500
9 0.517897 0.181361 0.052531 0.139867
7 0.586818 0.178572 0.036670 0.116966
6 0.623152 0.191271 0.053117 0.143113
4 0.681410 0.195202 0.051674 0.114757
0 0.286853 0.348679 0.053745 0.134903
0 0.341935 0.353863 0.051272 0.135018
0 0.397090 0.358901 0.052851 0.138992
2 0.715099 0.385165 0.052466 0.129151
10 0.738569 0.437530 0.018398 0.033878
4 0.772021 0.387740 0.052953 0.119746
5 0.826150 0.394828 0.048421 0.134530
2 0.222669 0.525992 0.051946 0.137872
6 0.276989 0.526084 0.053210 0.137854
10 0.302813 0.582628 0.020832 0.033319
2 0.333024 0.528199 0.051934 0.134259
1 0.611552 0.554846 0.026415 0.118917
1 0.665495 0.562828 0.026057 0.124088
3 0.705700 0.566946 0.048974 0.134780
10 0.728465 0.617285 0.016483 0.027914
6 0.758623 0.570749 0.049994 0.135550
1 0.222885 0.691479 0.024949 0.114373
8 0.261122 0.695156 0.051823 0.135863
5 0.316803 0.700709 0.050820 0.138238
2 0.370491 0.701787 0.052111 0.138077
8 0.426564 0.704246 0.054639 0.135357
1 0.427898 0.714794 0.056399 0.141524
1 0.494876 0.713901 0.027141 0.124733
1 0.550290 0.719544 0.026912 0.126427
