3 0.202947 0.157107 0.048550 0.134099
8 0.256924 0.158512 0.055101 0.139243
7 0.316356 0.158880 0.050293 0.134971
3 0.370038 0.169063 0.051355 0.138119
7 0.429913 0.171061 0.042165 0.129794
1 0.436996 0.171660 0.025963 0.114111
2 0.480651 0.175435 0.053571 0.134682
10 0.504192 0.229487 0.018863 0.028864
2 0.535890 0.179112 0.053079 0.138440
3 0.537000 0.180831 0.050775 0.135698
6 0.590339 0.183705 0.052953 0.135117
9 0.648605 0.188014 0.052042 0.136386
1 0.717404 0.193942 0.025788 0.108142
0 0.303324 0.348554 0.050221 0.134955
10 0.323795 0.401652 0.020675 0.027639
0 0.359397 0.351568 0.052857 0.134452
0 0.416226 0.353368 0.054673 0.138456
2 0.740437 0.379621 0.050727 0.126924
4 0.797206 0.382641 0.051296 0.114856
5 0.852196 0.389081 0.049422 0.131336
2 0.238101 0.528875 0.055320 0.141735
6 0.294640 0.529589 0.053393 0.139081
10 0.315622 0.588613 0.021761 0.034803
1 0.366700 0.542487 0.024840 0.112797
1 0.637830 0.561140 0.025710 0.114026
1 0.690437 0.562382 0.026842 0.119855
4 0.733989 0.567692 0.049384 0.116126
10 0.756803 0.622568 0.020226 0.029339
0 0.786409 0.573642 0.052560 0.136441
5 0.220390 0.695774 0.049476 0.131626
9 0.278339 0.699994 0.051095 0.130823
8 0.333269 0.709745 0.053569 0.139660
8 0.388985 0.712513 0.053400 0.139268
0 0.446629 0.712368 0.054782 0.134961
10 0.468214 0.770484 0.019302 0.029012
2 0.502795 0.718572 0.051984 0.137125
0 0.560227 0.725706 0.055150 0.141376
