4 0.185903 0.145944 0.051705 0.120601
6 0.239318 0.152185 0.052131 0.133714
9 0.295686 0.157218 0.051870 0.130920
4 0.352558 0.156324 0.052468 0.122193
1 0.420137 0.167250 0.025055 0.119132
9 0.460545 0.170064 0.048973 0.130562
10 0.483609 0.223347 0.017237 0.026060
9 0.517383 0.173704 0.052395 0.136779
1 0.585001 0.179522 0.026890 0.118275
6 0.625777 0.183488 0.049131 0.136025
4 0.683310 0.188541 0.054013 0.117811
0 0.283425 0.344576 0.051116 0.134214
10 0.307879 0.394659 0.020103 0.032058
0 0.338693 0.346921 0.052652 0.139621
0 0.395145 0.352117 0.054152 0.141457
2 0.715122 0.380643 0.054303 0.141386
10 0.736282 0.433639 0.019562 0.031527
4 0.772767 0.379338 0.051520 0.120577
5 0.827245 0.387153 0.047681 0.129797
2 0.219686 0.519002 0.051840 0.133400
6 0.220112 0.523048 0.054979 0.141678
6 0.274440 0.520887 0.052423 0.134099
10 0.296901 0.581599 0.018204 0.028657
6 0.329808 0.528633 0.050260 0.134593
1 0.612004 0.553078 0.026226 0.122192
1 0.666336 0.562313 0.025300 0.128196
2 0.706638 0.558146 0.048064 0.129799
10 0.729499 0.615078 0.019166 0.030536
9 0.763058 0.566248 0.051078 0.131347
1 0.220533 0.688240 0.023699 0.117215
1 0.258035 0.691665 0.052532 0.137718
8 0.258426 0.692837 0.052025 0.131926
5 0.313114 0.696113 0.049922 0.136335
2 0.368182 0.697908 0.052580 0.139077
8 0.424620 0.701270 0.053866 0.135835
1 0.424700 0.711750 0.054711 0.143588
10 0.446745 0.764414 0.020363 0.031725
1 0.494871 0.713240 0.026381 0.127092
1 0.550433 0.714353 0.027459 0.134911
