3 0.202011 0.157791 0.050168 0.137878
8 0.256889 0.159918 0.055170 0.140121
7 0.317196 0.159981 0.049263 0.132704
3 0.370247 0.169082 0.051056 0.137232
7 0.429637 0.170279 0.043410 0.126734
1 0.438219 0.171127 0.025534 0.115944
2 0.480969 0.175293 0.053781 0.135074
10 0.503978 0.229253 0.018283 0.027342
3 0.537410 0.180404 0.051396 0.137986
6 0.589961 0.183433 0.053186 0.140886
9 0.648533 0.188711 0.053207 0.137925
7 0.709039 0.188039 0.038976 0.126384
1 0.710933 0.192715 0.038122 0.127964
0 0.303132 0.348389 0.050205 0.134292
10 0.323630 0.401750 0.020001 0.026150
0 0.359368 0.351793 0.052955 0.134047
0 0.416214 0.353713 0.054795 0.138172
2 0.739742 0.380476 0.050856 0.128263
10 0.764735 0.437380 0.019102 0.032561
4 0.797659 0.384008 0.050686 0.112265
5 0.852314 0.389095 0.049623 0.132488
2 0.237873 0.528825 0.054789 0.140564
6 0.293316 0.531916 0.052162 0.138821
10 0.317905 0.586054 0.018920 0.029104
4 0.352958 0.537995 0.053443 0.113799
1 0.637723 0.561092 0.024480 0.121239
1 0.690965 0.562795 0.026910 0.122164
3 0.733247 0.568195 0.049206 0.136385
10 0.757748 0.619176 0.017336 0.026706
6 0.787407 0.567678 0.051688 0.135974
5 0.220695 0.696279 0.049713 0.133817
9 0.278510 0.699931 0.051290 0.130364
8 0.280071 0.707245 0.056443 0.134687
8 0.333012 0.709663 0.053336 0.138481
8 0.389021 0.712758 0.053662 0.139932
0 0.391224 0.715184 0.059020 0.143483
0 0.446658 0.713038 0.054652 0.134399
10 0.468751 0.771792 0.018964 0.028579
2 0.503304 0.719417 0.052124 0.136905
0 0.560343 0.725356 0.054861 0.141530
