4 0.190243 0.150084 0.051042 0.118337
6 0.242230 0.154036 0.051857 0.133777
9 0.299644 0.161139 0.051541 0.133348
4 0.355434 0.161355 0.050543 0.118214
1 0.422835 0.171510 0.026097 0.119383
1 0.462081 0.174238 0.049103 0.136470
9 0.463554 0.172941 0.049912 0.133292
10 0.485673 0.225187 0.017531 0.028294
9 0.519256 0.178011 0.052009 0.133162
1 0.587704 0.184029 0.026064 0.121780
6 0.627508 0.185690 0.050988 0.136010
4 0.685015 0.191098 0.053314 0.118647
0 0.287106 0.343279 0.053412 0.134860
10 0.312542 0.401372 0.019532 0.031703
0 0.341112 0.348898 0.051862 0.138789
0 0.398018 0.353911 0.053268 0.136417
2 0.716419 0.382206 0.054150 0.141203
10 0.739570 0.434769 0.018733 0.030933
4 0.773599 0.381841 0.051716 0.118293
5 0.827972 0.388858 0.047735 0.130356
2 0.222890 0.521976 0.054134 0.141025
5 0.278466 0.522513 0.048871 0.133258
10 0.301242 0.579294 0.020045 0.032926
9 0.335124 0.530080 0.050614 0.132364
1 0.613754 0.557301 0.025418 0.122625
1 0.667950 0.561200 0.025266 0.124575
3 0.708240 0.564634 0.049610 0.134004
10 0.731457 0.615128 0.018810 0.031102
9 0.763605 0.567122 0.050776 0.131733
1 0.223116 0.686842 0.023961 0.112185
1 0.261928 0.690431 0.050293 0.134895
8 0.262074 0.692209 0.051450 0.135082
5 0.316212 0.693032 0.049120 0.131060
5 0.370276 0.698592 0.051773 0.138091
2 0.371555 0.697577 0.051921 0.134748
8 0.427202 0.701357 0.054264 0.134226
1 0.427553 0.710133 0.052888 0.141958
10 0.449122 0.763602 0.019673 0.030935
1 0.498201 0.712167 0.026045 0.123232
1 0.552031 0.714348 0.026399 0.130660
