4 0.185835 0.149988 0.049329 0.114388
6 0.239594 0.154620 0.052405 0.133220
9 0.296011 0.161469 0.051351 0.130608
4 0.351583 0.160178 0.051569 0.119177
1 0.418959 0.171332 0.025079 0.116260
1 0.459158 0.173336 0.050499 0.138144
9 0.460041 0.174555 0.053280 0.137896
10 0.481744 0.225478 0.017600 0.026653
9 0.516527 0.175457 0.051944 0.135520
1 0.582066 0.182067 0.028065 0.121766
6 0.624124 0.186621 0.050208 0.134276
4 0.681358 0.188414 0.051425 0.118329
0 0.283855 0.342680 0.052443 0.133452
10 0.307618 0.395924 0.020994 0.032697
0 0.338670 0.348627 0.052153 0.137934
0 0.395280 0.354002 0.053551 0.136883
2 0.713960 0.381561 0.053498 0.140045
10 0.736096 0.434461 0.018960 0.031496
4 0.771197 0.381894 0.050780 0.118661
5 0.824654 0.387995 0.047474 0.129249
2 0.220070 0.521410 0.052743 0.139183
9 0.275250 0.524454 0.048586 0.129902
5 0.275424 0.522643 0.050129 0.136703
10 0.297269 0.577347 0.017979 0.030056
9 0.331474 0.529703 0.050941 0.133140
1 0.611291 0.553876 0.026390 0.120935
1 0.664347 0.562473 0.024765 0.121046
3 0.705697 0.567031 0.050332 0.139126
1 0.705909 0.564528 0.049056 0.139656
10 0.728842 0.614982 0.018095 0.029755
9 0.760477 0.567648 0.051239 0.135015
1 0.220536 0.686985 0.024031 0.112481
1 0.258039 0.691213 0.052873 0.139152
8 0.258553 0.692408 0.052425 0.132703
5 0.313409 0.695728 0.050102 0.135578
2 0.368205 0.697349 0.052543 0.134594
1 0.423986 0.710844 0.052618 0.141465
8 0.424199 0.699974 0.053204 0.133657
10 0.446584 0.762569 0.019991 0.030401
1 0.494044 0.712917 0.025777 0.122822
1 0.549204 0.714912 0.026286 0.125807
