3 0.202796 0.157663 0.050645 0.133324
8 0.256866 0.159957 0.055095 0.140944
7 0.315521 0.160561 0.050939 0.133581
3 0.369947 0.167359 0.053018 0.135536
1 0.437993 0.171605 0.025130 0.110843
2 0.481736 0.176809 0.050790 0.132798
2 0.535903 0.179334 0.053368 0.140801
3 0.537125 0.180249 0.051356 0.138154
6 0.590286 0.183215 0.053011 0.136053
10 0.614495 0.239283 0.019414 0.029160
9 0.648250 0.188291 0.051949 0.133971
1 0.714738 0.193019 0.033404 0.123724
0 0.302353 0.350736 0.052059 0.141287
10 0.328681 0.402124 0.020018 0.038126
0 0.359275 0.351492 0.052524 0.134083
0 0.416071 0.352622 0.053931 0.137059
2 0.740797 0.383870 0.051088 0.133351
4 0.797768 0.383914 0.048682 0.110140
5 0.852120 0.389547 0.049454 0.132160
1 0.637116 0.561646 0.025426 0.109471
1 0.688674 0.561597 0.029585 0.119014
4 0.734808 0.436416 0.051611 0.248326
4 0.735471 0.567221 0.048731 0.110149
10 0.757562 0.622308 0.021117 0.032158
1 0.803830 0.572219 0.025581 0.117281
2 0.238144 0.528752 0.054385 0.140730
6 0.291964 0.532174 0.050951 0.135860
10 0.318103 0.585996 0.019735 0.030015
8 0.352001 0.531616 0.052559 0.136112
5 0.220592 0.695884 0.049177 0.132045
9 0.278432 0.700160 0.051450 0.131052
8 0.333108 0.710214 0.053405 0.138612
8 0.389061 0.712732 0.053472 0.139287
0 0.446817 0.712749 0.054990 0.135589
10 0.468946 0.771509 0.019331 0.029447
2 0.503054 0.718967 0.051593 0.137031
0 0.559920 0.725805 0.054269 0.143507
