3 0.202768 0.158289 0.050246 0.130948
8 0.256569 0.158972 0.054914 0.140006
7 0.316687 0.161270 0.051215 0.132540
3 0.370364 0.169677 0.050883 0.137517
7 0.428788 0.171019 0.044063 0.131773
1 0.438431 0.172581 0.024953 0.114153
2 0.481229 0.175706 0.051446 0.134093
10 0.504300 0.229088 0.018686 0.028873
2 0.535845 0.178825 0.053565 0.138379
5 0.536188 0.178345 0.051246 0.132773
3 0.537234 0.180987 0.050847 0.135808
6 0.589930 0.183414 0.053173 0.141683
9 0.648510 0.187942 0.051825 0.134599
0 0.302237 0.350319 0.052942 0.141115
10 0.328287 0.402232 0.019951 0.038424
0 0.359344 0.351747 0.052654 0.134259
0 0.416201 0.353024 0.054348 0.138104
2 0.740380 0.379449 0.049892 0.125367
4 0.797256 0.383077 0.051259 0.113938
5 0.852264 0.389135 0.049239 0.131780
2 0.238049 0.528754 0.055250 0.141760
6 0.294506 0.529282 0.053421 0.139240
1 0.367177 0.543938 0.024862 0.115354
1 0.637051 0.561589 0.024643 0.118710
1 0.690138 0.561944 0.027537 0.122416
3 0.732898 0.569250 0.048574 0.131462
10 0.757767 0.618714 0.017853 0.027702
8 0.787066 0.569798 0.052413 0.135579
5 0.220989 0.696196 0.049023 0.132445
9 0.278578 0.700178 0.051309 0.131084
8 0.333438 0.704443 0.053874 0.137573
8 0.388983 0.712696 0.053720 0.140405
0 0.446658 0.712545 0.054936 0.134985
10 0.468674 0.770969 0.019290 0.029262
2 0.502992 0.718514 0.051919 0.136844
0 0.559986 0.721524 0.052537 0.133597
