3 0.202447 0.157607 0.049189 0.133302
9 0.202513 0.148319 0.048993 0.117595
8 0.255705 0.162686 0.049276 0.131669
7 0.322314 0.162328 0.039734 0.125359
3 0.371032 0.168033 0.048684 0.140309
9 0.372142 0.161922 0.051902 0.142995
1 0.437107 0.173610 0.025244 0.105389
8 0.480570 0.177465 0.055036 0.145098
2 0.481355 0.179000 0.051712 0.135127
10 0.505028 0.233114 0.020105 0.029691
6 0.536821 0.177053 0.050568 0.137114
8 0.537235 0.176030 0.053359 0.154986
6 0.590367 0.181913 0.052031 0.143584
8 0.647478 0.173278 0.056498 0.152229
9 0.648257 0.185788 0.052569 0.135961
7 0.700415 0.180290 0.055197 0.149204
0 0.303616 0.347959 0.050505 0.133239
10 0.324636 0.401225 0.021603 0.029033
0 0.359468 0.351455 0.053447 0.133858
0 0.416732 0.354962 0.054219 0.137598
2 0.739508 0.383513 0.053843 0.141160
4 0.797856 0.385623 0.053627 0.121907
5 0.853546 0.389799 0.050683 0.136905
2 0.237462 0.529239 0.054718 0.142289
6 0.294181 0.530454 0.054911 0.142364
10 0.318968 0.586143 0.018311 0.030436
4 0.354020 0.532064 0.052605 0.121128
1 0.636894 0.563371 0.026849 0.125644
1 0.691702 0.563788 0.027408 0.126693
10 0.732802 0.568416 0.049863 0.135135
3 0.734446 0.568859 0.049492 0.134614
10 0.756600 0.618260 0.016592 0.026465
5 0.788328 0.568029 0.049373 0.133693
5 0.222546 0.697841 0.048931 0.139441
9 0.278791 0.700609 0.052586 0.135427
8 0.334479 0.704868 0.054766 0.142880
8 0.390676 0.708407 0.051928 0.136620
0 0.446653 0.713716 0.054104 0.134832
10 0.471626 0.772259 0.018860 0.029466
2 0.502983 0.718918 0.052074 0.139068
0 0.559587 0.723135 0.051769 0.131964
