4 0.189523 0.150288 0.050991 0.118910
6 0.242764 0.154163 0.052046 0.134013
9 0.299620 0.161337 0.050971 0.132367
4 0.354609 0.161720 0.050410 0.120387
1 0.422115 0.169627 0.025964 0.119230
9 0.463650 0.173673 0.050443 0.134187
10 0.485829 0.225469 0.017365 0.027508
9 0.519763 0.178192 0.051246 0.134221
1 0.588625 0.182704 0.025895 0.120112
6 0.627703 0.186036 0.050574 0.135499
4 0.684838 0.189091 0.052539 0.122264
0 0.287089 0.343766 0.053477 0.134689
10 0.312190 0.401390 0.019431 0.031561
0 0.341496 0.348659 0.051327 0.137286
0 0.398360 0.353835 0.053269 0.135957
2 0.717023 0.382321 0.053424 0.138972
10 0.740308 0.435151 0.018905 0.031039
4 0.773659 0.381870 0.051422 0.117559
5 0.828380 0.389414 0.048249 0.131584
2 0.222586 0.519809 0.053353 0.138351
5 0.278490 0.522483 0.048952 0.133169
10 0.301407 0.579026 0.019615 0.032230
9 0.335030 0.529828 0.050479 0.131715
1 0.613910 0.557100 0.025115 0.119562
1 0.668474 0.561519 0.025133 0.122533
3 0.708823 0.566408 0.048955 0.132918
10 0.731679 0.613880 0.018162 0.029680
9 0.763676 0.567341 0.050719 0.130556
1 0.223346 0.687078 0.023964 0.111638
8 0.261896 0.693156 0.050949 0.133633
1 0.262058 0.691430 0.050236 0.135138
5 0.316069 0.693639 0.049078 0.129985
5 0.369625 0.698826 0.054479 0.136692
2 0.371409 0.697449 0.051981 0.138005
8 0.427318 0.701454 0.054006 0.133807
10 0.449070 0.762638 0.019886 0.030591
1 0.498418 0.710958 0.025496 0.122661
1 0.552260 0.714489 0.026321 0.129683
