3 0.202653 0.157621 0.049096 0.134967
8 0.256838 0.159365 0.054579 0.138654
7 0.316711 0.160563 0.049447 0.133013
3 0.370034 0.167735 0.051878 0.143656
7 0.431480 0.170807 0.039337 0.125568
1 0.438924 0.171359 0.024001 0.113417
2 0.481439 0.175679 0.051816 0.134872
10 0.505360 0.228860 0.019521 0.030019
2 0.535899 0.178494 0.053561 0.139146
3 0.537134 0.180799 0.051101 0.137125
6 0.589918 0.183752 0.052953 0.140265
9 0.648426 0.187714 0.051956 0.135274
1 0.712662 0.194202 0.035418 0.122979
0 0.302207 0.350755 0.052351 0.139725
10 0.327343 0.401837 0.021061 0.038913
0 0.359334 0.351418 0.052793 0.134552
0 0.416156 0.352665 0.054299 0.137534
2 0.740806 0.383958 0.051677 0.133405
4 0.797435 0.383555 0.049467 0.110388
5 0.852129 0.388438 0.049012 0.131062
2 0.238060 0.528716 0.055340 0.141528
6 0.294379 0.531599 0.051262 0.133726
10 0.315921 0.588715 0.021519 0.034943
1 0.367262 0.538041 0.024506 0.116030
1 0.637176 0.561894 0.025297 0.112367
1 0.690491 0.562274 0.027827 0.121676
3 0.732614 0.568602 0.049238 0.133225
10 0.757536 0.618742 0.017351 0.026870
8 0.787390 0.569551 0.052468 0.137204
5 0.220493 0.696073 0.049438 0.133634
9 0.278361 0.699974 0.051287 0.130704
8 0.333176 0.710122 0.053566 0.139689
8 0.388945 0.712469 0.053771 0.140389
0 0.446785 0.712857 0.055030 0.135780
10 0.468221 0.771452 0.019659 0.029694
2 0.503211 0.718783 0.051731 0.137119
0 0.560082 0.722239 0.052742 0.134525
