4 0.185882 0.146931 0.052589 0.119835
6 0.239290 0.151990 0.052389 0.134738
9 0.295445 0.157248 0.051806 0.131187
4 0.351301 0.158489 0.052641 0.119282
1 0.419845 0.167121 0.024974 0.117794
1 0.459629 0.170636 0.050740 0.136888
9 0.459986 0.170117 0.048220 0.127966
10 0.482488 0.223268 0.017401 0.026208
9 0.517228 0.173085 0.052030 0.136396
1 0.585813 0.179393 0.026175 0.118545
6 0.625601 0.182931 0.048942 0.136415
4 0.683037 0.188487 0.054210 0.120171
0 0.283871 0.344359 0.051045 0.133942
10 0.306291 0.394569 0.020191 0.032182
0 0.338585 0.347150 0.052293 0.138166
0 0.395421 0.351127 0.052773 0.134095
2 0.715086 0.381010 0.054323 0.141488
10 0.736859 0.433283 0.019312 0.030961
4 0.772776 0.379839 0.050981 0.120106
5 0.826497 0.387345 0.047339 0.129721
2 0.219889 0.518404 0.051738 0.133402
6 0.274952 0.521261 0.053469 0.134107
10 0.297701 0.576402 0.019231 0.032285
3 0.332414 0.530513 0.048975 0.129054
5 0.332828 0.525317 0.051738 0.138979
1 0.611903 0.553701 0.026071 0.121420
1 0.666402 0.561894 0.024829 0.125773
2 0.707919 0.557984 0.051323 0.132728
10 0.731795 0.610953 0.018932 0.024254
7 0.766109 0.565003 0.047847 0.128320
1 0.220842 0.688009 0.023734 0.117524
1 0.258139 0.691719 0.052560 0.137615
8 0.258504 0.693007 0.052469 0.133599
5 0.313146 0.696235 0.049801 0.135745
2 0.368323 0.697932 0.053073 0.136342
1 0.424651 0.711299 0.054427 0.144216
8 0.424742 0.700981 0.053943 0.135655
10 0.447271 0.765392 0.020154 0.031724
1 0.495077 0.713272 0.026296 0.127649
1 0.550353 0.714529 0.027619 0.132515
