4 0.183235 0.150516 0.050570 0.118215
6 0.237064 0.154232 0.053325 0.138140
9 0.293306 0.159290 0.051309 0.133583
4 0.349385 0.159205 0.053669 0.124835
1 0.418310 0.170724 0.025091 0.116909
9 0.459990 0.172895 0.048769 0.131306
10 0.480426 0.226032 0.017573 0.026581
9 0.515962 0.175252 0.053067 0.138160
1 0.584255 0.181826 0.027119 0.122587
6 0.624323 0.185641 0.050584 0.135740
4 0.682536 0.188828 0.053031 0.121965
0 0.281614 0.343214 0.052605 0.133009
10 0.305169 0.396971 0.020828 0.032466
0 0.337529 0.350081 0.052573 0.138334
0 0.393965 0.355415 0.053171 0.137648
2 0.714749 0.382933 0.054429 0.141744
10 0.736046 0.436395 0.019024 0.030845
4 0.771854 0.382996 0.051787 0.118863
5 0.826002 0.391606 0.049878 0.133898
2 0.217428 0.521603 0.053640 0.133675
5 0.273365 0.523946 0.050874 0.137424
10 0.295751 0.579449 0.017903 0.028843
5 0.328382 0.527193 0.047739 0.132474
1 0.611001 0.555733 0.026069 0.119426
1 0.665024 0.562500 0.024782 0.123828
1 0.705566 0.564100 0.049152 0.143456
2 0.705654 0.562863 0.052295 0.134899
10 0.727010 0.615781 0.017631 0.026327
5 0.759445 0.566015 0.048513 0.133504
1 0.217648 0.690595 0.024335 0.112240
1 0.255259 0.692586 0.052178 0.136923
8 0.255513 0.693136 0.051517 0.130477
5 0.310772 0.696615 0.050613 0.134474
2 0.365921 0.707817 0.053296 0.136865
8 0.422762 0.703301 0.054239 0.136476
1 0.423123 0.714587 0.053971 0.143546
10 0.444978 0.766123 0.019610 0.029432
1 0.492339 0.718580 0.026204 0.124490
1 0.548778 0.718926 0.027247 0.129406
