3 0.201621 0.159199 0.049590 0.136275
8 0.256749 0.159838 0.052471 0.138222
7 0.315793 0.161303 0.050289 0.133604
3 0.369556 0.169813 0.049634 0.140370
7 0.432598 0.175863 0.036524 0.126287
1 0.439235 0.170472 0.024510 0.108600
2 0.479038 0.176807 0.054808 0.135101
10 0.502343 0.231547 0.018288 0.026894
5 0.535537 0.179900 0.050761 0.138303
3 0.535949 0.180899 0.050244 0.133413
6 0.589330 0.183215 0.053943 0.137091
9 0.646606 0.188630 0.052724 0.135782
1 0.719556 0.195443 0.024842 0.118354
0 0.301885 0.349259 0.051143 0.135431
10 0.322591 0.402791 0.021371 0.028280
0 0.359032 0.352494 0.053309 0.136043
0 0.415755 0.355327 0.054696 0.138532
2 0.737341 0.382585 0.052614 0.134309
4 0.795510 0.385734 0.053051 0.121247
5 0.850409 0.390204 0.050468 0.136982
3 0.238312 0.533890 0.048136 0.131367
0 0.294045 0.537133 0.054174 0.132251
10 0.316328 0.592809 0.020295 0.032149
1 0.365030 0.542474 0.027859 0.127332
1 0.635851 0.562244 0.024683 0.120604
1 0.689101 0.563251 0.026015 0.116911
4 0.731271 0.567629 0.050646 0.118248
1 0.732683 0.569172 0.049179 0.123612
10 0.753946 0.623665 0.019418 0.029518
0 0.787337 0.570581 0.054009 0.135526
5 0.219426 0.696329 0.051067 0.135027
9 0.278242 0.700970 0.051742 0.133084
8 0.278424 0.704761 0.052810 0.136722
8 0.332279 0.710566 0.053121 0.137788
8 0.389362 0.707075 0.052592 0.135140
0 0.445942 0.714786 0.054546 0.135845
10 0.468682 0.772476 0.018154 0.027302
2 0.501896 0.720186 0.052292 0.135330
0 0.559082 0.722456 0.053058 0.133373
