4 0.187492 0.145797 0.052718 0.119681
6 0.239942 0.151205 0.050617 0.131041
9 0.296390 0.155646 0.052383 0.131165
4 0.352076 0.158240 0.052560 0.120080
1 0.421137 0.165581 0.025394 0.120326
9 0.460991 0.167827 0.049712 0.133367
10 0.482415 0.227083 0.017867 0.029687
9 0.517820 0.173809 0.052795 0.131933
1 0.587322 0.178076 0.026029 0.117062
6 0.626323 0.182948 0.049793 0.137237
4 0.683813 0.186505 0.053585 0.118316
0 0.284681 0.342215 0.051712 0.136196
10 0.307915 0.393730 0.020194 0.031931
0 0.339927 0.346480 0.052662 0.137602
0 0.395662 0.350711 0.054390 0.143186
2 0.715674 0.379244 0.054222 0.141947
10 0.738852 0.431487 0.019515 0.032162
4 0.773500 0.378570 0.051040 0.120314
5 0.826978 0.386969 0.049670 0.136318
2 0.220090 0.518920 0.052327 0.137938
6 0.220614 0.515818 0.052420 0.136557
6 0.274872 0.520581 0.052453 0.134603
10 0.298814 0.575815 0.019783 0.031287
0 0.331858 0.528260 0.053691 0.137640
1 0.612513 0.554589 0.025548 0.121927
1 0.666611 0.560242 0.025539 0.126112
3 0.673327 0.561924 0.041712 0.129268
3 0.707476 0.564178 0.048922 0.134846
10 0.729551 0.613384 0.019016 0.029563
8 0.761078 0.565114 0.053885 0.140026
1 0.221520 0.687385 0.023903 0.118232
1 0.259103 0.690771 0.052543 0.139144
8 0.259437 0.691883 0.052614 0.135008
5 0.314507 0.695042 0.050377 0.137811
2 0.369607 0.696617 0.052778 0.135808
1 0.425356 0.709377 0.053259 0.141381
8 0.425439 0.699250 0.053927 0.135802
10 0.447672 0.762818 0.020402 0.031267
1 0.496151 0.711447 0.026120 0.125997
1 0.551503 0.710095 0.026432 0.128628
