3 0.204843 0.156724 0.050275 0.132567
8 0.259179 0.160099 0.055256 0.141088
7 0.318632 0.159414 0.050696 0.129197
3 0.371830 0.166210 0.052675 0.141212
7 0.431425 0.170979 0.042604 0.128762
1 0.436565 0.170648 0.026886 0.117989
2 0.483436 0.175056 0.051802 0.138362
10 0.506570 0.229204 0.019159 0.029457
3 0.538294 0.180461 0.050787 0.137020
6 0.591340 0.182645 0.053467 0.140652
9 0.649617 0.187488 0.051354 0.132251
1 0.718617 0.187886 0.023679 0.106372
0 0.305572 0.348517 0.050567 0.132516
10 0.330040 0.403703 0.018484 0.030485
0 0.361522 0.351169 0.051847 0.132166
0 0.417909 0.351311 0.053150 0.137926
2 0.741053 0.383843 0.051542 0.135401
4 0.798337 0.383138 0.049712 0.109989
5 0.853064 0.389343 0.049468 0.133535
1 0.639416 0.561812 0.025686 0.111345
1 0.693138 0.565063 0.024863 0.118676
4 0.735381 0.437585 0.052262 0.249277
9 0.735407 0.564127 0.051092 0.126665
4 0.735594 0.566283 0.051363 0.117418
10 0.757102 0.623628 0.020790 0.030806
1 0.804579 0.573498 0.025796 0.116955
2 0.241539 0.531539 0.055270 0.142819
7 0.302513 0.528676 0.045675 0.132033
10 0.323397 0.586727 0.024353 0.037270
2 0.354130 0.533889 0.049950 0.129665
5 0.223664 0.697710 0.048566 0.134050
9 0.281208 0.706848 0.051125 0.134453
8 0.335742 0.705064 0.053955 0.138325
8 0.390893 0.712967 0.054191 0.139131
0 0.448467 0.714296 0.055167 0.137753
10 0.471462 0.774076 0.018882 0.028395
2 0.505105 0.719545 0.051525 0.137714
0 0.562164 0.725633 0.054965 0.141932
