4 0.189678 0.154271 0.052296 0.119273
6 0.242542 0.157078 0.050543 0.133687
9 0.299511 0.162854 0.050927 0.133965
4 0.354490 0.165049 0.049923 0.119741
1 0.423403 0.173406 0.026236 0.119406
9 0.464207 0.176734 0.051345 0.138319
10 0.484641 0.229768 0.018314 0.028015
9 0.519957 0.181637 0.052386 0.137644
1 0.587356 0.186991 0.025131 0.119805
6 0.627375 0.189588 0.050456 0.134572
4 0.684438 0.194882 0.053141 0.120895
0 0.286377 0.347065 0.051525 0.138509
10 0.311930 0.404017 0.019993 0.031766
0 0.342175 0.352803 0.051586 0.135348
0 0.398735 0.357693 0.053474 0.137378
2 0.717720 0.385103 0.053224 0.137288
10 0.743562 0.438300 0.019043 0.030870
4 0.773913 0.386943 0.051544 0.117432
5 0.828706 0.395039 0.050041 0.133732
2 0.222907 0.529231 0.052404 0.134289
6 0.277657 0.525270 0.052174 0.137039
10 0.300359 0.582989 0.021044 0.033560
0 0.334934 0.528865 0.053851 0.138641
1 0.614657 0.560837 0.025564 0.122020
1 0.668916 0.564373 0.024732 0.121137
3 0.707795 0.566834 0.049113 0.134314
10 0.730423 0.623285 0.019288 0.030026
8 0.762597 0.572326 0.052664 0.137174
1 0.222834 0.690992 0.024442 0.112278
8 0.261897 0.696292 0.051952 0.136993
1 0.261941 0.694496 0.050279 0.135088
5 0.316084 0.698381 0.051080 0.136844
2 0.371174 0.702762 0.052287 0.140129
8 0.427239 0.707134 0.055042 0.136599
1 0.427265 0.714812 0.052485 0.142501
10 0.448818 0.768301 0.019554 0.030897
1 0.497249 0.714696 0.026649 0.125668
1 0.552216 0.720213 0.026652 0.129890
