3 0.202259 0.157610 0.051025 0.133135
8 0.256941 0.160309 0.054818 0.139512
7 0.316826 0.160035 0.050361 0.135167
5 0.369590 0.168066 0.050236 0.138455
3 0.369842 0.168897 0.050736 0.136921
7 0.428546 0.169082 0.045804 0.131604
1 0.437554 0.171161 0.025213 0.111212
2 0.480425 0.175349 0.054214 0.135357
10 0.503909 0.228879 0.019162 0.029128
3 0.537089 0.180786 0.050872 0.135912
6 0.590051 0.183743 0.053022 0.139567
9 0.648362 0.188293 0.051801 0.133125
7 0.708199 0.186872 0.039104 0.127159
1 0.711184 0.191361 0.039231 0.128076
0 0.302502 0.350791 0.052950 0.143092
10 0.322682 0.402008 0.020344 0.026816
0 0.359371 0.351671 0.052748 0.134466
0 0.416172 0.352841 0.055234 0.140131
2 0.739953 0.381729 0.050894 0.131143
4 0.797159 0.382923 0.051607 0.114712
5 0.852487 0.389300 0.050060 0.133686
2 0.238056 0.528924 0.055073 0.140717
6 0.292943 0.531750 0.051423 0.135794
10 0.319116 0.586632 0.018089 0.029489
3 0.352910 0.539694 0.051498 0.131529
5 0.353652 0.531368 0.050086 0.133211
1 0.637501 0.560431 0.025296 0.111844
1 0.689760 0.562167 0.027341 0.118896
4 0.734439 0.565639 0.050432 0.117308
10 0.757001 0.621678 0.021058 0.031970
1 0.803763 0.572808 0.025610 0.118162
5 0.220521 0.696135 0.049741 0.134112
9 0.278530 0.700230 0.051113 0.131062
8 0.333095 0.710268 0.052816 0.137802
8 0.388780 0.712515 0.053677 0.140021
0 0.446554 0.712565 0.054784 0.135876
10 0.468647 0.771390 0.019506 0.029065
2 0.502947 0.718840 0.051752 0.137695
0 0.560111 0.722307 0.052698 0.134175
