3 0.203091 0.157982 0.049742 0.130655
8 0.257006 0.159284 0.054729 0.138880
7 0.316012 0.160258 0.050174 0.133978
10 0.337426 0.223321 0.018502 0.029982
3 0.370394 0.168964 0.051533 0.138821
7 0.429386 0.171600 0.043195 0.133386
1 0.437416 0.171548 0.025512 0.110399
2 0.480543 0.176042 0.054448 0.134086
10 0.504346 0.228553 0.018971 0.029294
2 0.536254 0.178942 0.052711 0.137326
3 0.537198 0.181837 0.049373 0.135940
6 0.589778 0.183878 0.052729 0.139607
9 0.648738 0.187855 0.051864 0.135656
0 0.302301 0.351129 0.052321 0.139538
10 0.326907 0.402173 0.020169 0.035890
0 0.359404 0.351160 0.052928 0.133603
0 0.416362 0.352574 0.055195 0.141638
2 0.740880 0.383849 0.051117 0.132311
4 0.797327 0.383489 0.049354 0.109185
5 0.852256 0.389263 0.049778 0.132655
2 0.238185 0.528652 0.055027 0.141638
6 0.294327 0.531536 0.051078 0.132939
10 0.315572 0.588859 0.021755 0.035070
1 0.366852 0.542270 0.025392 0.115148
1 0.637875 0.560750 0.024662 0.120588
1 0.690648 0.562885 0.027229 0.121826
3 0.732944 0.566669 0.050357 0.138312
10 0.756171 0.622274 0.019799 0.030799
9 0.789425 0.570952 0.050311 0.133624
5 0.220649 0.696055 0.049027 0.132902
9 0.278384 0.700074 0.051280 0.130549
8 0.333146 0.709935 0.053624 0.139643
8 0.388849 0.712995 0.053595 0.139977
0 0.446739 0.712718 0.055224 0.135611
10 0.468764 0.771346 0.019324 0.028819
2 0.503087 0.718765 0.051800 0.136843
0 0.560178 0.721960 0.052498 0.133856
