3 0.202912 0.158005 0.050333 0.131919
8 0.256698 0.160352 0.055152 0.141230
7 0.315124 0.160323 0.051000 0.134488
3 0.370025 0.167286 0.051652 0.138288
7 0.427420 0.169103 0.047113 0.128934
1 0.437568 0.172701 0.024391 0.111176
2 0.481287 0.175480 0.051429 0.131460
10 0.504479 0.230030 0.020086 0.031713
2 0.536413 0.178787 0.052523 0.139017
3 0.537300 0.180688 0.050554 0.135785
6 0.589816 0.184080 0.053410 0.140650
10 0.615500 0.240632 0.019084 0.029604
9 0.648831 0.189035 0.051436 0.132622
1 0.709896 0.187281 0.036405 0.121805
0 0.303230 0.349120 0.049763 0.133209
10 0.323124 0.401530 0.020171 0.026413
0 0.359421 0.351714 0.052907 0.133567
0 0.413261 0.356299 0.056118 0.135625
2 0.740818 0.383740 0.051243 0.132892
4 0.797603 0.383448 0.049105 0.108909
5 0.852431 0.389215 0.049635 0.133673
2 0.238011 0.528657 0.055186 0.141478
6 0.293002 0.531868 0.051568 0.136237
10 0.319302 0.586742 0.018579 0.029977
3 0.353315 0.539320 0.050585 0.134110
5 0.353316 0.531438 0.049709 0.132549
1 0.637031 0.560616 0.025290 0.112795
1 0.690331 0.561969 0.027930 0.121301
3 0.732974 0.568943 0.049131 0.132904
10 0.757846 0.619065 0.016913 0.026300
6 0.787232 0.567712 0.051359 0.136030
5 0.220223 0.695998 0.049658 0.133456
9 0.278428 0.700352 0.051276 0.131368
8 0.333037 0.710298 0.053080 0.138436
8 0.388843 0.712738 0.053382 0.139326
0 0.446745 0.713001 0.055197 0.135783
10 0.468268 0.771560 0.019458 0.028794
2 0.503152 0.718517 0.051764 0.136542
0 0.560140 0.725229 0.054792 0.142755
