3 0.203045 0.157829 0.049630 0.130676
8 0.256783 0.159806 0.055408 0.140922
7 0.315354 0.160277 0.050715 0.133724
3 0.316872 0.162898 0.048925 0.132872
3 0.369889 0.167649 0.052191 0.138807
7 0.429273 0.170117 0.045983 0.128001
1 0.436334 0.171548 0.025988 0.111904
2 0.480487 0.175795 0.053436 0.133636
10 0.504714 0.229079 0.018707 0.028570
2 0.536035 0.178695 0.052472 0.139391
3 0.537186 0.180943 0.050754 0.136770
6 0.589669 0.183800 0.053172 0.141455
9 0.648566 0.187769 0.051285 0.132139
0 0.302299 0.351824 0.052711 0.141320
10 0.328254 0.402370 0.019063 0.035340
0 0.359412 0.351944 0.052952 0.134591
0 0.416089 0.352816 0.054266 0.137153
2 0.740043 0.377375 0.052127 0.129123
4 0.796412 0.381899 0.050937 0.112507
5 0.851802 0.388933 0.049847 0.132760
2 0.238109 0.528623 0.054909 0.141213
6 0.294395 0.529347 0.053501 0.139142
1 0.366364 0.543036 0.025227 0.113688
1 0.637845 0.561387 0.024932 0.109926
1 0.689532 0.561485 0.029366 0.119524
3 0.733085 0.568819 0.049386 0.132594
10 0.755728 0.621906 0.019756 0.030987
9 0.789321 0.570555 0.050997 0.134715
5 0.220584 0.696100 0.049335 0.132821
9 0.278315 0.700208 0.051165 0.131339
8 0.333086 0.710225 0.053441 0.139856
8 0.388813 0.712611 0.053715 0.140205
10 0.445600 0.720327 0.052847 0.138021
0 0.446641 0.712947 0.054949 0.135165
10 0.468646 0.770932 0.019353 0.029201
2 0.503277 0.718193 0.051992 0.136555
0 0.560032 0.725469 0.054767 0.141935
