4 0.187111 0.147458 0.051309 0.121495
6 0.239289 0.155350 0.050893 0.136170
8 0.240301 0.150553 0.049068 0.126398
9 0.295538 0.157939 0.051276 0.133336
8 0.298990 0.155899 0.046616 0.123800
4 0.351609 0.160646 0.053045 0.125764
7 0.412176 0.170307 0.038969 0.116750
8 0.459876 0.175361 0.045825 0.125074
9 0.459907 0.175423 0.054177 0.146700
9 0.516154 0.167249 0.054590 0.150326
7 0.572693 0.173856 0.046622 0.141250
6 0.619094 0.183490 0.055607 0.143538
8 0.673976 0.174859 0.047935 0.130305
4 0.676540 0.186864 0.056672 0.136006
0 0.284818 0.344613 0.052628 0.129668
0 0.339818 0.347152 0.054463 0.133371
0 0.395153 0.350388 0.052124 0.133865
2 0.711063 0.380419 0.050638 0.133929
10 0.739080 0.434674 0.018908 0.034182
4 0.769871 0.384341 0.052921 0.115291
5 0.817465 0.387266 0.049220 0.130894
3 0.222694 0.520517 0.049127 0.134175
0 0.275655 0.523058 0.054082 0.135032
10 0.295512 0.580422 0.018239 0.026288
0 0.331455 0.526826 0.053149 0.136217
1 0.605854 0.547210 0.028047 0.109144
1 0.663162 0.556106 0.024813 0.108199
4 0.703479 0.561647 0.047230 0.116830
1 0.772417 0.570259 0.023704 0.106130
1 0.223176 0.688995 0.023200 0.110591
8 0.260521 0.689462 0.050664 0.136897
5 0.313021 0.693932 0.049020 0.129134
6 0.365949 0.702664 0.050045 0.137512
5 0.368209 0.698745 0.050430 0.138535
2 0.368243 0.698302 0.051896 0.139242
8 0.424680 0.700865 0.054629 0.140267
1 0.493436 0.705549 0.027812 0.125153
