3 0.202363 0.158181 0.048464 0.136004
8 0.256137 0.158482 0.052643 0.138503
7 0.314155 0.161671 0.052439 0.136586
3 0.369736 0.169908 0.051337 0.140793
7 0.433727 0.175187 0.034054 0.122179
1 0.436889 0.173243 0.025200 0.113336
2 0.479540 0.175821 0.053894 0.134149
10 0.501750 0.231338 0.018082 0.026927
3 0.535503 0.180173 0.051904 0.139920
6 0.589317 0.183522 0.053210 0.136435
9 0.647401 0.188042 0.052519 0.137125
1 0.716052 0.194961 0.027816 0.113370
0 0.301608 0.351624 0.052149 0.138633
10 0.327127 0.403191 0.019964 0.034270
0 0.359015 0.352097 0.052945 0.135191
0 0.415873 0.355135 0.054438 0.136035
2 0.737350 0.381965 0.052500 0.132135
10 0.764811 0.436241 0.019057 0.028701
4 0.794889 0.384501 0.051522 0.116682
5 0.850157 0.390935 0.050950 0.135219
3 0.238345 0.532256 0.048826 0.135150
0 0.292910 0.536614 0.053044 0.133487
10 0.316399 0.592389 0.019003 0.030490
3 0.352763 0.541351 0.052148 0.139390
1 0.636358 0.564579 0.024568 0.121448
1 0.688968 0.563373 0.025691 0.115108
4 0.731921 0.565817 0.049253 0.118036
1 0.732265 0.565122 0.047316 0.118945
10 0.754210 0.620106 0.016803 0.026420
0 0.787528 0.570522 0.054017 0.135340
5 0.219536 0.696289 0.050913 0.136109
9 0.278162 0.700709 0.051840 0.132908
8 0.332482 0.710550 0.052562 0.136883
8 0.389459 0.707159 0.052326 0.134442
0 0.445461 0.714331 0.054220 0.133952
10 0.467416 0.773102 0.019636 0.028894
2 0.501542 0.720329 0.052196 0.134700
0 0.558581 0.723064 0.052255 0.135736
