3 0.202760 0.157166 0.048445 0.132928
8 0.256799 0.158488 0.055366 0.140631
7 0.316850 0.159137 0.050306 0.132063
3 0.369809 0.167457 0.052972 0.136370
7 0.427668 0.169985 0.047375 0.131884
1 0.437130 0.170640 0.025228 0.109520
2 0.480202 0.175822 0.053762 0.134382
10 0.502920 0.228511 0.018861 0.029445
5 0.536050 0.178757 0.052184 0.138123
3 0.536942 0.181036 0.050383 0.135288
6 0.589535 0.183684 0.053168 0.140783
9 0.648366 0.188651 0.051534 0.133418
1 0.714135 0.192881 0.034001 0.131048
0 0.302487 0.351418 0.052656 0.139539
10 0.328134 0.402011 0.020251 0.037698
0 0.359255 0.351775 0.053033 0.134493
0 0.416187 0.352879 0.054702 0.138268
2 0.740330 0.379182 0.049816 0.124388
4 0.797001 0.382275 0.050899 0.113027
5 0.852076 0.388481 0.049177 0.130766
2 0.237963 0.528828 0.055388 0.141961
6 0.294340 0.529570 0.053729 0.139655
10 0.314923 0.588113 0.021791 0.035730
1 0.367003 0.543307 0.024855 0.113484
1 0.636841 0.560982 0.025326 0.111633
1 0.689651 0.561523 0.027650 0.118858
4 0.732761 0.565462 0.049940 0.118641
10 0.757279 0.622304 0.020051 0.029302
0 0.789301 0.568997 0.052771 0.135095
5 0.220830 0.695942 0.049107 0.133072
8 0.277984 0.703379 0.049493 0.134896
9 0.278454 0.699773 0.050757 0.130774
8 0.333016 0.709869 0.053305 0.139500
8 0.388849 0.712804 0.053859 0.140737
0 0.446623 0.712879 0.055082 0.135910
10 0.468369 0.771203 0.019266 0.028913
2 0.502932 0.718691 0.051964 0.137275
0 0.559797 0.725448 0.053784 0.141879
