3 0.202715 0.157000 0.048694 0.134272
8 0.256488 0.159398 0.054895 0.140445
7 0.315171 0.160137 0.050849 0.131261
3 0.316723 0.161966 0.048201 0.132001
3 0.370245 0.169329 0.051564 0.138072
7 0.430484 0.171016 0.040498 0.125734
1 0.438616 0.172597 0.025081 0.114383
2 0.481002 0.175516 0.052405 0.134343
10 0.505213 0.229195 0.018906 0.029613
2 0.535571 0.178841 0.053607 0.139470
3 0.536956 0.180936 0.050636 0.136531
6 0.589833 0.183718 0.053669 0.142463
9 0.648464 0.187699 0.051612 0.135021
0 0.302409 0.351190 0.052748 0.142059
10 0.328738 0.402561 0.020386 0.036832
0 0.359235 0.351471 0.053076 0.134709
0 0.416145 0.353259 0.054596 0.138712
2 0.740488 0.383002 0.051266 0.132832
4 0.796749 0.382044 0.051288 0.113183
5 0.852371 0.389064 0.049623 0.133314
2 0.238041 0.528652 0.055127 0.141418
6 0.294575 0.529302 0.053593 0.139530
10 0.314959 0.588750 0.021758 0.036277
1 0.366997 0.542593 0.025359 0.116306
1 0.637513 0.560145 0.024929 0.109909
1 0.688961 0.561488 0.028256 0.119788
4 0.734176 0.567505 0.049072 0.115454
10 0.757488 0.621590 0.020160 0.030675
0 0.789495 0.569244 0.052897 0.135332
5 0.220612 0.696029 0.049067 0.133165
9 0.278224 0.699877 0.050987 0.130720
8 0.333081 0.710154 0.053684 0.140101
8 0.390572 0.707041 0.053425 0.135819
0 0.391925 0.715143 0.060848 0.143587
0 0.446472 0.712814 0.054736 0.135475
10 0.468753 0.771538 0.019418 0.028993
2 0.502966 0.718408 0.052098 0.136530
0 0.560007 0.721823 0.052290 0.133364
