4 0.185357 0.146448 0.052800 0.119912
6 0.238988 0.152350 0.051854 0.133521
9 0.295701 0.157096 0.051859 0.130650
4 0.351931 0.156953 0.052211 0.121487
1 0.419778 0.167406 0.024810 0.116898
1 0.459945 0.170562 0.050213 0.136411
9 0.460967 0.171113 0.052336 0.137362
10 0.482598 0.229453 0.018427 0.030027
9 0.517427 0.173004 0.052487 0.138095
1 0.585989 0.179253 0.026647 0.119048
6 0.625654 0.182857 0.049078 0.136077
4 0.683372 0.186760 0.053608 0.122538
0 0.283748 0.343142 0.051939 0.137630
10 0.307206 0.394169 0.020030 0.031925
0 0.338717 0.346797 0.052148 0.138343
0 0.394986 0.352430 0.053623 0.140454
2 0.715282 0.381050 0.054548 0.142432
10 0.737234 0.433852 0.019515 0.031989
4 0.772559 0.380330 0.051620 0.120609
5 0.826140 0.388424 0.049044 0.134351
2 0.219901 0.519142 0.052660 0.136372
6 0.274682 0.521484 0.052888 0.134339
10 0.297378 0.577387 0.019170 0.030916
5 0.331046 0.529061 0.047942 0.134594
1 0.612368 0.553435 0.026223 0.120906
1 0.666292 0.562384 0.024984 0.124133
3 0.708398 0.560799 0.051764 0.133539
10 0.729271 0.620275 0.019212 0.029758
1 0.776518 0.569314 0.026613 0.120735
1 0.220287 0.688591 0.023955 0.117609
1 0.257734 0.691996 0.052946 0.138795
8 0.258342 0.693093 0.052133 0.132728
5 0.313454 0.696901 0.050254 0.136388
2 0.368116 0.698350 0.052712 0.139048
5 0.369455 0.699476 0.053354 0.147129
8 0.424810 0.701669 0.054150 0.136144
1 0.424879 0.711251 0.054637 0.142791
10 0.446496 0.764619 0.020261 0.031154
1 0.494421 0.712842 0.026577 0.126906
1 0.550487 0.714470 0.026532 0.129497
