4 0.185678 0.150542 0.050150 0.115834
6 0.239849 0.154775 0.052242 0.133559
9 0.295641 0.159652 0.051484 0.130973
4 0.351505 0.160639 0.051567 0.119470
1 0.419258 0.171552 0.025006 0.117425
9 0.460196 0.174993 0.053384 0.139796
10 0.481809 0.225260 0.017574 0.027108
9 0.516002 0.178716 0.052369 0.132246
1 0.584666 0.183145 0.026047 0.118818
6 0.624115 0.187107 0.050368 0.135077
10 0.648578 0.243929 0.018122 0.027868
4 0.681682 0.188459 0.052149 0.120949
0 0.283742 0.342037 0.052720 0.133455
10 0.307460 0.395609 0.020980 0.033136
0 0.338800 0.348629 0.052465 0.138812
0 0.394949 0.354195 0.052810 0.137676
2 0.714091 0.381794 0.053887 0.140822
10 0.739660 0.432657 0.019933 0.029476
4 0.771343 0.382125 0.050334 0.117873
5 0.824463 0.390930 0.049214 0.132401
2 0.219760 0.518799 0.051526 0.132320
6 0.274163 0.521604 0.052327 0.134500
10 0.298142 0.576287 0.019676 0.031069
0 0.330833 0.529464 0.052567 0.134379
1 0.611197 0.553883 0.026440 0.121734
1 0.663613 0.561555 0.024734 0.117861
4 0.706084 0.562846 0.050303 0.117119
10 0.728007 0.619393 0.020461 0.031247
1 0.775378 0.570859 0.026491 0.123165
1 0.221359 0.687854 0.023746 0.116762
1 0.257815 0.691271 0.052519 0.138253
8 0.258389 0.692460 0.052082 0.132646
5 0.313187 0.695295 0.050073 0.135931
2 0.367122 0.702358 0.052997 0.136138
8 0.423289 0.706883 0.054435 0.138815
1 0.423980 0.711117 0.054633 0.142703
10 0.446846 0.763498 0.020331 0.030919
1 0.493489 0.713204 0.026606 0.128611
1 0.548810 0.714446 0.025727 0.123399
