3 0.201178 0.157573 0.050494 0.138389
8 0.255981 0.158527 0.054524 0.140163
7 0.315754 0.160276 0.050805 0.137381
3 0.369527 0.166085 0.052551 0.136841
7 0.428830 0.169697 0.044820 0.127693
1 0.437365 0.170898 0.024532 0.108972
2 0.478747 0.175146 0.052931 0.137449
10 0.502395 0.228358 0.018110 0.027792
5 0.534882 0.177845 0.050155 0.138880
3 0.535119 0.179253 0.050961 0.137327
6 0.588488 0.182505 0.052672 0.134259
9 0.646576 0.185878 0.052123 0.137343
1 0.715794 0.195208 0.025284 0.116754
0 0.301693 0.351407 0.052235 0.141238
10 0.321834 0.401382 0.020382 0.027688
0 0.358222 0.350808 0.052648 0.135397
0 0.411581 0.356651 0.055967 0.139542
2 0.737587 0.379730 0.049777 0.132806
4 0.794476 0.381253 0.051269 0.116272
5 0.849559 0.388440 0.050476 0.131118
2 0.237534 0.528719 0.055187 0.141545
6 0.293661 0.531813 0.050239 0.131889
10 0.315008 0.588591 0.021318 0.034704
1 0.365347 0.542681 0.025112 0.114385
1 0.636043 0.563019 0.024239 0.119659
1 0.689520 0.562607 0.026666 0.122699
5 0.729984 0.568360 0.049333 0.138074
3 0.730780 0.568782 0.049933 0.133396
10 0.756886 0.622712 0.020134 0.031998
9 0.786967 0.568584 0.052584 0.136667
5 0.219997 0.696734 0.049535 0.133975
9 0.277270 0.700690 0.051351 0.132554
8 0.332185 0.710625 0.052985 0.139479
8 0.388041 0.713535 0.053608 0.140766
0 0.445410 0.713714 0.054832 0.134657
10 0.466735 0.771828 0.019603 0.030170
2 0.501303 0.720235 0.051943 0.136108
0 0.558080 0.723277 0.052574 0.134565
