3 0.203953 0.155789 0.050281 0.136695
8 0.259357 0.158911 0.055828 0.141848
7 0.317946 0.159534 0.050214 0.135099
3 0.372010 0.167388 0.052931 0.139832
7 0.432185 0.172515 0.041282 0.127434
1 0.439449 0.170179 0.025787 0.117250
2 0.482884 0.174528 0.052665 0.135329
10 0.505733 0.229802 0.019008 0.028663
3 0.538738 0.179472 0.050829 0.138540
6 0.591841 0.182343 0.052926 0.137845
9 0.649516 0.187754 0.051457 0.133393
1 0.716332 0.193510 0.033509 0.123204
0 0.305664 0.348555 0.050019 0.131829
10 0.329710 0.404640 0.019428 0.032263
0 0.361399 0.351327 0.052020 0.133193
0 0.418315 0.351877 0.053129 0.139126
4 0.736448 0.425873 0.051992 0.224133
2 0.741526 0.383711 0.051580 0.134788
4 0.798069 0.383583 0.049714 0.112651
5 0.852557 0.389339 0.049357 0.133560
2 0.241268 0.529160 0.056024 0.139549
7 0.303894 0.524172 0.045876 0.125440
1 0.369653 0.535370 0.025415 0.118856
1 0.637935 0.561734 0.025823 0.112145
1 0.689773 0.561725 0.029777 0.119074
4 0.736472 0.568123 0.048425 0.109662
10 0.757817 0.623204 0.020762 0.032690
7 0.804316 0.566202 0.029172 0.103985
1 0.804343 0.570813 0.027072 0.112785
5 0.223736 0.697823 0.048480 0.133176
9 0.280728 0.700842 0.052777 0.133573
8 0.335691 0.704811 0.053952 0.137368
8 0.392261 0.708369 0.053900 0.136638
0 0.448504 0.714281 0.055462 0.138585
10 0.474341 0.769168 0.018773 0.028813
2 0.504764 0.719595 0.051158 0.137881
0 0.562007 0.726417 0.055164 0.143393
