3 0.202393 0.157285 0.049413 0.136074
8 0.256750 0.158797 0.055171 0.139438
7 0.317125 0.159653 0.049202 0.132300
5 0.370128 0.168272 0.050701 0.137814
3 0.370348 0.167621 0.051484 0.136964
1 0.438464 0.172504 0.024487 0.110829
2 0.480264 0.176169 0.053206 0.134559
10 0.503966 0.230433 0.019172 0.028479
3 0.537490 0.181000 0.050862 0.137079
6 0.590577 0.183721 0.053091 0.136223
9 0.648783 0.188243 0.051478 0.132938
1 0.714714 0.193861 0.033332 0.125400
0 0.302423 0.351705 0.052753 0.140813
10 0.322888 0.401566 0.020175 0.026323
0 0.359517 0.352048 0.053042 0.134339
0 0.416384 0.352937 0.055162 0.140973
2 0.740230 0.380344 0.050531 0.126829
4 0.797411 0.383997 0.051910 0.115378
5 0.852665 0.389773 0.049814 0.134659
2 0.238686 0.529018 0.057083 0.139771
7 0.301965 0.525487 0.049108 0.136485
1 0.366762 0.542135 0.025000 0.115359
1 0.636724 0.561604 0.026221 0.113922
1 0.690285 0.562739 0.027783 0.121071
4 0.734336 0.565468 0.050631 0.117129
10 0.757229 0.622615 0.021010 0.031169
1 0.803924 0.572049 0.025530 0.115919
5 0.220617 0.696297 0.049726 0.133698
9 0.278581 0.700279 0.051532 0.132200
8 0.279179 0.707682 0.053563 0.135242
8 0.333053 0.710617 0.053196 0.139248
8 0.388891 0.713152 0.053794 0.140221
0 0.446778 0.713515 0.054923 0.135877
10 0.468497 0.772094 0.019278 0.028832
2 0.503163 0.719125 0.051928 0.137505
0 0.559989 0.722167 0.052899 0.134399
