3 0.199659 0.156298 0.048046 0.130318
8 0.253219 0.158767 0.052353 0.140044
7 0.312055 0.159991 0.046717 0.133220
3 0.366310 0.169492 0.049777 0.140817
9 0.369196 0.164044 0.050387 0.142030
10 0.387446 0.223101 0.017195 0.027730
7 0.433300 0.176032 0.031449 0.112579
1 0.433875 0.177683 0.025719 0.107931
2 0.475639 0.176283 0.054873 0.138546
10 0.498603 0.233438 0.019454 0.029652
3 0.532027 0.179396 0.050141 0.140625
8 0.585519 0.181434 0.052615 0.133661
6 0.586195 0.181617 0.053848 0.141725
9 0.643227 0.188988 0.051268 0.133250
7 0.717433 0.191745 0.034420 0.118708
0 0.298467 0.353103 0.053615 0.134406
10 0.323700 0.403112 0.017620 0.028086
0 0.356000 0.352762 0.052769 0.134913
0 0.411031 0.361042 0.053099 0.132640
2 0.733863 0.382125 0.054349 0.137477
10 0.757021 0.437451 0.019789 0.028649
4 0.791810 0.384358 0.052579 0.120842
5 0.842183 0.386227 0.051678 0.142834
6 0.847543 0.389909 0.048999 0.130257
3 0.235913 0.533669 0.047741 0.134210
0 0.291282 0.531413 0.053683 0.137982
10 0.314854 0.594095 0.018578 0.031258
3 0.349119 0.540779 0.051060 0.134303
1 0.632135 0.569781 0.023256 0.106519
1 0.686663 0.564853 0.026449 0.119307
4 0.727913 0.568198 0.049560 0.118126
1 0.728452 0.568438 0.048415 0.122539
0 0.729864 0.569091 0.052014 0.124103
10 0.750932 0.621003 0.019332 0.029259
0 0.784177 0.569903 0.054487 0.138853
5 0.215802 0.696532 0.051180 0.136819
9 0.274165 0.702176 0.052970 0.138292
8 0.329528 0.706402 0.053472 0.138417
8 0.386351 0.707834 0.053543 0.138005
0 0.441800 0.712885 0.053865 0.132886
10 0.464435 0.770775 0.020039 0.033886
2 0.497747 0.720303 0.051769 0.132541
0 0.498635 0.720060 0.053259 0.143744
0 0.555507 0.722618 0.053121 0.135113
8 0.833639 0.710213 0.036111 0.089319
