3 0.201991 0.156883 0.048756 0.136198
8 0.257051 0.158819 0.055256 0.142472
7 0.317618 0.160457 0.048476 0.130261
3 0.369364 0.166726 0.051995 0.140279
1 0.432066 0.162564 0.037163 0.131925
7 0.433083 0.168554 0.037348 0.128039
2 0.479018 0.174777 0.054885 0.137781
10 0.503098 0.231270 0.019138 0.029067
3 0.535449 0.179138 0.051534 0.138320
6 0.588871 0.180539 0.052495 0.140752
9 0.647558 0.187145 0.052500 0.140143
1 0.709738 0.189345 0.034950 0.122553
7 0.714226 0.193735 0.032209 0.111830
0 0.301921 0.352052 0.052449 0.140496
10 0.322736 0.402553 0.020173 0.025996
0 0.359476 0.352565 0.052993 0.136016
0 0.415484 0.354305 0.055215 0.139571
2 0.737735 0.382123 0.052531 0.133825
10 0.761846 0.429652 0.022971 0.039261
4 0.795215 0.384999 0.052382 0.119395
5 0.850446 0.390235 0.050787 0.136782
3 0.238309 0.532425 0.048747 0.135052
0 0.293800 0.535362 0.053084 0.136164
10 0.316214 0.589333 0.024668 0.036780
1 0.365646 0.542139 0.027101 0.124064
1 0.635649 0.562633 0.025085 0.123482
1 0.690069 0.563344 0.026570 0.120232
4 0.731580 0.567824 0.050363 0.118845
10 0.756532 0.623922 0.020327 0.030468
0 0.787198 0.570219 0.054367 0.136711
2 0.220322 0.701162 0.051069 0.140606
5 0.220425 0.698969 0.050297 0.139015
9 0.278037 0.702320 0.051874 0.134793
8 0.332300 0.711636 0.053357 0.139273
8 0.389559 0.708326 0.052780 0.135717
0 0.445531 0.715268 0.054095 0.133910
10 0.468928 0.774965 0.018702 0.028124
2 0.501580 0.721399 0.052481 0.136354
0 0.558619 0.723897 0.053670 0.136393
