3 0.202862 0.155746 0.046133 0.134544
8 0.256350 0.157464 0.052428 0.137397
7 0.315642 0.158607 0.049781 0.132167
3 0.368946 0.168373 0.050215 0.148030
5 0.370413 0.162164 0.053708 0.154200
1 0.434784 0.173546 0.028139 0.110093
7 0.435738 0.169430 0.033894 0.125693
2 0.481406 0.174566 0.051692 0.151415
10 0.503240 0.230239 0.019277 0.030478
3 0.535392 0.179151 0.048233 0.138247
9 0.535939 0.174225 0.054776 0.152253
6 0.588221 0.178496 0.052180 0.139991
8 0.588878 0.179448 0.053117 0.139448
9 0.646191 0.186285 0.053039 0.138599
8 0.647368 0.183110 0.053188 0.159290
7 0.716124 0.191424 0.029362 0.108342
1 0.716844 0.194864 0.027379 0.105092
0 0.302959 0.347751 0.051305 0.134612
10 0.325848 0.400687 0.017623 0.028901
0 0.359298 0.351553 0.053443 0.136284
0 0.416273 0.354534 0.055522 0.141477
2 0.737268 0.382392 0.052766 0.133876
10 0.763445 0.436399 0.018714 0.029780
4 0.796026 0.385992 0.052481 0.118138
5 0.850384 0.389158 0.050645 0.134681
3 0.238389 0.530677 0.052164 0.142683
0 0.293432 0.531762 0.053551 0.139563
10 0.319091 0.588978 0.019209 0.031906
0 0.351196 0.539547 0.053522 0.135693
1 0.635888 0.568204 0.024416 0.118842
1 0.690170 0.564726 0.026541 0.121617
4 0.732171 0.570704 0.049779 0.121466
1 0.732665 0.570883 0.047477 0.126489
0 0.733070 0.568802 0.050697 0.125476
10 0.752555 0.622258 0.019509 0.029144
0 0.787964 0.571535 0.054450 0.138672
5 0.219439 0.698356 0.051251 0.138612
9 0.277969 0.708738 0.051816 0.135063
8 0.333534 0.707320 0.054538 0.138882
8 0.389903 0.709570 0.052383 0.135808
0 0.445971 0.715330 0.053808 0.134211
10 0.473347 0.773867 0.020940 0.033587
2 0.502176 0.722279 0.052229 0.134544
0 0.558698 0.725404 0.052563 0.134445
