3 0.202541 0.157587 0.048922 0.134889
8 0.256785 0.159048 0.054847 0.138898
7 0.316773 0.160385 0.049750 0.129124
3 0.370283 0.169194 0.050930 0.136849
1 0.438121 0.171950 0.025355 0.113948
2 0.481156 0.175969 0.052014 0.134729
10 0.503546 0.229568 0.018500 0.028587
3 0.537141 0.180849 0.051219 0.137082
6 0.589721 0.183866 0.053266 0.141726
10 0.616219 0.240656 0.019278 0.030413
9 0.648653 0.187478 0.051810 0.136219
1 0.718974 0.194231 0.024136 0.105021
0 0.303240 0.348396 0.050278 0.134124
10 0.327707 0.402606 0.019570 0.033555
0 0.359607 0.352161 0.052803 0.133367
0 0.416363 0.353598 0.054711 0.137298
2 0.740521 0.383536 0.052935 0.136972
4 0.797464 0.383144 0.049777 0.110217
5 0.852077 0.389230 0.049524 0.131965
2 0.237751 0.528923 0.055268 0.141317
6 0.293029 0.532295 0.051556 0.137594
10 0.317410 0.586801 0.018950 0.029917
4 0.352770 0.537939 0.053125 0.113836
1 0.637013 0.561704 0.025588 0.114416
1 0.690656 0.562863 0.027335 0.123531
3 0.733127 0.568583 0.049351 0.133743
1 0.733908 0.567885 0.047422 0.138243
10 0.757260 0.619182 0.017396 0.026794
6 0.787187 0.567114 0.051819 0.135948
5 0.220632 0.695798 0.049189 0.132174
9 0.278538 0.700099 0.051423 0.130213
8 0.333072 0.710172 0.053570 0.139715
8 0.388995 0.712401 0.053691 0.140008
0 0.390888 0.714857 0.057111 0.143677
0 0.446751 0.713016 0.055040 0.135549
10 0.468967 0.771068 0.018896 0.028496
2 0.503153 0.719065 0.051530 0.136528
0 0.560137 0.722233 0.052679 0.133602
