4 0.185875 0.150172 0.050166 0.116061
6 0.239633 0.154387 0.051864 0.132280
9 0.294983 0.159918 0.051147 0.130939
4 0.351284 0.163720 0.051029 0.117323
1 0.418864 0.170050 0.025242 0.117169
9 0.460291 0.174292 0.053421 0.139335
10 0.481427 0.225445 0.017499 0.027328
9 0.516290 0.178626 0.052812 0.132275
1 0.583563 0.183477 0.026999 0.121549
6 0.624050 0.186823 0.050156 0.134220
10 0.647059 0.245263 0.018229 0.028575
4 0.681314 0.188552 0.051554 0.120133
0 0.283796 0.342454 0.052381 0.133108
10 0.307799 0.394916 0.020572 0.032845
0 0.338620 0.348716 0.052004 0.137708
0 0.395054 0.354674 0.053090 0.135468
2 0.714011 0.381999 0.054027 0.141910
10 0.736798 0.434194 0.018941 0.032256
4 0.771077 0.382004 0.051203 0.118460
5 0.825092 0.388474 0.048100 0.130772
2 0.219719 0.519952 0.051881 0.134152
6 0.273962 0.522128 0.051996 0.134203
10 0.298391 0.576077 0.019050 0.030071
8 0.331037 0.529437 0.052345 0.134653
1 0.610537 0.554275 0.026282 0.121708
1 0.663598 0.561892 0.025185 0.120434
4 0.706909 0.563069 0.049863 0.114456
10 0.728091 0.618033 0.019734 0.030351
1 0.774442 0.569905 0.027052 0.122790
1 0.220772 0.688502 0.024158 0.116846
1 0.258362 0.691498 0.052648 0.137316
8 0.258855 0.692476 0.051827 0.131147
5 0.313231 0.694888 0.049280 0.134302
2 0.368208 0.697459 0.053188 0.136057
8 0.424358 0.699834 0.053443 0.134055
1 0.424456 0.711895 0.053967 0.142774
10 0.446068 0.763550 0.019943 0.030987
1 0.493046 0.714333 0.026278 0.126703
1 0.549490 0.713986 0.026513 0.126730
