4 0.186249 0.146807 0.052900 0.121866
6 0.239400 0.152789 0.052212 0.135088
9 0.296007 0.157633 0.051961 0.131365
4 0.352287 0.157222 0.051858 0.120408
1 0.419807 0.167454 0.024776 0.116915
1 0.459899 0.171414 0.050254 0.137314
9 0.460953 0.172175 0.052530 0.137645
10 0.482397 0.223676 0.017170 0.026001
9 0.517046 0.176086 0.052296 0.131392
1 0.586828 0.179719 0.025739 0.115548
6 0.625615 0.182964 0.049129 0.136478
4 0.683253 0.187103 0.053090 0.121979
0 0.283629 0.344209 0.052376 0.138585
10 0.307528 0.394627 0.020506 0.032787
0 0.339019 0.347656 0.052300 0.139265
0 0.395199 0.353752 0.053433 0.140524
2 0.715501 0.381034 0.054093 0.141362
10 0.736856 0.433897 0.019155 0.030501
4 0.772572 0.380152 0.051359 0.119463
5 0.826675 0.387703 0.047451 0.129743
2 0.219847 0.521233 0.052983 0.140088
5 0.275599 0.527169 0.048897 0.136920
10 0.297692 0.577371 0.018314 0.030223
5 0.330796 0.528769 0.047679 0.131305
1 0.611235 0.552360 0.026451 0.121028
1 0.666256 0.561316 0.025295 0.127333
2 0.706681 0.558989 0.049699 0.129368
10 0.728164 0.617888 0.018478 0.027660
6 0.759792 0.563499 0.050740 0.133423
1 0.220841 0.688210 0.023748 0.118038
1 0.257995 0.692001 0.052664 0.138453
8 0.258590 0.693179 0.052225 0.133272
5 0.313552 0.696252 0.049842 0.136151
2 0.368578 0.697854 0.052311 0.137993
8 0.424832 0.701008 0.053707 0.134626
1 0.424952 0.711861 0.055295 0.144128
10 0.447231 0.765128 0.020368 0.031233
1 0.495127 0.714070 0.026964 0.129910
1 0.550383 0.714527 0.027292 0.132018
