3 0.199164 0.158737 0.049233 0.136748
8 0.252959 0.157762 0.053058 0.138897
7 0.311364 0.160702 0.048651 0.135250
3 0.367265 0.169279 0.049800 0.137082
1 0.435198 0.174331 0.027520 0.123452
2 0.475621 0.176593 0.055000 0.140059
10 0.499629 0.234024 0.019337 0.029408
3 0.532493 0.181815 0.051268 0.141793
6 0.585449 0.180901 0.052993 0.140828
9 0.642971 0.188790 0.052841 0.135714
7 0.704511 0.188026 0.043176 0.129013
1 0.712330 0.193206 0.030317 0.127702
0 0.298515 0.352195 0.053738 0.140404
10 0.324632 0.407706 0.019733 0.029574
0 0.354609 0.355219 0.053635 0.137398
0 0.411661 0.360001 0.053181 0.134110
2 0.734385 0.382936 0.053674 0.136254
10 0.758992 0.438213 0.020228 0.033606
4 0.791924 0.385505 0.051801 0.118976
5 0.847141 0.391667 0.052272 0.136108
3 0.235642 0.532997 0.048699 0.132090
0 0.290172 0.536197 0.052348 0.134739
10 0.315505 0.592700 0.020576 0.030489
3 0.348722 0.540391 0.051008 0.135369
1 0.631943 0.563996 0.025680 0.130158
1 0.686080 0.565807 0.026724 0.120809
4 0.728364 0.568878 0.050040 0.120042
1 0.728557 0.568518 0.049891 0.125047
10 0.750364 0.623323 0.019068 0.028910
0 0.784202 0.570618 0.054732 0.137322
5 0.217047 0.696406 0.050485 0.135568
9 0.274320 0.701362 0.051871 0.135892
8 0.329906 0.710594 0.052830 0.136501
8 0.386430 0.708555 0.052797 0.134888
0 0.441543 0.718152 0.053798 0.139995
10 0.466516 0.773317 0.020498 0.032235
2 0.498909 0.720749 0.052442 0.134807
0 0.555663 0.722851 0.053496 0.136100
8 0.831282 0.711931 0.033876 0.084579
