3 0.202889 0.157892 0.048524 0.134441
8 0.256686 0.159336 0.054598 0.138402
7 0.316424 0.160478 0.050113 0.134080
5 0.369501 0.168245 0.050382 0.137651
3 0.369597 0.169257 0.050922 0.136793
7 0.426786 0.169055 0.048651 0.130189
1 0.436747 0.171537 0.025051 0.110309
2 0.480196 0.176121 0.053977 0.136219
10 0.504804 0.228972 0.018648 0.028299
5 0.536299 0.178682 0.052087 0.138562
3 0.537004 0.181560 0.051406 0.137400
6 0.589949 0.183527 0.053281 0.142042
9 0.648231 0.188363 0.051453 0.134690
1 0.718267 0.191881 0.024985 0.112782
0 0.302520 0.350338 0.053067 0.141326
10 0.329182 0.402625 0.020011 0.038727
0 0.359400 0.351674 0.053062 0.134770
0 0.416233 0.353394 0.054598 0.138636
2 0.740102 0.379598 0.050106 0.126117
4 0.797029 0.382829 0.051403 0.114757
5 0.852393 0.389019 0.049425 0.133123
2 0.238220 0.529042 0.055023 0.140467
6 0.293887 0.530071 0.053625 0.138299
10 0.317872 0.585849 0.018983 0.029028
5 0.352077 0.531992 0.049383 0.133258
1 0.637600 0.561488 0.024278 0.119377
1 0.691512 0.564958 0.025082 0.118917
4 0.734479 0.566006 0.050690 0.118143
10 0.755323 0.623922 0.020982 0.031977
1 0.804104 0.573193 0.025924 0.119521
5 0.220513 0.696482 0.049534 0.134605
9 0.278147 0.700091 0.051234 0.131200
8 0.332880 0.710212 0.053066 0.138249
8 0.388755 0.712588 0.053700 0.139743
0 0.446619 0.712630 0.054860 0.135858
10 0.469189 0.771891 0.019361 0.028889
2 0.502932 0.718657 0.051819 0.136467
0 0.559918 0.722168 0.052637 0.133892
