3 0.202680 0.157418 0.048771 0.135267
8 0.256726 0.159957 0.054900 0.140107
7 0.315477 0.159641 0.050560 0.130672
3 0.369785 0.167981 0.051885 0.137924
7 0.428649 0.170151 0.046693 0.129247
1 0.437009 0.172475 0.025611 0.110926
2 0.481040 0.175975 0.051504 0.133488
10 0.505194 0.229797 0.018980 0.028565
5 0.536246 0.177943 0.051046 0.133593
2 0.536358 0.178735 0.052570 0.139747
3 0.537286 0.180626 0.051107 0.137498
6 0.590208 0.183969 0.053267 0.140410
9 0.648747 0.188536 0.051451 0.132587
7 0.710078 0.189102 0.036796 0.124779
1 0.712223 0.194539 0.036827 0.130833
0 0.302616 0.350940 0.053031 0.141523
10 0.328432 0.402395 0.020052 0.036113
0 0.359614 0.352222 0.052919 0.134575
0 0.416250 0.353007 0.054535 0.137720
2 0.740424 0.379778 0.050124 0.126007
10 0.768411 0.430194 0.021339 0.034650
4 0.797613 0.383458 0.050052 0.110680
5 0.852177 0.389421 0.049703 0.133259
2 0.238038 0.528917 0.055287 0.141512
6 0.294184 0.530094 0.053745 0.138560
10 0.319345 0.586386 0.018260 0.029929
5 0.352319 0.530950 0.048611 0.133312
3 0.353185 0.539640 0.051755 0.132807
1 0.637317 0.561180 0.025369 0.113782
1 0.690600 0.562500 0.027068 0.121798
3 0.734279 0.568689 0.049881 0.133173
10 0.756828 0.623638 0.020668 0.032049
7 0.794119 0.563369 0.046182 0.129592
5 0.220582 0.696249 0.049692 0.133987
9 0.278579 0.700015 0.051096 0.130868
8 0.333694 0.704111 0.053708 0.137343
8 0.388846 0.712946 0.053482 0.139722
0 0.446735 0.712608 0.055145 0.135618
10 0.469402 0.771487 0.019390 0.029720
2 0.503236 0.718513 0.052004 0.137325
0 0.560098 0.721446 0.052644 0.134080
