4 0.185875 0.149988 0.051770 0.116500
6 0.239600 0.154289 0.051434 0.132838
9 0.295632 0.159185 0.051214 0.130248
4 0.351348 0.160056 0.052272 0.121423
1 0.418771 0.169605 0.024980 0.116843
1 0.459528 0.172787 0.050404 0.138105
9 0.460567 0.174169 0.053010 0.138943
10 0.482991 0.224822 0.017948 0.027356
9 0.516459 0.175297 0.051871 0.134734
1 0.581870 0.181040 0.029418 0.122839
6 0.623717 0.185842 0.050130 0.132955
4 0.681523 0.188505 0.051833 0.120185
0 0.283288 0.345854 0.051901 0.134507
10 0.307180 0.394132 0.020576 0.033067
0 0.338936 0.348637 0.052497 0.138722
0 0.394553 0.354777 0.052105 0.137460
2 0.713983 0.381333 0.054158 0.141538
10 0.736037 0.433276 0.019058 0.030718
4 0.771275 0.381805 0.050974 0.118030
5 0.824695 0.388289 0.047907 0.129165
2 0.219912 0.521243 0.052609 0.139944
6 0.275653 0.522157 0.053403 0.134557
10 0.297743 0.577936 0.020233 0.031083
1 0.346580 0.530319 0.024279 0.112685
1 0.610495 0.553262 0.026300 0.122545
1 0.663575 0.562448 0.025327 0.124185
3 0.706030 0.566682 0.051016 0.139853
10 0.730912 0.614738 0.020225 0.036143
7 0.763646 0.565844 0.048980 0.129396
1 0.220733 0.688258 0.023780 0.115938
1 0.258411 0.691137 0.052423 0.137083
8 0.258883 0.692108 0.052136 0.131818
5 0.313276 0.694855 0.049873 0.134986
2 0.367306 0.702702 0.052455 0.132449
8 0.423679 0.706074 0.054524 0.138862
1 0.425131 0.710970 0.057444 0.142257
10 0.446514 0.764169 0.020279 0.031850
1 0.493935 0.708260 0.027344 0.122539
1 0.549062 0.712779 0.026756 0.127160
