4 0.182929 0.147652 0.052565 0.118132
6 0.236609 0.154635 0.052249 0.134641
9 0.293083 0.158870 0.051448 0.133461
4 0.349554 0.158651 0.054374 0.123455
1 0.418320 0.169003 0.025222 0.118103
9 0.458950 0.172412 0.048431 0.127646
10 0.480394 0.232115 0.019414 0.031241
9 0.515417 0.177909 0.052922 0.131304
1 0.583691 0.182051 0.026873 0.119166
6 0.624518 0.185930 0.050780 0.135703
4 0.682116 0.190713 0.054062 0.119864
0 0.281251 0.343069 0.052699 0.134159
10 0.305860 0.396654 0.020934 0.032611
0 0.337599 0.349163 0.052968 0.139006
0 0.394260 0.353879 0.053036 0.135688
2 0.714627 0.382939 0.054869 0.142441
10 0.736289 0.435903 0.019164 0.031368
4 0.771924 0.382618 0.051495 0.117189
5 0.826663 0.389235 0.048450 0.130977
2 0.217051 0.521779 0.052787 0.132605
6 0.271624 0.524047 0.053767 0.136913
10 0.297386 0.583836 0.018440 0.029739
4 0.330468 0.528309 0.052803 0.117800
1 0.610646 0.555080 0.026562 0.122747
1 0.664727 0.562948 0.025069 0.123476
3 0.705384 0.565869 0.048739 0.135370
1 0.705861 0.565233 0.048214 0.139070
10 0.727708 0.616632 0.016598 0.027903
0 0.759800 0.571187 0.052433 0.138599
1 0.217525 0.689730 0.024868 0.113741
1 0.255467 0.692519 0.052221 0.137545
8 0.255736 0.693222 0.051470 0.130429
5 0.310701 0.696483 0.050312 0.134208
2 0.365909 0.706542 0.053512 0.136269
8 0.422730 0.702630 0.054113 0.135882
1 0.423570 0.713816 0.055757 0.143827
10 0.445724 0.762593 0.021651 0.033307
1 0.492041 0.716949 0.026917 0.126857
1 0.548922 0.718339 0.027352 0.132134
