3 0.202068 0.157335 0.049984 0.135763
8 0.256603 0.160012 0.055428 0.141933
7 0.316206 0.160656 0.050425 0.135364
3 0.370371 0.167751 0.051521 0.136975
7 0.427956 0.173998 0.044797 0.127901
1 0.437667 0.172275 0.025067 0.112106
2 0.480228 0.176223 0.052061 0.135101
10 0.504375 0.230017 0.019566 0.030832
5 0.535966 0.178116 0.051045 0.132992
2 0.536256 0.178880 0.052743 0.139679
3 0.536867 0.181376 0.051420 0.138165
6 0.589997 0.183696 0.053965 0.142722
9 0.648594 0.188261 0.051364 0.133507
1 0.712371 0.186842 0.031442 0.121865
0 0.302415 0.352001 0.052801 0.139960
10 0.328821 0.402181 0.019671 0.036530
0 0.359384 0.351308 0.053032 0.134282
0 0.416186 0.352628 0.054061 0.137789
2 0.740795 0.383471 0.050823 0.132175
4 0.797379 0.383111 0.049188 0.109358
5 0.852313 0.389135 0.049769 0.133483
1 0.637638 0.562276 0.023964 0.109148
1 0.690815 0.562847 0.029680 0.112916
4 0.734877 0.565893 0.050167 0.116572
4 0.734967 0.436944 0.051849 0.248527
10 0.757385 0.621679 0.020761 0.031873
1 0.803456 0.573097 0.025786 0.115408
2 0.237905 0.528965 0.054691 0.140667
6 0.292368 0.531821 0.051109 0.136989
10 0.318817 0.586015 0.019597 0.029938
6 0.351101 0.531991 0.051019 0.134962
5 0.221044 0.696333 0.049169 0.132982
9 0.278382 0.700143 0.051268 0.131195
8 0.333252 0.710117 0.053488 0.139020
8 0.389050 0.712801 0.053673 0.139795
0 0.446597 0.713578 0.054694 0.135347
10 0.469493 0.771544 0.019179 0.028997
2 0.503109 0.718293 0.051895 0.136288
0 0.560599 0.724994 0.055027 0.143273
