3 0.201030 0.157264 0.050459 0.138237
8 0.255914 0.158480 0.054786 0.141012
7 0.315487 0.161487 0.050041 0.130888
10 0.336306 0.223215 0.018066 0.029260
3 0.369406 0.166176 0.051225 0.138478
7 0.426998 0.169079 0.048160 0.129668
1 0.436114 0.169987 0.024753 0.106057
2 0.478207 0.176000 0.053395 0.137674
10 0.503419 0.228771 0.017778 0.026588
5 0.534612 0.178075 0.050251 0.138195
3 0.534728 0.180132 0.051111 0.138380
6 0.587924 0.182887 0.052790 0.141293
9 0.647322 0.186511 0.052810 0.138051
1 0.711302 0.194594 0.034190 0.123901
0 0.301425 0.351339 0.052584 0.138649
10 0.322787 0.401143 0.020280 0.027225
0 0.358527 0.350238 0.053064 0.136680
0 0.411938 0.356903 0.056409 0.139493
2 0.737728 0.379534 0.051031 0.126944
4 0.794512 0.382217 0.051226 0.116660
5 0.849753 0.388673 0.050355 0.130722
2 0.237892 0.529176 0.057143 0.140821
7 0.300644 0.526901 0.048609 0.137048
1 0.365606 0.540411 0.025001 0.114512
1 0.636990 0.562822 0.023475 0.115597
1 0.687970 0.562679 0.025517 0.112870
4 0.732262 0.567153 0.049592 0.117453
10 0.753433 0.623715 0.021143 0.031914
1 0.801925 0.572836 0.025150 0.114888
5 0.220144 0.697311 0.049151 0.133582
9 0.277511 0.701331 0.051466 0.134233
8 0.332011 0.710766 0.053308 0.140043
8 0.389375 0.708140 0.052947 0.135876
0 0.445306 0.714185 0.054425 0.134959
10 0.466923 0.772541 0.019469 0.029167
2 0.501108 0.720417 0.052258 0.136687
0 0.558122 0.723231 0.052860 0.135018
