3 0.203205 0.158668 0.048320 0.135368
9 0.203710 0.155696 0.046149 0.122376
8 0.256338 0.159875 0.052794 0.141108
7 0.320162 0.159926 0.043426 0.131379
3 0.369816 0.169524 0.048831 0.141360
1 0.437320 0.176736 0.025474 0.104783
2 0.480594 0.176318 0.049547 0.141339
10 0.502863 0.233544 0.019259 0.028706
3 0.535316 0.180790 0.051004 0.142586
8 0.587548 0.181070 0.057081 0.155526
6 0.588010 0.181049 0.051424 0.138145
9 0.645996 0.188400 0.052294 0.136041
7 0.716690 0.196843 0.030017 0.099185
0 0.302113 0.352877 0.053497 0.138057
10 0.325520 0.400663 0.017910 0.029478
0 0.359012 0.352248 0.053632 0.134693
0 0.415674 0.355325 0.053460 0.135520
2 0.737965 0.381796 0.052603 0.132153
4 0.795262 0.385852 0.052094 0.117985
5 0.850685 0.390963 0.051127 0.134882
2 0.237209 0.530163 0.054442 0.142185
9 0.294412 0.533005 0.052982 0.140995
10 0.317664 0.587842 0.019062 0.031385
9 0.352888 0.540448 0.052432 0.133091
1 0.636467 0.561583 0.026425 0.120407
1 0.689418 0.563511 0.026504 0.120453
4 0.731565 0.568863 0.049076 0.118001
10 0.754605 0.619132 0.016722 0.026524
0 0.787186 0.569642 0.054551 0.136378
5 0.220056 0.697430 0.050321 0.139023
2 0.221433 0.698618 0.048703 0.139875
9 0.278345 0.700660 0.051651 0.133581
8 0.332558 0.710696 0.052183 0.136561
8 0.389575 0.707934 0.052434 0.133489
0 0.445600 0.715358 0.053660 0.130351
10 0.469342 0.771736 0.019769 0.032700
2 0.501778 0.720880 0.051770 0.134996
0 0.558340 0.723753 0.052907 0.133312
