3 0.202234 0.157323 0.050743 0.132971
8 0.256844 0.159620 0.055027 0.139018
7 0.316207 0.161635 0.050500 0.128712
5 0.369642 0.168143 0.050779 0.138101
3 0.369916 0.167313 0.051995 0.138338
7 0.430512 0.169665 0.042012 0.128975
1 0.437311 0.171896 0.025736 0.113020
2 0.480544 0.176134 0.053742 0.134212
10 0.505230 0.229120 0.018587 0.028061
3 0.537172 0.181273 0.050456 0.134066
6 0.590027 0.183442 0.053397 0.140120
9 0.648938 0.186906 0.052756 0.136169
7 0.710343 0.189658 0.040932 0.126851
1 0.717350 0.194320 0.027088 0.109042
0 0.302407 0.350716 0.051977 0.140445
10 0.322786 0.401835 0.020293 0.026603
0 0.359421 0.351643 0.053422 0.135173
0 0.416327 0.353046 0.054527 0.137034
2 0.740284 0.383955 0.052327 0.138542
4 0.797868 0.383273 0.049848 0.109833
2 0.852102 0.384209 0.046536 0.133243
5 0.852268 0.389391 0.049591 0.132656
2 0.238554 0.528916 0.056796 0.140133
7 0.299217 0.527971 0.049390 0.136900
10 0.318243 0.587410 0.016458 0.028722
0 0.353405 0.539941 0.054487 0.135087
1 0.636685 0.560622 0.025670 0.112570
1 0.689226 0.561741 0.027497 0.119234
4 0.734530 0.566074 0.050975 0.119371
10 0.755397 0.623781 0.020211 0.030952
1 0.804413 0.573932 0.025690 0.117758
5 0.220737 0.696352 0.049844 0.133850
9 0.278487 0.700362 0.051905 0.132428
8 0.279346 0.707875 0.055088 0.135909
8 0.333804 0.704256 0.053538 0.137052
8 0.388814 0.713079 0.053682 0.139997
0 0.446808 0.713091 0.055210 0.135917
10 0.468722 0.771854 0.018903 0.027978
2 0.503275 0.718806 0.051762 0.137017
0 0.560088 0.722063 0.052745 0.134637
