4 0.189443 0.150411 0.051179 0.118570
6 0.242246 0.153924 0.051986 0.132836
9 0.299458 0.161195 0.051109 0.132620
4 0.355698 0.161131 0.050977 0.117891
1 0.422861 0.170055 0.025492 0.117197
1 0.462066 0.174086 0.048893 0.135185
9 0.464005 0.173718 0.050862 0.136070
10 0.486247 0.225081 0.017226 0.027244
9 0.519314 0.178137 0.052055 0.133420
1 0.588232 0.182037 0.025385 0.118475
6 0.627822 0.186104 0.050916 0.137155
4 0.684831 0.189401 0.052573 0.120591
0 0.287261 0.343342 0.053380 0.134854
10 0.312162 0.401354 0.019487 0.031340
0 0.341403 0.348316 0.051924 0.139994
0 0.398178 0.353491 0.053271 0.135580
2 0.716688 0.382768 0.054027 0.140871
10 0.739259 0.434573 0.018858 0.031054
4 0.773764 0.381653 0.051637 0.117990
5 0.828374 0.389063 0.048169 0.131488
2 0.222783 0.519228 0.053348 0.138671
5 0.278458 0.522587 0.049076 0.133811
10 0.301519 0.579570 0.019687 0.032365
9 0.334552 0.531005 0.052717 0.134659
1 0.613606 0.556526 0.025127 0.119348
1 0.668200 0.560243 0.025245 0.122752
3 0.708614 0.565230 0.049146 0.132464
10 0.731428 0.614651 0.018812 0.031165
9 0.763708 0.567860 0.050632 0.131966
1 0.223052 0.686332 0.024515 0.114839
1 0.261953 0.690535 0.050879 0.134343
8 0.261967 0.692736 0.051401 0.133357
5 0.316284 0.693195 0.048784 0.130433
5 0.370280 0.698615 0.052067 0.138021
2 0.371577 0.697167 0.051725 0.137479
8 0.426930 0.701597 0.053715 0.133228
10 0.448440 0.763808 0.019614 0.031048
1 0.498768 0.710642 0.025822 0.124881
1 0.552366 0.712873 0.026396 0.128531
