4 0.185692 0.149330 0.050037 0.115659
6 0.239930 0.152996 0.052246 0.134596
9 0.295229 0.158464 0.050901 0.130676
4 0.351376 0.159315 0.051823 0.122147
1 0.419295 0.169473 0.024832 0.116850
9 0.460573 0.172155 0.049704 0.134773
10 0.481788 0.224300 0.017542 0.027159
9 0.515943 0.177114 0.052210 0.131096
1 0.583323 0.181096 0.027282 0.122514
6 0.624369 0.185297 0.050164 0.134326
4 0.681332 0.189895 0.052029 0.118932
0 0.283770 0.342212 0.052544 0.133572
10 0.307089 0.395209 0.020931 0.033045
0 0.338716 0.348533 0.052601 0.140065
0 0.395141 0.353888 0.052546 0.135818
2 0.713627 0.381353 0.053698 0.141301
10 0.735813 0.433972 0.018898 0.031441
4 0.771198 0.381219 0.050436 0.118021
5 0.824680 0.387772 0.047512 0.128999
2 0.219705 0.520154 0.052452 0.135368
5 0.275201 0.522841 0.050294 0.137678
9 0.275397 0.524801 0.048755 0.131628
10 0.298097 0.577656 0.018037 0.029977
9 0.331601 0.529873 0.050910 0.133493
1 0.610851 0.554276 0.026353 0.122116
1 0.664152 0.563012 0.024927 0.122932
3 0.705589 0.567152 0.050000 0.138262
1 0.706010 0.565112 0.048844 0.139406
10 0.728221 0.615696 0.018159 0.029904
9 0.760504 0.567307 0.052341 0.137984
1 0.220653 0.688694 0.023591 0.115763
1 0.257943 0.692220 0.051882 0.138038
8 0.258572 0.693724 0.051520 0.132469
5 0.312781 0.695926 0.049386 0.136246
2 0.368391 0.698154 0.052802 0.135732
8 0.424107 0.700791 0.053096 0.134334
1 0.424531 0.711943 0.053956 0.142218
10 0.447265 0.764265 0.019362 0.031360
1 0.493626 0.714134 0.026120 0.124162
1 0.549271 0.713886 0.025861 0.124656
