4 0.185801 0.146742 0.052366 0.120113
6 0.239694 0.152436 0.052450 0.135458
9 0.295591 0.157986 0.051557 0.131220
4 0.352257 0.157984 0.051945 0.120426
1 0.419598 0.167813 0.025104 0.116849
1 0.459845 0.171222 0.050428 0.136780
9 0.460960 0.171995 0.052505 0.137700
10 0.482388 0.229509 0.018024 0.029392
9 0.517247 0.173398 0.052068 0.136635
1 0.585598 0.180381 0.026522 0.119361
6 0.625519 0.183489 0.049263 0.135574
4 0.683221 0.187315 0.053119 0.120449
0 0.283220 0.345411 0.051678 0.134918
10 0.307342 0.396269 0.020599 0.032078
0 0.338704 0.347941 0.052212 0.137942
0 0.394913 0.353974 0.053051 0.138624
2 0.714973 0.383060 0.052896 0.134804
10 0.737804 0.433607 0.019337 0.031974
4 0.772771 0.380441 0.051175 0.118954
5 0.826802 0.387637 0.047587 0.130330
2 0.219929 0.519433 0.052203 0.133334
5 0.275710 0.527614 0.048394 0.132263
10 0.297884 0.578099 0.018459 0.030440
5 0.330635 0.528708 0.048253 0.133083
1 0.611609 0.552464 0.025941 0.119789
1 0.666435 0.561412 0.024978 0.125719
2 0.706901 0.559157 0.048556 0.130011
10 0.730216 0.614807 0.019217 0.031474
4 0.763230 0.566521 0.050307 0.110512
1 0.220279 0.688532 0.023919 0.119142
1 0.257884 0.691707 0.053036 0.138382
8 0.258496 0.693103 0.052096 0.132202
5 0.313238 0.696361 0.049787 0.135788
2 0.368206 0.698049 0.052664 0.138759
1 0.424786 0.711761 0.053538 0.143038
8 0.424898 0.701214 0.053825 0.135159
10 0.446536 0.764793 0.019775 0.030758
1 0.493869 0.713731 0.026109 0.126229
1 0.550298 0.715595 0.026658 0.130117
