4 0.189697 0.149249 0.051565 0.120699
6 0.242850 0.153348 0.051747 0.133187
9 0.299604 0.161769 0.050587 0.132860
4 0.354388 0.161615 0.050647 0.120139
1 0.422991 0.168869 0.026150 0.120226
1 0.462595 0.173720 0.048925 0.135598
9 0.463857 0.173713 0.050894 0.136395
10 0.486190 0.225324 0.017221 0.027750
9 0.520085 0.174912 0.052724 0.135007
1 0.587179 0.180497 0.027965 0.118911
6 0.627584 0.186185 0.050975 0.135662
4 0.684794 0.189232 0.053926 0.125069
0 0.287240 0.343209 0.053758 0.136381
10 0.312326 0.401679 0.019555 0.031483
0 0.341646 0.349025 0.051729 0.139151
0 0.398067 0.354237 0.053090 0.136296
2 0.716881 0.382698 0.053934 0.140811
10 0.739156 0.433193 0.018770 0.032158
4 0.773502 0.382271 0.052083 0.119238
5 0.828513 0.389404 0.048313 0.132197
2 0.223391 0.522184 0.053952 0.140688
6 0.278757 0.521895 0.052855 0.132174
10 0.300230 0.576313 0.019720 0.032254
1 0.349980 0.532186 0.025383 0.122961
1 0.613663 0.553219 0.026537 0.121654
1 0.667883 0.561287 0.025304 0.122954
4 0.710255 0.563287 0.049121 0.113541
10 0.736909 0.612030 0.020761 0.036242
1 0.778411 0.570316 0.027670 0.128884
1 0.222845 0.687264 0.024157 0.112426
1 0.262025 0.691733 0.050307 0.133179
8 0.262218 0.693056 0.050389 0.132862
5 0.316659 0.693650 0.049034 0.131818
5 0.369454 0.698605 0.054934 0.137361
2 0.371436 0.697699 0.052192 0.134814
1 0.427286 0.710316 0.052336 0.141386
8 0.427367 0.701490 0.053910 0.133329
10 0.449270 0.762525 0.019354 0.030273
1 0.498689 0.712741 0.026057 0.125104
1 0.552202 0.713871 0.026532 0.130792
