3 0.202000 0.157827 0.051439 0.134353
8 0.256701 0.159748 0.055465 0.141551
7 0.317325 0.158024 0.050093 0.134419
3 0.369904 0.167250 0.052503 0.135162
7 0.432190 0.171097 0.038502 0.120884
1 0.437329 0.171440 0.025819 0.111243
2 0.480688 0.175785 0.054079 0.134395
10 0.505990 0.229013 0.018845 0.027973
2 0.536042 0.178784 0.053470 0.138096
3 0.537413 0.180137 0.051064 0.137140
6 0.589643 0.183443 0.052680 0.139414
9 0.649417 0.186991 0.053173 0.136687
1 0.716838 0.192808 0.026592 0.111451
0 0.303430 0.349020 0.050195 0.134331
10 0.322259 0.401484 0.020110 0.026710
0 0.359334 0.351847 0.052894 0.133891
0 0.416117 0.353352 0.054769 0.138154
2 0.740025 0.379760 0.049917 0.125247
4 0.797526 0.383810 0.050604 0.111420
5 0.852577 0.388880 0.049230 0.133014
2 0.237787 0.528563 0.054731 0.140333
6 0.292601 0.531905 0.051344 0.137264
10 0.318364 0.586706 0.020269 0.030504
6 0.350989 0.531950 0.051419 0.136624
1 0.636929 0.561389 0.025143 0.109825
1 0.690046 0.563160 0.029455 0.115611
4 0.734234 0.565696 0.050868 0.117200
10 0.757287 0.622447 0.021005 0.031904
1 0.804119 0.572652 0.025694 0.117324
5 0.220791 0.696107 0.049752 0.134403
9 0.278517 0.700383 0.051350 0.131244
8 0.279828 0.707456 0.056164 0.134639
8 0.333045 0.709777 0.053175 0.138194
8 0.389058 0.712860 0.053531 0.139819
0 0.446619 0.713091 0.054814 0.135284
10 0.468881 0.772129 0.019358 0.028720
2 0.502830 0.718850 0.051643 0.136759
0 0.559939 0.721965 0.052864 0.134628
