9 0.202338 0.151830 0.046840 0.130375
5 0.202768 0.157088 0.047619 0.123444
3 0.204164 0.156479 0.048141 0.132335
8 0.256233 0.158526 0.050233 0.133843
7 0.319718 0.152738 0.045832 0.130517
9 0.368321 0.159951 0.051591 0.139506
5 0.369229 0.165989 0.050516 0.136822
1 0.436834 0.171083 0.029683 0.113337
2 0.481484 0.177088 0.051650 0.132973
10 0.505272 0.230356 0.020626 0.032134
6 0.536034 0.176112 0.050934 0.134821
3 0.537643 0.178530 0.048548 0.133955
6 0.591206 0.181096 0.050486 0.134197
9 0.647830 0.185818 0.050227 0.133390
0 0.303636 0.348293 0.050539 0.134226
10 0.323326 0.402350 0.020961 0.028008
0 0.359750 0.351526 0.053340 0.135271
0 0.416483 0.354751 0.055565 0.143969
2 0.739609 0.381306 0.052980 0.133707
4 0.798518 0.383249 0.050485 0.110379
5 0.852127 0.389006 0.049778 0.134406
2 0.237082 0.530607 0.055802 0.145595
6 0.294029 0.530272 0.053746 0.140870
10 0.317759 0.588317 0.019284 0.031410
4 0.353669 0.533688 0.051778 0.124362
1 0.637512 0.560722 0.026267 0.115398
1 0.691691 0.564225 0.028446 0.126759
3 0.733417 0.568312 0.049679 0.132978
10 0.757351 0.619884 0.017458 0.028468
5 0.787122 0.568235 0.048526 0.128237
6 0.787863 0.567875 0.053043 0.138230
5 0.220934 0.697450 0.050269 0.139049
2 0.223379 0.696486 0.044337 0.134777
8 0.277885 0.705388 0.053444 0.138691
9 0.278938 0.703777 0.051287 0.134111
8 0.333322 0.706097 0.054364 0.140891
8 0.390832 0.708044 0.053113 0.137340
0 0.446802 0.712975 0.054546 0.135964
10 0.470486 0.770950 0.018873 0.031119
2 0.503110 0.718944 0.052611 0.140909
0 0.560825 0.722127 0.051981 0.134153
