3 0.202170 0.157918 0.050008 0.136117
8 0.256520 0.159738 0.055063 0.140332
7 0.316542 0.161127 0.049976 0.133611
3 0.370115 0.167689 0.053114 0.136085
7 0.429645 0.170680 0.042139 0.130707
1 0.438340 0.172228 0.024433 0.111801
2 0.480445 0.175914 0.053829 0.135332
10 0.504441 0.229588 0.018803 0.027937
3 0.537245 0.180189 0.050637 0.137091
6 0.589615 0.183704 0.052935 0.140359
9 0.648269 0.188351 0.051636 0.132756
1 0.716704 0.194613 0.032670 0.130035
0 0.302127 0.351293 0.053491 0.141448
10 0.328498 0.403092 0.019936 0.033954
0 0.359251 0.351478 0.053163 0.134878
0 0.416074 0.352539 0.054228 0.136977
2 0.740271 0.379708 0.050425 0.126676
4 0.797209 0.383258 0.051366 0.113815
5 0.852162 0.389214 0.049336 0.131895
1 0.636715 0.560748 0.025061 0.110166
1 0.689170 0.561106 0.028907 0.117276
4 0.734244 0.564988 0.050934 0.116356
4 0.734425 0.430677 0.053225 0.233949
10 0.755133 0.623290 0.020369 0.031148
1 0.803987 0.572078 0.025462 0.114960
2 0.237740 0.528543 0.054892 0.140434
6 0.292584 0.531942 0.051192 0.136410
10 0.318100 0.585878 0.019545 0.029398
8 0.351992 0.531627 0.052714 0.136306
5 0.220497 0.696234 0.049670 0.133423
9 0.278291 0.700257 0.051409 0.131245
8 0.333037 0.709996 0.053035 0.137979
8 0.388912 0.712944 0.053462 0.139244
0 0.446743 0.712867 0.055152 0.136353
10 0.468131 0.771078 0.019749 0.029355
2 0.503038 0.718567 0.051588 0.136871
0 0.559896 0.721788 0.052633 0.133770
