4 0.186129 0.146502 0.052736 0.120965
6 0.239543 0.152823 0.052165 0.133798
9 0.295932 0.157673 0.051796 0.130847
4 0.351699 0.157400 0.052317 0.121312
1 0.419675 0.167352 0.025434 0.119548
1 0.459966 0.171129 0.050370 0.137591
9 0.460335 0.170532 0.048854 0.129872
10 0.482511 0.229477 0.017825 0.028739
9 0.517490 0.173607 0.052068 0.137210
1 0.586271 0.179421 0.026172 0.118914
6 0.625929 0.183564 0.049317 0.137448
4 0.683335 0.189257 0.053628 0.120004
0 0.284015 0.341381 0.052743 0.133733
10 0.308114 0.394168 0.020377 0.032539
0 0.338787 0.347369 0.052127 0.138153
0 0.395273 0.353180 0.053514 0.139517
2 0.715289 0.381136 0.054385 0.142085
10 0.736948 0.433766 0.019380 0.031416
4 0.772710 0.380711 0.051024 0.120154
5 0.826796 0.387576 0.047676 0.130319
2 0.219629 0.519664 0.052521 0.134306
5 0.274790 0.521805 0.050300 0.135928
10 0.298451 0.576057 0.018931 0.031695
8 0.331213 0.528458 0.053207 0.136262
1 0.612237 0.553655 0.026202 0.121322
1 0.666594 0.562140 0.024596 0.124261
2 0.706327 0.559515 0.049906 0.129470
10 0.728988 0.616087 0.019422 0.029835
8 0.760354 0.566131 0.053105 0.138784
1 0.220677 0.688429 0.023670 0.116933
1 0.257899 0.691793 0.052766 0.139070
8 0.258611 0.693504 0.050762 0.134452
10 0.281709 0.751213 0.018039 0.029430
5 0.313433 0.696003 0.049994 0.136435
2 0.368578 0.697664 0.053076 0.136141
1 0.424676 0.711443 0.053534 0.142202
8 0.424765 0.700576 0.053638 0.135151
10 0.446547 0.765553 0.020330 0.031665
1 0.495036 0.713512 0.026115 0.126937
1 0.550296 0.715901 0.026445 0.128256
