3 0.202343 0.157430 0.049647 0.135354
8 0.256700 0.159196 0.054602 0.138396
7 0.316270 0.160958 0.051662 0.133996
3 0.370022 0.166999 0.052201 0.138701
7 0.430774 0.171151 0.040822 0.125316
1 0.437405 0.172058 0.025151 0.110253
2 0.480678 0.176434 0.051068 0.132693
10 0.504549 0.229152 0.018790 0.029501
5 0.536459 0.178632 0.051833 0.138891
3 0.537019 0.181459 0.051139 0.137780
6 0.589823 0.183453 0.053421 0.141863
9 0.648422 0.187634 0.051444 0.135364
1 0.718393 0.189719 0.024232 0.108995
0 0.302461 0.350807 0.052931 0.142535
10 0.327700 0.402622 0.020285 0.037395
0 0.359226 0.351548 0.052944 0.133630
0 0.416119 0.352950 0.054434 0.137551
2 0.740184 0.379808 0.050495 0.126420
4 0.797371 0.383455 0.051429 0.114283
5 0.852234 0.389569 0.049730 0.133137
2 0.237850 0.528619 0.054974 0.140140
6 0.292479 0.532165 0.051100 0.137020
10 0.318605 0.586234 0.019820 0.029999
8 0.352107 0.531612 0.052807 0.137005
1 0.637826 0.561613 0.024469 0.118762
1 0.688743 0.560850 0.028782 0.117781
4 0.734284 0.565104 0.050731 0.118296
10 0.757268 0.622840 0.021633 0.032788
1 0.803819 0.572753 0.025526 0.116820
5 0.220159 0.695687 0.050024 0.133077
9 0.278361 0.700307 0.051301 0.131370
8 0.333023 0.710527 0.053004 0.138246
8 0.388820 0.712687 0.053490 0.139559
0 0.446589 0.712666 0.055099 0.135757
10 0.468607 0.771926 0.019638 0.029896
2 0.503172 0.718778 0.051877 0.136209
0 0.559980 0.721853 0.052483 0.133489
