3 0.204889 0.157003 0.050715 0.134312
8 0.259043 0.159276 0.055064 0.141026
7 0.318171 0.158081 0.050972 0.129926
3 0.372111 0.166490 0.051929 0.138356
7 0.428940 0.170852 0.048084 0.128187
1 0.438348 0.167820 0.027655 0.117705
2 0.482534 0.174738 0.053727 0.135038
10 0.506050 0.229554 0.019103 0.029505
3 0.538800 0.179726 0.050804 0.136996
6 0.591353 0.181714 0.051982 0.134966
9 0.649500 0.186277 0.051754 0.132357
1 0.715227 0.192069 0.033740 0.122415
0 0.305563 0.348294 0.050914 0.133438
10 0.330080 0.403546 0.019287 0.032470
0 0.361496 0.351224 0.052034 0.132783
0 0.417623 0.351754 0.053892 0.136618
2 0.741224 0.384558 0.052365 0.135955
4 0.798583 0.384033 0.050577 0.114260
5 0.852902 0.389403 0.049374 0.133327
2 0.240789 0.529205 0.056460 0.140373
7 0.303172 0.528010 0.045457 0.128540
10 0.321145 0.588868 0.021262 0.030006
3 0.355427 0.541517 0.050850 0.137654
1 0.638400 0.561648 0.026581 0.114670
1 0.689895 0.561667 0.029202 0.121113
4 0.735151 0.565878 0.051417 0.116764
10 0.758668 0.622519 0.021139 0.031637
1 0.804367 0.573396 0.025627 0.113424
5 0.223412 0.697593 0.049169 0.134299
9 0.280929 0.700767 0.052560 0.133638
8 0.335662 0.704526 0.053378 0.136146
8 0.390949 0.713139 0.054256 0.138660
0 0.448575 0.714859 0.054945 0.137803
10 0.472544 0.773780 0.018622 0.028589
2 0.504817 0.719874 0.051205 0.138262
0 0.561385 0.722806 0.052805 0.134640
