4 0.185690 0.146833 0.052582 0.120436
6 0.239542 0.151759 0.052627 0.134463
9 0.295544 0.157290 0.051850 0.130945
4 0.351919 0.157149 0.052161 0.121607
1 0.419762 0.167275 0.024958 0.118519
1 0.460101 0.170849 0.050063 0.136082
9 0.461118 0.171216 0.052317 0.138333
10 0.483124 0.223414 0.017408 0.026338
9 0.517373 0.173200 0.052245 0.137484
1 0.585421 0.180340 0.026707 0.120355
6 0.625913 0.183462 0.049093 0.138077
4 0.683192 0.189223 0.054562 0.120333
0 0.283626 0.344592 0.051334 0.134299
10 0.306923 0.395092 0.020650 0.032734
0 0.338481 0.347264 0.052649 0.139462
0 0.394913 0.353218 0.054048 0.142198
2 0.714869 0.381093 0.054565 0.142768
10 0.736238 0.433968 0.018738 0.031139
4 0.772605 0.379969 0.051204 0.120259
5 0.826708 0.387390 0.047509 0.129420
2 0.219453 0.518901 0.051983 0.133229
6 0.274734 0.521311 0.053854 0.135865
10 0.298919 0.576172 0.019985 0.032769
2 0.331481 0.527736 0.049713 0.129755
1 0.611931 0.553313 0.026248 0.120771
1 0.665708 0.561321 0.025483 0.126079
3 0.705892 0.564577 0.048626 0.134826
10 0.729646 0.615432 0.018130 0.029328
0 0.760462 0.568376 0.052751 0.139561
1 0.220607 0.688149 0.023935 0.117197
1 0.257867 0.691746 0.052659 0.137916
8 0.258398 0.692978 0.051885 0.131862
5 0.313189 0.696042 0.049858 0.135826
2 0.368068 0.697979 0.053158 0.136243
8 0.424772 0.700555 0.053682 0.135269
1 0.424887 0.711538 0.054728 0.142858
10 0.446505 0.764859 0.020144 0.031608
1 0.494498 0.712887 0.026368 0.126056
1 0.550246 0.714793 0.027118 0.131491
