3 0.201779 0.156717 0.049659 0.135388
8 0.255928 0.158609 0.054804 0.140644
7 0.315555 0.158919 0.050934 0.134944
4 0.369057 0.165799 0.049259 0.121720
6 0.422802 0.167779 0.052478 0.135898
2 0.479331 0.175583 0.051666 0.134162
10 0.504041 0.228970 0.019305 0.031054
3 0.536046 0.180599 0.051577 0.139509
5 0.536614 0.177739 0.051785 0.139423
7 0.593919 0.176521 0.045128 0.132037
6 0.643747 0.186321 0.053026 0.141369
0 0.700594 0.191390 0.054546 0.134464
9 0.248190 0.347266 0.050573 0.131241
1 0.319535 0.351732 0.024148 0.112495
10 0.326419 0.401838 0.020926 0.035713
8 0.359269 0.353752 0.053343 0.135965
6 0.413854 0.353550 0.052373 0.137681
2 0.737694 0.378985 0.050801 0.126637
4 0.794453 0.381923 0.050908 0.116082
5 0.849842 0.388961 0.050546 0.130960
2 0.238279 0.527987 0.056825 0.142642
7 0.301242 0.524812 0.045818 0.130068
1 0.365880 0.542036 0.025657 0.116719
1 0.635433 0.563746 0.024544 0.119619
1 0.689079 0.562100 0.025899 0.119835
2 0.730835 0.568179 0.050712 0.131584
10 0.755874 0.617246 0.020483 0.031418
4 0.787638 0.568711 0.048770 0.110182
5 0.219940 0.696709 0.049597 0.133915
9 0.278593 0.701521 0.053285 0.135628
5 0.334482 0.706447 0.052163 0.143771
1 0.404504 0.710098 0.026811 0.125559
2 0.446453 0.715515 0.051410 0.137161
10 0.471030 0.770244 0.019214 0.030921
6 0.500601 0.718938 0.050776 0.135190
8 0.557773 0.726688 0.055251 0.139837
