3 0.201949 0.157425 0.050600 0.136784
8 0.256685 0.159508 0.054984 0.140027
7 0.316796 0.160712 0.049532 0.134157
3 0.370072 0.168937 0.051895 0.139776
1 0.439290 0.171534 0.024281 0.112944
2 0.480584 0.175334 0.053775 0.135719
10 0.504022 0.229649 0.018498 0.027989
3 0.537054 0.180637 0.051108 0.137180
6 0.590190 0.183175 0.053122 0.136751
9 0.648142 0.188306 0.051773 0.134475
1 0.712629 0.195114 0.034950 0.125243
0 0.302534 0.350849 0.052961 0.141162
10 0.328915 0.402502 0.019745 0.034481
0 0.359390 0.351966 0.053176 0.133843
0 0.416286 0.352916 0.055160 0.140145
2 0.740227 0.380576 0.050708 0.131207
4 0.797157 0.382098 0.051441 0.113388
5 0.852552 0.388929 0.049496 0.132666
2 0.238387 0.528969 0.055773 0.142826
5 0.294027 0.531273 0.048993 0.132953
10 0.317486 0.585788 0.019458 0.029714
6 0.350686 0.532002 0.051178 0.134792
1 0.636824 0.561819 0.024543 0.117991
1 0.689846 0.562012 0.025536 0.117260
1 0.730795 0.567284 0.050829 0.140455
2 0.731107 0.566699 0.049313 0.133705
10 0.757902 0.618434 0.018143 0.028277
8 0.787525 0.569251 0.052086 0.135818
5 0.220381 0.695785 0.049565 0.133413
9 0.278421 0.699888 0.051290 0.130726
8 0.279311 0.706782 0.053962 0.135182
8 0.333198 0.709865 0.053224 0.138841
8 0.389009 0.712592 0.053708 0.140535
0 0.446622 0.712427 0.055101 0.135959
10 0.468350 0.770493 0.019489 0.029765
2 0.503266 0.718212 0.052008 0.137436
0 0.559767 0.725408 0.055208 0.142067
