4 0.186733 0.146169 0.053048 0.120153
6 0.240568 0.151492 0.050317 0.134902
9 0.296571 0.155963 0.052381 0.131244
4 0.352873 0.156252 0.051160 0.120524
1 0.420402 0.165753 0.025711 0.121523
9 0.460951 0.167463 0.049725 0.133428
10 0.482762 0.225609 0.018136 0.030581
9 0.518143 0.171692 0.052311 0.137636
1 0.587323 0.178592 0.025800 0.117288
6 0.626428 0.183026 0.049134 0.136016
4 0.684545 0.185070 0.050786 0.115441
0 0.284469 0.342462 0.052414 0.138018
10 0.307833 0.393506 0.020099 0.031860
0 0.339717 0.346371 0.052667 0.137602
0 0.395686 0.349643 0.054249 0.142830
2 0.715686 0.379566 0.052178 0.138140
10 0.738204 0.431145 0.019571 0.031664
4 0.773387 0.378265 0.050961 0.120628
5 0.827488 0.386277 0.047164 0.129807
2 0.220753 0.519015 0.052835 0.137965
5 0.276326 0.520819 0.049425 0.132523
2 0.276568 0.523405 0.049399 0.135274
10 0.298589 0.576244 0.018473 0.032346
9 0.332687 0.528698 0.051298 0.133564
1 0.612639 0.551552 0.026110 0.122162
1 0.666704 0.560618 0.025636 0.127681
4 0.707912 0.561407 0.048887 0.116348
10 0.729430 0.617720 0.019115 0.030794
0 0.761786 0.566414 0.053099 0.136566
1 0.221661 0.687130 0.023699 0.117798
1 0.259102 0.690654 0.051792 0.137285
8 0.259431 0.692060 0.052025 0.133720
5 0.314147 0.694807 0.050420 0.137471
2 0.369475 0.696538 0.052558 0.134960
8 0.425343 0.698631 0.053870 0.135421
1 0.425750 0.709304 0.054658 0.141661
10 0.447701 0.763336 0.020134 0.031519
1 0.495725 0.711777 0.026459 0.126090
1 0.551370 0.711267 0.027161 0.131848
