4 0.185389 0.149765 0.050963 0.117527
6 0.239366 0.153142 0.050445 0.135243
9 0.295576 0.158242 0.051294 0.130373
4 0.352165 0.159641 0.051720 0.121384
1 0.418445 0.170092 0.025182 0.117521
9 0.460182 0.173472 0.053238 0.139173
10 0.481742 0.223884 0.017612 0.027112
9 0.516647 0.174005 0.051738 0.135796
1 0.584010 0.181340 0.026582 0.120530
6 0.624016 0.186347 0.049651 0.134732
4 0.681161 0.187563 0.051771 0.119495
0 0.283696 0.344432 0.051085 0.134626
10 0.307000 0.394456 0.020212 0.032826
0 0.338608 0.347849 0.052776 0.140726
0 0.395094 0.353319 0.053283 0.138024
2 0.713916 0.381639 0.054029 0.142379
10 0.739074 0.433214 0.019727 0.029062
4 0.771062 0.381396 0.051259 0.119271
5 0.824655 0.387496 0.047946 0.130885
2 0.219837 0.519760 0.050969 0.133663
6 0.219918 0.524173 0.054276 0.140945
6 0.273907 0.522299 0.051895 0.135209
10 0.298504 0.577170 0.019260 0.030343
8 0.331258 0.529148 0.052571 0.135690
1 0.610813 0.553268 0.025940 0.118918
1 0.663025 0.563133 0.025729 0.124010
4 0.706484 0.563845 0.050352 0.117590
10 0.728601 0.620159 0.020150 0.031111
1 0.775227 0.571047 0.026652 0.124255
1 0.221231 0.688768 0.023590 0.115154
1 0.258056 0.691907 0.052490 0.138548
8 0.258648 0.692950 0.051835 0.133000
5 0.312968 0.695660 0.050026 0.136682
2 0.368296 0.698287 0.052149 0.135263
8 0.424117 0.700897 0.053420 0.135460
1 0.424364 0.712412 0.054249 0.144711
10 0.447703 0.764940 0.019633 0.031833
1 0.494482 0.714214 0.026091 0.125508
1 0.548994 0.719131 0.025346 0.124245
