4 0.188625 0.147955 0.050175 0.114826
6 0.242651 0.153306 0.051573 0.134164
9 0.297745 0.157898 0.051697 0.131470
8 0.298426 0.160396 0.052780 0.140742
4 0.354182 0.159876 0.051577 0.122922
1 0.421253 0.167040 0.026697 0.115816
1 0.461123 0.172440 0.050052 0.137853
9 0.461641 0.172311 0.052042 0.131709
10 0.484099 0.224707 0.017197 0.027405
9 0.517817 0.177993 0.053436 0.136151
1 0.585055 0.178778 0.028312 0.120194
6 0.625494 0.182535 0.048709 0.132971
4 0.682798 0.186942 0.053827 0.123624
0 0.286422 0.342433 0.053483 0.133314
10 0.311988 0.397269 0.018389 0.029603
0 0.342263 0.346028 0.052658 0.132279
0 0.395341 0.354755 0.051676 0.139595
2 0.715610 0.382447 0.053008 0.139344
10 0.737417 0.435432 0.019218 0.032273
4 0.771221 0.382739 0.051559 0.120239
5 0.825333 0.387861 0.048114 0.129821
2 0.222216 0.520197 0.052675 0.137644
7 0.283446 0.520967 0.047230 0.131232
10 0.302878 0.581442 0.018938 0.032214
1 0.348933 0.529894 0.024126 0.116684
1 0.612218 0.553976 0.026717 0.123843
1 0.664436 0.561036 0.026189 0.127439
4 0.707596 0.564066 0.048894 0.114381
10 0.730658 0.617432 0.020638 0.031667
1 0.775949 0.570623 0.026251 0.123968
1 0.222815 0.686706 0.024610 0.112256
8 0.261568 0.692530 0.050078 0.134011
1 0.262067 0.690722 0.049345 0.134679
5 0.315743 0.694885 0.049503 0.133373
5 0.368053 0.698960 0.055503 0.137415
6 0.369924 0.700596 0.050691 0.134757
2 0.370047 0.697577 0.052221 0.136789
8 0.425388 0.708231 0.054077 0.139182
1 0.426925 0.712955 0.055228 0.143148
10 0.447541 0.759200 0.019254 0.032329
1 0.494592 0.715702 0.026729 0.129353
1 0.550496 0.714289 0.026606 0.128434
