3 0.203102 0.158113 0.050146 0.131382
8 0.257086 0.160696 0.055265 0.139920
7 0.317001 0.161054 0.049737 0.132850
3 0.370305 0.169002 0.051210 0.137476
7 0.430866 0.171604 0.040279 0.126267
1 0.437815 0.170486 0.025497 0.109844
2 0.480995 0.175810 0.051967 0.134372
10 0.504887 0.230390 0.019636 0.030526
2 0.536334 0.178937 0.053395 0.139054
3 0.537232 0.180374 0.050569 0.136025
6 0.590611 0.183460 0.053217 0.135737
9 0.648742 0.189199 0.051508 0.133274
1 0.717574 0.192876 0.025084 0.112773
0 0.303584 0.349214 0.050018 0.133971
10 0.327664 0.402622 0.019768 0.036494
0 0.359564 0.352120 0.052949 0.134625
0 0.416275 0.352755 0.054235 0.137295
2 0.740939 0.378997 0.049622 0.123938
4 0.797663 0.383130 0.048990 0.111159
5 0.852477 0.389017 0.049187 0.131762
2 0.238198 0.528938 0.055152 0.141403
6 0.294008 0.529787 0.053604 0.139034
10 0.319591 0.586361 0.018284 0.029281
3 0.353114 0.539904 0.051555 0.132500
5 0.353394 0.531618 0.049900 0.132858
1 0.638004 0.561752 0.024003 0.116611
1 0.690826 0.562600 0.026891 0.119134
3 0.734162 0.569065 0.049575 0.132973
5 0.734945 0.566037 0.050569 0.135816
10 0.757089 0.618266 0.020601 0.030625
7 0.793606 0.571572 0.047688 0.126090
5 0.221045 0.696364 0.049209 0.131936
9 0.278678 0.700189 0.051238 0.131000
8 0.333239 0.710159 0.053125 0.138851
8 0.388931 0.713019 0.053874 0.140972
0 0.446764 0.713198 0.055210 0.136393
10 0.468864 0.771627 0.019317 0.029058
2 0.503283 0.718782 0.051784 0.137317
0 0.560301 0.725809 0.054888 0.142480
