4 0.186126 0.146725 0.051764 0.118073
6 0.239384 0.152770 0.052317 0.133934
9 0.295556 0.157462 0.051162 0.130498
4 0.352000 0.157061 0.052342 0.121902
1 0.419603 0.167076 0.025024 0.117075
1 0.459929 0.170902 0.050148 0.136629
9 0.459953 0.170823 0.049062 0.129245
10 0.482773 0.223731 0.017270 0.025881
9 0.517413 0.173642 0.052411 0.136946
1 0.586051 0.179930 0.026045 0.118108
6 0.625796 0.183225 0.048517 0.135950
4 0.683373 0.186793 0.053417 0.123268
0 0.284014 0.343862 0.052307 0.138294
10 0.307781 0.394634 0.020683 0.032620
0 0.338859 0.347508 0.052584 0.139797
0 0.395216 0.352260 0.053799 0.140597
2 0.715059 0.381651 0.052441 0.137412
10 0.736487 0.434288 0.018993 0.031168
4 0.772789 0.380291 0.051474 0.119748
5 0.826758 0.387804 0.047590 0.129913
2 0.219821 0.519475 0.052424 0.134584
6 0.275871 0.521939 0.053662 0.132566
10 0.296247 0.578479 0.020145 0.031280
1 0.346325 0.528674 0.027020 0.123526
1 0.612075 0.553078 0.026122 0.119293
1 0.666631 0.561919 0.024753 0.122399
3 0.706614 0.565848 0.049025 0.134610
10 0.729266 0.615619 0.018053 0.029165
0 0.760478 0.568326 0.052834 0.140168
1 0.220613 0.688248 0.023881 0.117163
1 0.257767 0.691966 0.052831 0.138756
8 0.258581 0.692729 0.051866 0.132461
5 0.313140 0.696688 0.049980 0.136885
2 0.368433 0.698054 0.052845 0.135644
8 0.424190 0.707053 0.054591 0.139611
1 0.424710 0.711761 0.054346 0.143010
10 0.446683 0.764315 0.020245 0.031164
1 0.494811 0.713392 0.026236 0.126131
1 0.550678 0.715190 0.027020 0.130553
