4 0.186263 0.149211 0.052235 0.125859
6 0.239832 0.153627 0.052400 0.134744
9 0.296033 0.160058 0.051816 0.133348
4 0.351969 0.160304 0.051267 0.120299
1 0.418942 0.170754 0.025403 0.119279
9 0.460243 0.174118 0.053396 0.140188
10 0.482134 0.223598 0.017572 0.027114
9 0.516595 0.177734 0.052965 0.134515
1 0.583497 0.180925 0.027551 0.122176
6 0.623878 0.184746 0.049492 0.134938
4 0.681279 0.190032 0.053456 0.123693
0 0.283993 0.341714 0.052605 0.134093
10 0.308167 0.395098 0.021176 0.033484
0 0.338745 0.348583 0.052393 0.139342
0 0.394732 0.353333 0.053038 0.136551
2 0.713963 0.381719 0.053558 0.140541
10 0.738555 0.433017 0.019469 0.028109
4 0.771103 0.382037 0.050947 0.118810
5 0.824812 0.388112 0.048039 0.130700
2 0.219345 0.519981 0.052734 0.136825
6 0.274212 0.522551 0.051778 0.135181
10 0.297387 0.578637 0.019123 0.031269
9 0.331733 0.529467 0.050648 0.132914
1 0.610778 0.554321 0.027104 0.124550
1 0.663212 0.562565 0.025417 0.122067
4 0.706253 0.563441 0.050641 0.119324
10 0.726948 0.619981 0.020254 0.031130
1 0.774819 0.569936 0.027596 0.121877
1 0.220753 0.689077 0.023944 0.117662
8 0.258726 0.692999 0.052366 0.134237
5 0.313191 0.696657 0.050208 0.136803
2 0.368093 0.698238 0.052766 0.136678
8 0.424261 0.700599 0.053597 0.135624
1 0.424839 0.712256 0.055705 0.144213
10 0.447489 0.765388 0.019744 0.031902
1 0.493416 0.713676 0.026891 0.128326
1 0.548959 0.715805 0.026642 0.127211
