3 0.202869 0.158068 0.050170 0.132042
8 0.256961 0.160647 0.055102 0.139843
7 0.316543 0.160090 0.050949 0.130670
5 0.370151 0.168352 0.050043 0.137427
3 0.370181 0.167059 0.052067 0.138589
7 0.430607 0.171161 0.040268 0.132134
1 0.437416 0.171128 0.024736 0.112119
2 0.480452 0.175785 0.053299 0.134234
10 0.503339 0.228994 0.018420 0.028274
2 0.535943 0.179167 0.053732 0.139333
3 0.537148 0.181425 0.050716 0.136950
6 0.589763 0.183317 0.053084 0.140737
9 0.648733 0.189159 0.052327 0.134589
1 0.712800 0.194306 0.035452 0.124604
0 0.303626 0.349298 0.049977 0.134020
10 0.322978 0.401647 0.020514 0.027010
0 0.359725 0.352013 0.052730 0.133847
0 0.416232 0.353321 0.054594 0.138210
2 0.740090 0.381652 0.051673 0.134482
4 0.797427 0.383835 0.051678 0.115480
5 0.852355 0.389148 0.049468 0.131904
2 0.238475 0.528972 0.056692 0.140365
7 0.299345 0.527554 0.049499 0.136542
10 0.318846 0.587552 0.016258 0.028157
0 0.353191 0.539656 0.054820 0.134769
1 0.637173 0.561351 0.025647 0.112387
1 0.689544 0.562081 0.027860 0.120306
4 0.734217 0.565471 0.050912 0.116718
10 0.755719 0.624325 0.020557 0.031463
1 0.803767 0.571220 0.025357 0.115409
5 0.220383 0.695960 0.049855 0.134122
9 0.278558 0.700124 0.051733 0.131598
8 0.333622 0.704072 0.053531 0.137570
8 0.388665 0.712885 0.053956 0.140686
0 0.446726 0.713556 0.055053 0.135715
10 0.469328 0.772005 0.018976 0.028677
2 0.503179 0.719039 0.051980 0.136727
0 0.560089 0.725872 0.055307 0.142221
