4 0.187546 0.152341 0.051150 0.120351
6 0.239850 0.156696 0.050745 0.134989
9 0.297069 0.162795 0.051776 0.133186
4 0.352832 0.163382 0.051826 0.121025
1 0.419922 0.171155 0.025207 0.116373
9 0.462177 0.175713 0.050692 0.134577
10 0.483924 0.227313 0.017630 0.027309
9 0.517865 0.180763 0.052374 0.133469
1 0.585678 0.183742 0.027778 0.125070
6 0.626723 0.188253 0.050539 0.134833
4 0.683686 0.191202 0.053230 0.121836
0 0.284494 0.347133 0.050610 0.133514
10 0.311117 0.403630 0.019759 0.031289
0 0.339810 0.350520 0.052254 0.137877
0 0.396855 0.356273 0.053108 0.135622
2 0.716074 0.385264 0.051978 0.131613
10 0.741787 0.437416 0.018358 0.029957
4 0.772817 0.384076 0.051974 0.117683
5 0.827839 0.390469 0.048467 0.131454
2 0.221063 0.521634 0.053510 0.137250
6 0.276165 0.524042 0.053504 0.133449
10 0.297800 0.580133 0.020427 0.031826
1 0.347166 0.529771 0.026136 0.120286
1 0.612317 0.553871 0.026728 0.122592
1 0.667309 0.563776 0.025157 0.125812
3 0.708178 0.565853 0.050068 0.133095
10 0.730480 0.621219 0.020203 0.031373
7 0.765998 0.569093 0.048649 0.128994
1 0.221432 0.689212 0.024474 0.113868
1 0.259244 0.691982 0.052603 0.136249
8 0.259351 0.693759 0.051885 0.135090
5 0.314211 0.698462 0.050323 0.136027
2 0.369337 0.699830 0.052390 0.139301
8 0.425294 0.707614 0.054740 0.138498
1 0.426331 0.712583 0.054964 0.142588
10 0.447531 0.765657 0.019952 0.030792
1 0.495495 0.716158 0.026507 0.126207
1 0.551061 0.718699 0.027172 0.132496
