3 0.203063 0.157865 0.050094 0.131995
8 0.256818 0.159643 0.055324 0.139930
7 0.317262 0.160985 0.049172 0.131404
3 0.370059 0.168493 0.051072 0.136641
7 0.429256 0.167861 0.045225 0.127977
1 0.438317 0.171649 0.024984 0.113237
2 0.481351 0.175358 0.051725 0.134058
10 0.504017 0.229316 0.018930 0.029217
2 0.536563 0.178614 0.052881 0.139630
3 0.536889 0.181320 0.051485 0.138341
6 0.589882 0.183559 0.053072 0.140076
9 0.648719 0.187694 0.051400 0.132509
0 0.302578 0.350568 0.052493 0.140855
10 0.327960 0.402811 0.019825 0.036087
0 0.359177 0.351719 0.052869 0.134342
0 0.416031 0.352942 0.054672 0.138163
2 0.739966 0.380852 0.049859 0.129997
4 0.797396 0.383473 0.049655 0.111698
5 0.852047 0.388844 0.049315 0.131014
2 0.237893 0.528886 0.055474 0.141806
6 0.294635 0.529479 0.053590 0.139306
10 0.315433 0.587966 0.021485 0.035979
1 0.367310 0.540751 0.024749 0.117852
1 0.637567 0.562518 0.023511 0.109563
1 0.689673 0.561959 0.028008 0.120215
3 0.732621 0.566626 0.050258 0.137281
10 0.757916 0.623033 0.020373 0.032252
9 0.789071 0.570787 0.051192 0.133771
5 0.220790 0.695688 0.049342 0.133305
9 0.278474 0.700019 0.051260 0.130889
8 0.333239 0.709808 0.053249 0.139375
8 0.388903 0.712498 0.053606 0.139482
0 0.446542 0.713104 0.055061 0.135177
10 0.468115 0.770547 0.019213 0.028814
2 0.502961 0.718649 0.051911 0.136704
0 0.559868 0.722097 0.052289 0.133609
