4 0.185487 0.151098 0.051070 0.118064
6 0.239331 0.155324 0.050555 0.134569
9 0.295160 0.159575 0.051349 0.131826
4 0.351841 0.161134 0.052183 0.120180
1 0.419542 0.171053 0.025449 0.118379
9 0.460719 0.175283 0.053240 0.138669
10 0.482638 0.227940 0.018556 0.028024
9 0.516752 0.179283 0.052958 0.135179
1 0.584944 0.182890 0.026574 0.123388
6 0.585040 0.184427 0.030106 0.123917
6 0.625493 0.187127 0.050183 0.134153
4 0.682698 0.190291 0.052564 0.120003
0 0.283647 0.347126 0.051681 0.135246
10 0.309590 0.402922 0.019489 0.030259
0 0.338976 0.352570 0.052371 0.137562
0 0.395803 0.356625 0.053061 0.136802
2 0.715376 0.383341 0.054235 0.141457
10 0.737746 0.436513 0.018991 0.031857
4 0.772394 0.384457 0.052081 0.118984
5 0.827422 0.393131 0.050704 0.135343
2 0.219823 0.522813 0.052660 0.136218
6 0.275140 0.525867 0.054029 0.138147
10 0.297450 0.585887 0.018978 0.030745
7 0.335522 0.524866 0.046806 0.131894
1 0.612188 0.559604 0.025526 0.122977
1 0.666047 0.563951 0.024573 0.124197
2 0.706741 0.564629 0.052023 0.136055
10 0.730930 0.620762 0.019854 0.030410
5 0.760207 0.568035 0.048244 0.133896
1 0.220232 0.693304 0.024658 0.113554
1 0.257622 0.695550 0.052261 0.138021
8 0.258025 0.696891 0.051582 0.135334
5 0.312569 0.698885 0.050266 0.136256
2 0.368117 0.703450 0.053004 0.140994
8 0.424056 0.710992 0.054661 0.139420
1 0.425294 0.715764 0.055914 0.144219
10 0.446131 0.768806 0.019938 0.030611
1 0.494355 0.719803 0.026671 0.128210
1 0.550225 0.721942 0.027765 0.134258
