4 0.190407 0.150105 0.050517 0.118925
6 0.243204 0.158403 0.050801 0.136858
9 0.299316 0.159927 0.052367 0.128906
8 0.301610 0.159483 0.053504 0.143476
4 0.355058 0.164479 0.050230 0.118574
1 0.422298 0.172178 0.025632 0.114324
9 0.462096 0.176066 0.050488 0.136025
9 0.518600 0.176621 0.054666 0.146566
7 0.579386 0.177706 0.038220 0.128981
6 0.624166 0.187419 0.048156 0.138160
4 0.677929 0.187634 0.048938 0.127085
0 0.288336 0.344805 0.053262 0.135083
0 0.341965 0.350410 0.050457 0.133711
0 0.397686 0.351360 0.052348 0.133365
2 0.712571 0.381684 0.051093 0.127092
10 0.738193 0.435039 0.018720 0.031834
4 0.770135 0.383009 0.051363 0.118358
5 0.823679 0.388087 0.048303 0.129533
2 0.224391 0.521141 0.053949 0.140180
7 0.286411 0.517472 0.042271 0.121856
10 0.305493 0.582467 0.018852 0.033192
1 0.348474 0.522604 0.027945 0.120267
1 0.611874 0.550588 0.024884 0.118185
1 0.663374 0.554441 0.027377 0.117997
4 0.705554 0.558964 0.053085 0.119277
1 0.773237 0.565186 0.026752 0.118562
1 0.224751 0.686656 0.024171 0.108968
8 0.263118 0.692677 0.050803 0.136422
5 0.316377 0.691790 0.048847 0.132407
6 0.370137 0.699131 0.050070 0.134422
2 0.370353 0.697233 0.051975 0.136528
5 0.370381 0.697444 0.048734 0.135987
8 0.426588 0.700898 0.055549 0.140727
1 0.494245 0.707449 0.028948 0.118585
1 0.550222 0.708162 0.023993 0.109236
