3 0.201635 0.158526 0.049743 0.136476
8 0.255942 0.159568 0.054814 0.139741
7 0.315762 0.161173 0.050710 0.132448
3 0.368932 0.169729 0.051389 0.138536
7 0.427729 0.170121 0.045536 0.130740
1 0.436831 0.172088 0.024671 0.106432
2 0.478420 0.177272 0.053560 0.136289
10 0.503510 0.229880 0.018149 0.027442
5 0.534906 0.179437 0.050750 0.137623
3 0.535437 0.181069 0.050882 0.136401
6 0.588809 0.184137 0.052740 0.133838
9 0.647151 0.187951 0.051983 0.135318
1 0.715325 0.195374 0.025633 0.113905
0 0.301536 0.351524 0.052353 0.139091
10 0.321952 0.401428 0.020205 0.027077
0 0.358336 0.351513 0.052572 0.133595
0 0.415127 0.353429 0.053901 0.136488
2 0.737606 0.380425 0.050821 0.125948
4 0.794642 0.383125 0.051369 0.116122
5 0.849995 0.389730 0.050219 0.130830
2 0.238021 0.528738 0.056426 0.138769
7 0.298724 0.528073 0.048830 0.135346
10 0.317457 0.587088 0.016100 0.027688
0 0.351503 0.539748 0.054311 0.133708
1 0.636064 0.562273 0.023851 0.116958
1 0.688032 0.561845 0.025601 0.112519
4 0.732740 0.567614 0.048746 0.112011
10 0.753855 0.623042 0.020517 0.031632
1 0.802074 0.572034 0.025273 0.112841
5 0.219951 0.696982 0.049415 0.134478
9 0.277491 0.700643 0.051857 0.133787
8 0.332104 0.710250 0.052497 0.137934
8 0.387866 0.713212 0.053444 0.139669
0 0.445414 0.713396 0.054398 0.134337
10 0.467844 0.771710 0.019748 0.029183
2 0.501421 0.719827 0.051860 0.135155
0 0.558455 0.722439 0.052738 0.134359
