4 0.185370 0.149913 0.050842 0.117005
6 0.240284 0.153028 0.051891 0.134026
9 0.295398 0.158335 0.051521 0.131953
4 0.351725 0.159526 0.052621 0.123303
1 0.419163 0.168649 0.025756 0.121709
9 0.460360 0.173272 0.053172 0.139777
10 0.481736 0.224271 0.017713 0.027551
9 0.516242 0.174737 0.051950 0.136299
1 0.583795 0.182399 0.026978 0.121144
6 0.623695 0.184795 0.049752 0.134237
4 0.681266 0.187176 0.051568 0.120206
0 0.283757 0.345592 0.051413 0.133972
10 0.307471 0.394157 0.020366 0.032103
0 0.338562 0.349361 0.052206 0.137875
0 0.395521 0.349058 0.053888 0.134663
2 0.713610 0.381084 0.054046 0.142913
10 0.738445 0.433404 0.019473 0.028702
4 0.771151 0.381624 0.051040 0.118511
5 0.824511 0.387676 0.048041 0.130120
2 0.220076 0.520403 0.052067 0.135083
6 0.275298 0.525348 0.051478 0.138314
10 0.296852 0.577955 0.020342 0.029378
7 0.334771 0.526169 0.043194 0.125309
1 0.609566 0.553891 0.027051 0.122419
1 0.662740 0.561532 0.026185 0.122886
4 0.706308 0.563671 0.049326 0.115576
10 0.727495 0.613430 0.016273 0.027393
2 0.759961 0.569045 0.051781 0.132952
1 0.220035 0.688807 0.024183 0.117577
1 0.258637 0.691614 0.051977 0.137459
8 0.258848 0.692948 0.051424 0.131981
5 0.312985 0.696501 0.049863 0.136805
2 0.367957 0.698654 0.052585 0.135425
8 0.423544 0.707736 0.054651 0.139605
10 0.447359 0.765590 0.019213 0.031660
1 0.493362 0.714094 0.025461 0.122555
1 0.548769 0.715629 0.026327 0.126691
