3 0.202885 0.156855 0.048825 0.135092
8 0.257246 0.158826 0.055110 0.139082
7 0.316816 0.159691 0.049705 0.127517
4 0.369441 0.165211 0.049430 0.121058
8 0.424222 0.169767 0.053489 0.135606
0 0.479937 0.176756 0.054233 0.136472
10 0.503196 0.231648 0.020294 0.030921
8 0.536443 0.179130 0.053634 0.137103
2 0.591797 0.184059 0.052731 0.137661
7 0.656648 0.185619 0.037312 0.127749
1 0.660528 0.188105 0.031034 0.134307
3 0.705154 0.193613 0.052833 0.142805
5 0.246950 0.347660 0.050993 0.138872
5 0.304247 0.347330 0.056343 0.134120
9 0.305441 0.347830 0.053994 0.133865
10 0.327046 0.405485 0.018965 0.028529
1 0.375792 0.356603 0.024450 0.117694
8 0.417501 0.354335 0.052022 0.137695
2 0.741092 0.383634 0.052246 0.136145
10 0.765425 0.437141 0.019365 0.032636
4 0.797886 0.383585 0.050565 0.110976
5 0.852879 0.389384 0.049534 0.132945
2 0.238693 0.528613 0.056902 0.140498
7 0.300545 0.528194 0.048432 0.134565
10 0.319196 0.586074 0.019952 0.028688
3 0.353196 0.539815 0.051253 0.132279
1 0.637515 0.561003 0.026070 0.117107
1 0.691071 0.562821 0.025774 0.118971
2 0.732380 0.566037 0.048825 0.132471
1 0.733008 0.566438 0.049160 0.143937
10 0.758121 0.616231 0.016655 0.026519
9 0.790039 0.567319 0.051942 0.136221
5 0.221031 0.696048 0.049728 0.132838
9 0.279469 0.701134 0.053596 0.134416
4 0.335332 0.707249 0.052616 0.119288
6 0.390900 0.707078 0.051555 0.136026
7 0.450911 0.714477 0.047439 0.132329
10 0.471256 0.773396 0.019658 0.030290
4 0.504149 0.721467 0.052434 0.119018
9 0.560184 0.722307 0.050581 0.130704
