4 0.187286 0.151524 0.051143 0.120760
6 0.239987 0.156688 0.050691 0.134712
9 0.296318 0.161964 0.051659 0.130243
4 0.352760 0.162988 0.052253 0.120052
1 0.419908 0.171553 0.025462 0.118321
9 0.461626 0.177202 0.052430 0.137254
10 0.483996 0.227013 0.017822 0.027962
9 0.517837 0.180242 0.053166 0.134956
1 0.585763 0.184363 0.027266 0.121998
6 0.626614 0.188131 0.050771 0.135023
4 0.683484 0.191617 0.052493 0.120239
0 0.284652 0.345448 0.053407 0.134434
10 0.310839 0.402034 0.019344 0.030423
0 0.339762 0.351059 0.052363 0.138694
0 0.396683 0.355640 0.053201 0.135717
2 0.716289 0.384420 0.053947 0.139644
10 0.740316 0.434526 0.020929 0.028913
4 0.772641 0.384576 0.052208 0.118520
5 0.827775 0.390149 0.048089 0.131099
2 0.220146 0.521829 0.051964 0.135748
6 0.275406 0.524331 0.053554 0.135845
10 0.298210 0.580192 0.019740 0.033236
3 0.332614 0.533289 0.048880 0.127784
5 0.333368 0.527031 0.050945 0.135246
1 0.612501 0.555065 0.027013 0.122532
1 0.666633 0.563321 0.025117 0.122261
4 0.708149 0.564182 0.052832 0.116463
10 0.730537 0.621626 0.019709 0.029887
1 0.777359 0.571657 0.027783 0.128279
1 0.221318 0.690281 0.024368 0.114562
1 0.259089 0.692371 0.052205 0.137276
8 0.259249 0.693865 0.051928 0.135890
5 0.314426 0.698705 0.050460 0.136261
2 0.369232 0.699252 0.052343 0.138371
8 0.425069 0.708186 0.055148 0.139766
1 0.425976 0.713333 0.056037 0.144172
10 0.447484 0.765871 0.019920 0.031344
1 0.495063 0.716479 0.026762 0.126722
1 0.551104 0.718671 0.027730 0.133434
