4 0.186989 0.152410 0.051901 0.122036
6 0.240458 0.156467 0.052302 0.133150
9 0.296777 0.163420 0.051432 0.131347
4 0.353081 0.162907 0.052101 0.119935
1 0.419944 0.172493 0.025219 0.116736
9 0.462266 0.175081 0.050767 0.135353
10 0.483714 0.228015 0.017900 0.027542
9 0.517727 0.180439 0.052351 0.132861
1 0.586467 0.185269 0.026435 0.122032
6 0.626534 0.187928 0.051172 0.139075
4 0.683822 0.192778 0.052306 0.117095
0 0.284785 0.344817 0.053176 0.134371
10 0.311105 0.402415 0.019667 0.031104
0 0.340103 0.351167 0.051703 0.136425
0 0.396411 0.355830 0.053263 0.135365
2 0.716355 0.383879 0.053988 0.140186
10 0.738083 0.435930 0.018650 0.030945
4 0.772804 0.384461 0.052260 0.117972
5 0.827971 0.390390 0.048188 0.131152
2 0.220787 0.521417 0.053707 0.137820
5 0.276284 0.524011 0.049679 0.134563
10 0.298970 0.580848 0.018966 0.031301
9 0.332370 0.531330 0.051037 0.132170
1 0.612819 0.554741 0.026403 0.120690
1 0.667601 0.562726 0.025304 0.123207
3 0.706952 0.565666 0.049115 0.133808
10 0.730736 0.621068 0.019311 0.029511
8 0.761090 0.568211 0.053013 0.137799
1 0.221418 0.689427 0.024074 0.112354
1 0.259020 0.692431 0.052435 0.136929
8 0.259204 0.693917 0.051890 0.135449
5 0.314583 0.699129 0.050478 0.136117
2 0.369080 0.699423 0.052712 0.139023
8 0.425102 0.708113 0.054920 0.139992
1 0.426171 0.712708 0.055142 0.142757
10 0.447209 0.766062 0.019832 0.030720
1 0.495293 0.714678 0.027037 0.129328
1 0.551311 0.718750 0.027511 0.132818
