3 0.199331 0.157371 0.049108 0.133591
8 0.253990 0.157435 0.052646 0.137406
7 0.313185 0.160934 0.051709 0.136651
4 0.366762 0.167276 0.051115 0.124750
0 0.422141 0.169696 0.053789 0.136822
3 0.477982 0.177141 0.051406 0.136644
10 0.501318 0.229005 0.018109 0.029032
6 0.531778 0.181089 0.052087 0.135447
6 0.584594 0.180053 0.059431 0.140117
9 0.588469 0.183027 0.051707 0.133372
4 0.645520 0.187310 0.052402 0.120710
9 0.701588 0.190627 0.050327 0.125536
4 0.702546 0.190302 0.055118 0.121408
5 0.244743 0.344978 0.049780 0.135257
7 0.304240 0.341914 0.045440 0.133241
10 0.318177 0.401761 0.019318 0.026675
0 0.356817 0.350400 0.052518 0.132879
8 0.413370 0.354670 0.054973 0.140287
2 0.737319 0.377745 0.052072 0.127862
4 0.794186 0.382036 0.051498 0.117206
5 0.849283 0.388800 0.050702 0.129471
2 0.235674 0.528287 0.054436 0.141306
6 0.288992 0.532623 0.051033 0.137212
10 0.316096 0.587734 0.020774 0.034320
6 0.347551 0.531289 0.051346 0.132881
1 0.634918 0.563547 0.024597 0.124549
1 0.687670 0.562184 0.025789 0.118320
2 0.729572 0.568930 0.051725 0.135508
10 0.756797 0.618348 0.018328 0.028631
8 0.786282 0.568206 0.053948 0.138379
5 0.217767 0.696935 0.050168 0.134844
9 0.275452 0.704494 0.051709 0.135171
6 0.330049 0.709190 0.051803 0.137641
6 0.386066 0.705033 0.053263 0.146445
5 0.387028 0.712541 0.049380 0.136167
6 0.441648 0.715320 0.052146 0.137553
10 0.467072 0.769459 0.019519 0.031167
4 0.500606 0.717566 0.052867 0.120380
5 0.554934 0.721864 0.049249 0.133905
