3 0.202281 0.157449 0.049185 0.131724
9 0.204970 0.153688 0.046514 0.121232
8 0.256476 0.158808 0.052645 0.138796
7 0.318130 0.158022 0.048722 0.131965
3 0.369934 0.167264 0.052400 0.140080
9 0.371584 0.166569 0.050562 0.144139
7 0.428061 0.175135 0.041647 0.128050
1 0.433526 0.170457 0.029731 0.114282
2 0.480575 0.173376 0.055138 0.137099
10 0.504704 0.231383 0.020258 0.031153
2 0.537624 0.178441 0.054025 0.140373
3 0.537879 0.178504 0.053275 0.139747
6 0.590203 0.181125 0.051535 0.135492
9 0.647597 0.185911 0.054176 0.135610
4 0.706833 0.184883 0.045928 0.126713
7 0.706912 0.183160 0.044670 0.112847
0 0.303527 0.350152 0.051455 0.137093
10 0.325963 0.400694 0.022287 0.030850
0 0.359376 0.352557 0.053427 0.136317
0 0.416604 0.354843 0.055507 0.138882
2 0.739682 0.380774 0.051641 0.130160
4 0.798162 0.384982 0.052383 0.116316
5 0.852681 0.390097 0.050226 0.134664
2 0.237888 0.528444 0.052754 0.139813
6 0.238935 0.530019 0.049783 0.136552
6 0.293703 0.531460 0.054565 0.141353
10 0.317955 0.587851 0.020075 0.031721
4 0.354227 0.531145 0.053451 0.119156
1 0.637380 0.561355 0.025038 0.121587
1 0.691977 0.565260 0.025839 0.122674
3 0.733372 0.569567 0.048967 0.133626
10 0.757594 0.618529 0.016393 0.026022
6 0.787818 0.567792 0.052552 0.136236
5 0.220929 0.697298 0.049916 0.139013
9 0.279083 0.700369 0.051350 0.132290
8 0.279521 0.709464 0.054800 0.136457
8 0.333506 0.705827 0.054417 0.140249
8 0.390371 0.707641 0.052637 0.136218
0 0.446970 0.712931 0.054742 0.135158
10 0.473210 0.768718 0.019172 0.029851
2 0.503295 0.718374 0.050833 0.135888
0 0.560121 0.722353 0.053047 0.134646
