4 0.187056 0.151972 0.051693 0.120701
6 0.240499 0.156473 0.052002 0.133591
9 0.296950 0.162800 0.051808 0.132431
4 0.352749 0.163685 0.051198 0.119498
1 0.420255 0.171569 0.025260 0.117420
9 0.461932 0.174851 0.050376 0.134501
10 0.483817 0.227533 0.017691 0.027101
9 0.517835 0.180636 0.052219 0.131221
1 0.586596 0.185183 0.026160 0.121519
6 0.626605 0.188265 0.051030 0.136034
4 0.683692 0.190897 0.052343 0.120008
0 0.284489 0.347421 0.051249 0.134105
10 0.310532 0.403354 0.019434 0.030711
0 0.339748 0.350810 0.052230 0.137927
0 0.396411 0.356588 0.053031 0.136484
2 0.716573 0.383428 0.053987 0.141054
10 0.737964 0.435840 0.018570 0.030940
4 0.772538 0.384247 0.052273 0.117839
5 0.827706 0.390498 0.048197 0.131120
2 0.220358 0.521843 0.052980 0.135663
5 0.276051 0.524709 0.049372 0.134711
10 0.299062 0.584050 0.018345 0.029329
9 0.332824 0.529574 0.051647 0.133186
1 0.612887 0.555331 0.026637 0.120324
1 0.667473 0.562425 0.024796 0.120286
3 0.707366 0.565784 0.049774 0.134213
10 0.729422 0.621008 0.019358 0.030112
9 0.763018 0.569995 0.050219 0.131585
1 0.221411 0.688925 0.024077 0.111657
1 0.258992 0.692152 0.052441 0.136949
8 0.259297 0.694093 0.052188 0.136051
5 0.314758 0.698890 0.050452 0.136337
2 0.369118 0.699288 0.052464 0.138951
8 0.425350 0.703138 0.054364 0.135082
1 0.425630 0.712592 0.054325 0.142796
10 0.447025 0.765833 0.019525 0.030428
1 0.495691 0.714443 0.026812 0.128942
1 0.551217 0.718700 0.026906 0.130041
