3 0.204719 0.157111 0.049593 0.137515
8 0.259236 0.159721 0.055006 0.140531
7 0.318420 0.157640 0.050511 0.136915
3 0.371865 0.166779 0.052349 0.139837
1 0.440132 0.171141 0.025627 0.117814
2 0.483736 0.176454 0.051238 0.138393
10 0.505992 0.230020 0.019267 0.029066
3 0.538766 0.179848 0.051411 0.139544
6 0.591879 0.182373 0.053032 0.137460
9 0.649606 0.187682 0.051650 0.133178
0 0.305429 0.348841 0.050872 0.132748
10 0.328742 0.404018 0.019817 0.032785
0 0.361740 0.351479 0.051588 0.131003
0 0.418169 0.351407 0.053352 0.138358
2 0.740697 0.383008 0.053564 0.142007
4 0.798487 0.382577 0.050224 0.110212
5 0.853454 0.390145 0.049708 0.135005
2 0.241628 0.528405 0.055679 0.139009
7 0.301822 0.527616 0.050550 0.138932
10 0.323131 0.586967 0.017872 0.030002
3 0.355129 0.540014 0.050249 0.136352
1 0.638341 0.562062 0.026594 0.116694
1 0.689783 0.562465 0.029341 0.123079
4 0.735922 0.567127 0.049048 0.111549
10 0.755244 0.623631 0.020194 0.031303
1 0.804975 0.572459 0.026362 0.120281
5 0.223529 0.697829 0.049175 0.134601
2 0.224063 0.699604 0.051622 0.140034
9 0.281064 0.700960 0.052418 0.133778
8 0.335554 0.705140 0.053486 0.136443
8 0.391230 0.713955 0.053155 0.137747
0 0.448341 0.714412 0.054959 0.137237
10 0.473596 0.772454 0.020150 0.031978
2 0.504914 0.719756 0.051078 0.136965
0 0.561894 0.727083 0.055941 0.143813
