3 0.202971 0.157008 0.048656 0.134548
8 0.256946 0.159158 0.054955 0.139670
7 0.316934 0.160352 0.048934 0.130584
10 0.336251 0.220402 0.017748 0.030565
4 0.370696 0.167556 0.050555 0.120266
9 0.425437 0.171541 0.050196 0.130759
6 0.479079 0.174708 0.054996 0.140588
10 0.504447 0.228715 0.019870 0.030939
0 0.536063 0.178639 0.053760 0.135724
3 0.592232 0.183534 0.051859 0.136136
2 0.647008 0.189680 0.053679 0.137299
0 0.704005 0.194350 0.053561 0.136865
8 0.244473 0.346914 0.051876 0.134933
6 0.245481 0.345208 0.053463 0.132172
0 0.305086 0.347280 0.055994 0.134921
10 0.325902 0.405954 0.020037 0.031918
7 0.363742 0.353512 0.047361 0.133554
9 0.417519 0.354039 0.050892 0.134731
2 0.740792 0.380136 0.050222 0.126426
10 0.765589 0.436821 0.018974 0.032952
4 0.797842 0.383693 0.050305 0.110531
5 0.852654 0.389064 0.049148 0.130964
2 0.238723 0.528775 0.056928 0.141059
7 0.299934 0.528710 0.049466 0.135984
10 0.322324 0.586139 0.016758 0.027708
3 0.353559 0.541263 0.051132 0.136640
1 0.637602 0.560619 0.025678 0.115575
1 0.690778 0.562682 0.025894 0.120313
2 0.731902 0.567219 0.049144 0.133689
1 0.732623 0.567438 0.049260 0.144166
10 0.757765 0.618854 0.018355 0.028729
8 0.789246 0.567353 0.052841 0.136408
5 0.220553 0.696430 0.049833 0.133194
9 0.279204 0.701536 0.053671 0.135131
4 0.335674 0.708222 0.052885 0.117498
3 0.391549 0.713940 0.050613 0.136140
0 0.392780 0.713310 0.053194 0.141443
0 0.446931 0.713513 0.055360 0.137066
10 0.469522 0.772932 0.019513 0.029470
2 0.504187 0.719096 0.052569 0.135303
3 0.560262 0.723600 0.051638 0.135243
