4 0.186088 0.151975 0.050628 0.115859
6 0.240152 0.156825 0.052736 0.133632
9 0.296980 0.163624 0.051896 0.132790
4 0.352867 0.162860 0.051858 0.119338
1 0.420624 0.171266 0.025463 0.118323
1 0.455670 0.172175 0.065515 0.130687
9 0.461921 0.176292 0.050916 0.131589
10 0.484338 0.227032 0.017721 0.027397
9 0.517411 0.180851 0.052279 0.132520
1 0.586161 0.184277 0.026729 0.121390
6 0.626280 0.188265 0.050280 0.134387
4 0.683369 0.191369 0.053007 0.121066
0 0.283984 0.347126 0.051832 0.134358
10 0.310724 0.402915 0.019548 0.030803
0 0.339704 0.351215 0.052671 0.139178
0 0.396401 0.356549 0.053682 0.137096
2 0.716527 0.383942 0.054381 0.141696
10 0.741539 0.434187 0.021159 0.029406
4 0.772614 0.384134 0.052594 0.118433
5 0.827514 0.393123 0.050149 0.133852
2 0.220494 0.521813 0.052237 0.135831
6 0.275655 0.524649 0.053235 0.136745
10 0.299747 0.582079 0.019604 0.031508
3 0.332836 0.528797 0.050944 0.134801
1 0.612686 0.557315 0.025849 0.122402
1 0.666556 0.562785 0.025475 0.123770
4 0.707897 0.563886 0.052126 0.114929
10 0.730182 0.619069 0.019351 0.028959
1 0.776877 0.571340 0.027636 0.124884
1 0.221361 0.689905 0.024721 0.114304
1 0.258888 0.692379 0.052578 0.135926
8 0.259699 0.693986 0.051211 0.134800
5 0.314521 0.699344 0.050522 0.136118
2 0.369199 0.700051 0.052637 0.140016
8 0.425160 0.708249 0.054756 0.139614
1 0.427010 0.714674 0.058774 0.144690
10 0.448442 0.765838 0.020318 0.032613
1 0.494794 0.716994 0.027924 0.132458
1 0.550259 0.719524 0.027161 0.130452
