3 0.202804 0.157437 0.048875 0.136075
8 0.257132 0.159645 0.055277 0.140122
7 0.316089 0.159532 0.050195 0.134193
3 0.370578 0.169409 0.051289 0.136662
1 0.439165 0.172896 0.024346 0.112138
2 0.480484 0.176211 0.053754 0.136978
10 0.503951 0.229807 0.018136 0.027894
3 0.537029 0.180967 0.051064 0.137341
6 0.589883 0.183480 0.053353 0.141666
9 0.648609 0.188714 0.051508 0.133079
1 0.712450 0.193903 0.036241 0.125216
0 0.301930 0.350730 0.053832 0.142761
10 0.327853 0.401854 0.020559 0.038857
0 0.359344 0.352048 0.053124 0.134935
0 0.416135 0.352919 0.054389 0.137253
2 0.740059 0.380159 0.051026 0.132784
4 0.797443 0.383273 0.049743 0.110463
5 0.852352 0.389184 0.049577 0.133874
2 0.238131 0.528785 0.054840 0.140400
6 0.293646 0.530978 0.053302 0.136837
10 0.320789 0.588721 0.022842 0.033149
2 0.351653 0.533601 0.051827 0.132670
1 0.637520 0.561112 0.024295 0.117785
1 0.690621 0.562552 0.027658 0.122469
3 0.734080 0.568840 0.049852 0.136812
10 0.756564 0.622879 0.020646 0.031501
7 0.794180 0.563114 0.046319 0.130236
5 0.220652 0.696495 0.049599 0.134554
9 0.278495 0.700406 0.051405 0.131199
8 0.333050 0.710248 0.052969 0.138580
8 0.388752 0.712677 0.053778 0.140202
0 0.446668 0.711960 0.054736 0.135013
10 0.468634 0.771487 0.019272 0.028779
2 0.503082 0.718360 0.051892 0.136783
0 0.559976 0.725465 0.054961 0.141359
