4 0.191869 0.146967 0.051055 0.125852
6 0.242664 0.157708 0.050864 0.140240
9 0.298622 0.155382 0.052098 0.131136
8 0.300707 0.155811 0.053641 0.132843
4 0.354449 0.159842 0.050942 0.131361
7 0.421173 0.167060 0.034013 0.112666
9 0.461839 0.173527 0.050149 0.133158
8 0.465391 0.173324 0.046524 0.123221
10 0.486160 0.224639 0.019077 0.030678
9 0.518849 0.174875 0.049740 0.130064
8 0.519181 0.174556 0.051084 0.133163
6 0.620810 0.186147 0.057338 0.147296
8 0.675066 0.179902 0.047143 0.130324
4 0.678634 0.182197 0.058132 0.136385
0 0.288790 0.345707 0.052862 0.138481
0 0.343173 0.348105 0.054160 0.140293
0 0.398418 0.351475 0.053207 0.136350
2 0.716763 0.379213 0.051626 0.125606
4 0.771556 0.384167 0.053168 0.116881
5 0.821510 0.387946 0.051010 0.139305
2 0.219436 0.521259 0.052614 0.144534
9 0.282206 0.522115 0.052161 0.135498
3 0.338584 0.536138 0.039825 0.107381
7 0.338894 0.518798 0.043525 0.122892
1 0.613904 0.556077 0.022898 0.116331
1 0.668132 0.557024 0.029169 0.113554
4 0.706272 0.559902 0.051090 0.119828
1 0.227394 0.689051 0.022895 0.103379
8 0.263460 0.692911 0.050272 0.137649
5 0.316005 0.691601 0.049535 0.134858
2 0.371038 0.700219 0.051112 0.140018
5 0.371183 0.699886 0.049611 0.140647
8 0.426100 0.704873 0.054325 0.142488
1 0.495978 0.704829 0.027162 0.121379
1 0.550420 0.708188 0.023619 0.105734
