3 0.202002 0.157531 0.049799 0.135442
8 0.256468 0.159950 0.055149 0.141257
7 0.316877 0.159967 0.050149 0.135500
3 0.369977 0.169088 0.051554 0.139043
7 0.429172 0.171891 0.042673 0.130948
1 0.438528 0.172344 0.024564 0.112916
2 0.480691 0.176067 0.052165 0.134559
10 0.505154 0.229491 0.019552 0.030246
2 0.535956 0.178913 0.053359 0.139058
3 0.536973 0.181242 0.050894 0.135632
6 0.589526 0.183984 0.052669 0.140161
10 0.614586 0.239921 0.019303 0.028972
9 0.648172 0.187620 0.052022 0.136315
0 0.301980 0.351534 0.052457 0.138502
10 0.327938 0.402426 0.020221 0.035308
0 0.359329 0.351321 0.052733 0.134067
0 0.416061 0.352474 0.053884 0.136485
2 0.740860 0.383705 0.051005 0.133058
4 0.797749 0.383707 0.049380 0.111566
2 0.851700 0.383599 0.046164 0.128043
5 0.852044 0.389131 0.050037 0.133511
2 0.237834 0.529037 0.055008 0.140993
6 0.293517 0.531117 0.053079 0.136533
10 0.320744 0.587664 0.023406 0.035268
2 0.351364 0.533182 0.051705 0.133168
1 0.636944 0.562141 0.025201 0.112027
1 0.690922 0.562983 0.027345 0.122106
3 0.732272 0.567034 0.049815 0.137864
10 0.757030 0.618781 0.017532 0.027237
8 0.787174 0.569476 0.052123 0.135236
5 0.220684 0.695930 0.049081 0.131199
9 0.278252 0.699927 0.051200 0.130965
8 0.333021 0.710207 0.053222 0.139375
8 0.388794 0.712998 0.053518 0.139966
0 0.446709 0.713266 0.054965 0.135549
10 0.468813 0.771375 0.019033 0.028441
2 0.503150 0.718693 0.051829 0.136567
0 0.560000 0.722114 0.052435 0.133509
