3 0.203244 0.158060 0.049993 0.131651
8 0.256743 0.159301 0.054765 0.139136
7 0.316392 0.161760 0.051430 0.132700
10 0.337738 0.225183 0.019120 0.030493
3 0.370487 0.168864 0.051113 0.136726
7 0.431818 0.169958 0.038714 0.127813
1 0.438539 0.172541 0.024878 0.114849
2 0.480702 0.175969 0.053283 0.135827
10 0.504366 0.228898 0.018294 0.027934
3 0.537065 0.181162 0.050737 0.136772
6 0.589811 0.183178 0.053585 0.141749
9 0.648363 0.188805 0.051591 0.133350
1 0.718347 0.193755 0.025526 0.107082
0 0.302362 0.351399 0.052354 0.141911
10 0.328146 0.403521 0.020619 0.039148
0 0.359617 0.352047 0.052797 0.134028
0 0.416214 0.353242 0.054479 0.136998
2 0.740968 0.384076 0.051318 0.133427
4 0.797437 0.383715 0.050208 0.111656
5 0.852400 0.388968 0.049262 0.133167
2 0.237854 0.528919 0.054869 0.140984
6 0.293547 0.531061 0.053550 0.137863
10 0.320973 0.587235 0.023143 0.034842
2 0.351469 0.533335 0.051545 0.131877
1 0.636885 0.561445 0.025716 0.114202
1 0.690230 0.562409 0.027494 0.121564
3 0.733750 0.567771 0.050880 0.139002
10 0.758312 0.623470 0.020530 0.032039
7 0.793001 0.570640 0.047388 0.123525
5 0.220736 0.696081 0.049472 0.133103
9 0.278527 0.700112 0.051315 0.130746
8 0.333123 0.710192 0.053461 0.139732
8 0.388940 0.712804 0.053496 0.139948
0 0.391523 0.715242 0.059765 0.143441
0 0.446641 0.712551 0.054914 0.136015
10 0.468997 0.771181 0.019428 0.029164
2 0.503053 0.718301 0.051980 0.137397
0 0.560003 0.721807 0.052594 0.133923
