3 0.202411 0.157675 0.050627 0.133202
8 0.256813 0.159332 0.055256 0.140570
7 0.315534 0.161261 0.050637 0.134845
3 0.370246 0.169124 0.051254 0.137892
1 0.438566 0.171903 0.024645 0.113561
2 0.481514 0.175560 0.051005 0.133101
10 0.503379 0.228577 0.018552 0.028654
5 0.536429 0.178899 0.052194 0.138700
3 0.537318 0.180781 0.050301 0.135960
6 0.589546 0.183273 0.053290 0.142353
9 0.648297 0.187596 0.051713 0.133242
1 0.713154 0.194394 0.034283 0.122879
0 0.303444 0.348781 0.049833 0.134016
10 0.322464 0.401794 0.019887 0.025995
0 0.359508 0.351673 0.052947 0.134005
0 0.416114 0.352972 0.054468 0.136909
2 0.740813 0.383532 0.050795 0.132398
4 0.796677 0.382063 0.050815 0.112941
5 0.852007 0.388828 0.049330 0.131972
2 0.238276 0.529227 0.055761 0.142418
5 0.294221 0.530718 0.051102 0.138612
10 0.317878 0.585627 0.019112 0.029555
6 0.350864 0.531875 0.051097 0.135348
1 0.637796 0.561336 0.024653 0.120623
1 0.689797 0.562071 0.026108 0.118607
2 0.731852 0.566211 0.049423 0.133219
10 0.758909 0.603778 0.020493 0.035817
7 0.794131 0.564747 0.046163 0.127297
5 0.220390 0.696173 0.049774 0.133881
9 0.278269 0.700014 0.051264 0.131479
8 0.333040 0.710186 0.053218 0.138439
8 0.388866 0.712842 0.053338 0.138504
0 0.446707 0.713148 0.054737 0.135531
10 0.468817 0.770176 0.019114 0.028946
2 0.502873 0.718747 0.051903 0.136994
0 0.560121 0.725790 0.055156 0.142761
