3 0.198737 0.149817 0.049628 0.131007
8 0.254053 0.153316 0.052807 0.135623
7 0.313302 0.157435 0.051268 0.135408
4 0.368014 0.162791 0.051431 0.122014
1 0.438931 0.167131 0.024191 0.103437
8 0.476519 0.171234 0.052971 0.137117
10 0.500243 0.226441 0.018469 0.030553
9 0.534016 0.175802 0.051863 0.138983
1 0.600118 0.183847 0.029931 0.137592
3 0.645076 0.182499 0.051526 0.138383
5 0.645204 0.181428 0.050364 0.141596
3 0.702336 0.184666 0.050809 0.131332
5 0.244617 0.343459 0.049531 0.141726
8 0.300079 0.345951 0.052909 0.135353
10 0.321363 0.398778 0.018197 0.029565
0 0.357717 0.345758 0.054004 0.139310
4 0.413937 0.352824 0.050986 0.119322
2 0.738255 0.377038 0.050613 0.131098
4 0.794231 0.379277 0.051407 0.116311
5 0.849872 0.383990 0.049576 0.125919
2 0.235654 0.523294 0.053031 0.137703
6 0.290596 0.526327 0.053255 0.136702
10 0.312150 0.583046 0.019345 0.030438
6 0.347956 0.532279 0.051737 0.132605
8 0.349135 0.528767 0.053929 0.138744
1 0.630654 0.561367 0.024803 0.122822
1 0.689630 0.558455 0.025790 0.117039
2 0.729151 0.566035 0.052299 0.136636
10 0.756130 0.618702 0.018274 0.027249
6 0.784365 0.566018 0.049499 0.133331
5 0.218199 0.694596 0.050289 0.139299
6 0.274959 0.694818 0.052278 0.139184
9 0.275182 0.700864 0.052000 0.132571
6 0.330329 0.704469 0.052623 0.142862
1 0.403134 0.711816 0.024868 0.114504
9 0.444925 0.712770 0.050100 0.130322
10 0.468449 0.764801 0.019770 0.030884
1 0.516512 0.720216 0.026022 0.126616
7 0.560668 0.717695 0.046308 0.131156
