5 0.202319 0.156228 0.048568 0.130007
3 0.202493 0.157421 0.049081 0.135073
8 0.256757 0.160360 0.055214 0.140671
7 0.316793 0.161606 0.051106 0.133321
3 0.369799 0.167086 0.051674 0.138000
5 0.370246 0.168347 0.049643 0.137931
1 0.437612 0.172247 0.024797 0.109223
2 0.480085 0.176514 0.053534 0.135354
10 0.504061 0.229448 0.018369 0.027786
5 0.536253 0.179145 0.051689 0.139207
3 0.537080 0.181412 0.050948 0.136425
6 0.589443 0.183722 0.052983 0.140171
9 0.648484 0.187846 0.052160 0.135549
7 0.704986 0.188786 0.038338 0.120034
1 0.707929 0.190849 0.040815 0.132813
0 0.303352 0.348640 0.049931 0.133848
10 0.327972 0.402899 0.020171 0.035606
0 0.359403 0.351191 0.053140 0.134627
0 0.416157 0.352877 0.054410 0.138004
2 0.740447 0.379279 0.050090 0.124880
4 0.797363 0.383062 0.049756 0.110675
5 0.852300 0.389164 0.049362 0.132451
2 0.237883 0.528921 0.055152 0.141985
6 0.292507 0.532183 0.051289 0.138060
10 0.318278 0.586094 0.019624 0.030724
6 0.351062 0.531888 0.050924 0.135270
1 0.637583 0.560268 0.025042 0.111226
1 0.690117 0.562122 0.026972 0.118647
4 0.734657 0.566346 0.050506 0.117804
10 0.754277 0.623527 0.020429 0.031104
1 0.803694 0.573974 0.025792 0.117147
5 0.220689 0.696661 0.049425 0.132943
9 0.278297 0.700252 0.051323 0.130792
8 0.333103 0.710813 0.053426 0.139007
8 0.388928 0.712831 0.053698 0.139947
0 0.391458 0.714967 0.059363 0.143338
0 0.446704 0.712783 0.054783 0.135142
10 0.468839 0.771787 0.020173 0.030286
2 0.502974 0.718729 0.052284 0.137270
0 0.559940 0.721970 0.052679 0.134130
