3 0.202090 0.158069 0.049755 0.136588
8 0.256988 0.160910 0.055618 0.142151
7 0.316906 0.161083 0.049920 0.130539
5 0.369984 0.167839 0.049741 0.137318
3 0.370024 0.166762 0.053282 0.136156
1 0.438956 0.171939 0.024488 0.112528
2 0.480552 0.177005 0.053737 0.136007
10 0.503817 0.230183 0.018854 0.028281
2 0.536294 0.179232 0.053104 0.138311
3 0.537027 0.181035 0.050785 0.137230
6 0.589670 0.183740 0.052926 0.139254
9 0.648464 0.188309 0.050814 0.131232
1 0.708984 0.188381 0.035143 0.121328
0 0.302165 0.351280 0.052728 0.140164
10 0.328948 0.403374 0.020298 0.038669
0 0.359308 0.351470 0.052957 0.134466
0 0.416226 0.352781 0.054551 0.137108
2 0.740098 0.381831 0.051913 0.133776
4 0.797327 0.383411 0.052035 0.114872
5 0.852342 0.388683 0.049044 0.131519
2 0.238143 0.528670 0.054711 0.140198
6 0.293822 0.530929 0.053643 0.136262
10 0.318214 0.586393 0.018852 0.029448
9 0.353090 0.533065 0.051691 0.136839
1 0.636941 0.560994 0.025611 0.112070
1 0.690409 0.562761 0.027028 0.118314
4 0.734358 0.565470 0.050614 0.116884
10 0.757302 0.622847 0.021357 0.031987
1 0.803485 0.573352 0.025438 0.114675
5 0.220455 0.696003 0.049257 0.132468
9 0.278382 0.699836 0.050800 0.131188
8 0.332963 0.710150 0.052895 0.137851
8 0.388683 0.712874 0.053807 0.140606
0 0.446757 0.712619 0.054947 0.135069
10 0.468002 0.771817 0.019820 0.030045
2 0.503149 0.719027 0.051464 0.135488
0 0.559657 0.722429 0.052218 0.133288
