4 0.189525 0.150560 0.050841 0.120898
6 0.242366 0.154095 0.051856 0.132948
9 0.299491 0.160955 0.050752 0.131674
4 0.354608 0.161777 0.050396 0.119457
1 0.423071 0.169915 0.025715 0.118716
1 0.457715 0.170148 0.064109 0.130203
9 0.463291 0.173594 0.050375 0.131087
10 0.486109 0.224922 0.017319 0.027512
9 0.519964 0.175258 0.053187 0.136275
1 0.587472 0.179688 0.027980 0.119821
6 0.627385 0.186181 0.050940 0.136726
10 0.651933 0.244458 0.018655 0.028891
4 0.685075 0.190958 0.053673 0.121885
0 0.286901 0.343026 0.053467 0.134658
10 0.311741 0.401133 0.019245 0.030991
0 0.341332 0.348177 0.051499 0.137957
0 0.398313 0.353904 0.053569 0.133640
2 0.717086 0.381970 0.053656 0.140568
10 0.739318 0.435292 0.018755 0.031419
4 0.773563 0.381952 0.052068 0.118451
5 0.828322 0.389153 0.048114 0.131764
2 0.223174 0.522216 0.052979 0.138718
6 0.277615 0.522145 0.052377 0.134885
10 0.300731 0.578328 0.020881 0.032739
0 0.335015 0.525426 0.053645 0.136877
1 0.613569 0.555514 0.025559 0.121119
1 0.667954 0.560567 0.025631 0.125374
3 0.708205 0.566142 0.048645 0.133137
10 0.731445 0.614329 0.018515 0.029111
8 0.762729 0.566904 0.052785 0.135890
1 0.223356 0.686973 0.024086 0.113134
1 0.262025 0.690920 0.050411 0.133873
8 0.262055 0.692649 0.050798 0.133599
5 0.316132 0.693306 0.048992 0.130375
5 0.370325 0.698482 0.052667 0.138410
2 0.371541 0.697357 0.052169 0.135467
8 0.427039 0.701521 0.053914 0.133660
1 0.427062 0.710260 0.052220 0.141258
10 0.448389 0.763523 0.019565 0.031641
1 0.497943 0.711521 0.026081 0.124831
1 0.552403 0.714010 0.026667 0.129717
