4 0.186834 0.146159 0.053516 0.120438
6 0.240625 0.148996 0.052338 0.135401
9 0.296376 0.156346 0.051950 0.130834
4 0.352306 0.158741 0.051807 0.119572
1 0.421155 0.164961 0.025245 0.118543
9 0.461371 0.168122 0.048670 0.130762
10 0.483354 0.227005 0.018009 0.030121
9 0.517631 0.173830 0.052252 0.131761
1 0.586421 0.178800 0.026599 0.118451
6 0.626739 0.183260 0.049287 0.135593
4 0.683934 0.185349 0.053711 0.121644
0 0.284646 0.342668 0.052318 0.137154
10 0.308381 0.393083 0.020192 0.032279
0 0.339894 0.346265 0.052408 0.136225
0 0.395605 0.349854 0.054568 0.143209
2 0.716006 0.379571 0.052470 0.138340
10 0.739619 0.431445 0.019424 0.031643
4 0.773551 0.378457 0.051157 0.120588
5 0.827699 0.386187 0.047219 0.129939
2 0.220144 0.517875 0.051873 0.141893
6 0.221284 0.515933 0.052286 0.136438
6 0.274936 0.520461 0.052413 0.133666
10 0.299011 0.576017 0.020079 0.031358
0 0.332007 0.528386 0.053346 0.137372
1 0.612704 0.550795 0.026416 0.122902
1 0.666568 0.552538 0.026835 0.121331
4 0.707815 0.560673 0.049230 0.117666
10 0.729005 0.618106 0.019621 0.031551
0 0.761619 0.566555 0.053344 0.135717
1 0.221793 0.687568 0.023819 0.118383
1 0.259310 0.690301 0.052217 0.137581
8 0.259579 0.691671 0.052025 0.133267
5 0.314052 0.694469 0.050246 0.136784
2 0.369485 0.696590 0.052717 0.136071
8 0.425391 0.699101 0.054028 0.135968
1 0.425983 0.709487 0.054361 0.142135
10 0.446874 0.763353 0.019747 0.031357
1 0.496472 0.711271 0.026431 0.127182
1 0.551054 0.712225 0.027159 0.131609
