3 0.202931 0.157957 0.050221 0.131174
8 0.256700 0.159256 0.054780 0.139319
7 0.317141 0.161518 0.049624 0.133029
3 0.369369 0.169401 0.050732 0.135994
7 0.429364 0.171978 0.043275 0.128769
1 0.436921 0.171612 0.025256 0.107157
2 0.481074 0.175397 0.051777 0.134880
10 0.504722 0.229144 0.018987 0.029364
5 0.536301 0.178848 0.052478 0.138948
3 0.537010 0.180891 0.051323 0.137606
6 0.589931 0.183763 0.053032 0.140263
9 0.648253 0.188252 0.051180 0.131891
0 0.303516 0.349377 0.050189 0.134900
10 0.323079 0.401656 0.020576 0.027570
0 0.359430 0.351915 0.052601 0.134569
0 0.416276 0.353315 0.054492 0.138688
2 0.740854 0.384120 0.051645 0.135085
4 0.797342 0.383516 0.049043 0.109971
5 0.852024 0.388877 0.049686 0.132398
2 0.238067 0.528634 0.054997 0.140344
6 0.294543 0.531772 0.051065 0.132595
10 0.316110 0.588642 0.022005 0.035193
1 0.366653 0.541501 0.025230 0.113227
1 0.637469 0.560784 0.025098 0.118788
1 0.690827 0.562776 0.027280 0.121397
3 0.732338 0.566360 0.049833 0.137777
10 0.757186 0.618196 0.017663 0.027729
8 0.787481 0.569463 0.051546 0.135485
5 0.220730 0.696171 0.049127 0.131911
9 0.278273 0.700024 0.051084 0.131372
8 0.333081 0.710305 0.053779 0.140106
8 0.389065 0.712554 0.053792 0.140505
0 0.446756 0.712743 0.055050 0.136178
10 0.468211 0.771512 0.019617 0.029461
2 0.502925 0.718901 0.051995 0.137278
0 0.560154 0.721846 0.052344 0.133254
