3 0.199286 0.149200 0.048825 0.130578
8 0.253880 0.153419 0.053173 0.137163
7 0.312914 0.155578 0.049513 0.135869
3 0.366014 0.165353 0.052342 0.141903
5 0.367091 0.159468 0.054489 0.140399
5 0.419762 0.165995 0.050369 0.139069
5 0.475150 0.170238 0.052446 0.137457
9 0.477502 0.171668 0.050175 0.132701
10 0.500389 0.221986 0.019916 0.035227
0 0.533417 0.175812 0.051172 0.132224
9 0.588671 0.179373 0.051437 0.133423
0 0.643724 0.185157 0.054273 0.140952
9 0.702457 0.188439 0.052068 0.135586
8 0.244578 0.340742 0.052409 0.132980
9 0.301173 0.348132 0.050846 0.130998
10 0.325214 0.400928 0.019980 0.032030
9 0.357729 0.349211 0.051096 0.134005
1 0.429656 0.354755 0.024530 0.113908
2 0.737582 0.377044 0.051245 0.132489
4 0.793939 0.379078 0.051384 0.116829
5 0.849817 0.384540 0.049958 0.126371
2 0.235629 0.523028 0.053727 0.137823
6 0.291884 0.526410 0.054086 0.138523
10 0.314215 0.585677 0.020248 0.035974
5 0.348447 0.526995 0.053062 0.140425
3 0.349613 0.535110 0.050457 0.133412
1 0.634310 0.560629 0.023757 0.119683
1 0.689059 0.558129 0.025710 0.115472
2 0.730089 0.565859 0.052603 0.136362
10 0.755020 0.615221 0.018200 0.026178
2 0.786807 0.563486 0.046892 0.134156
3 0.787532 0.566826 0.050379 0.135698
2 0.218159 0.694572 0.049999 0.138509
5 0.218746 0.692111 0.050578 0.139019
9 0.276374 0.700342 0.052306 0.132507
7 0.334875 0.701241 0.046010 0.130149
6 0.387172 0.704099 0.052090 0.137698
5 0.443627 0.706911 0.051814 0.137870
10 0.467658 0.763533 0.019945 0.030042
7 0.504464 0.713615 0.046448 0.130838
3 0.555028 0.714228 0.050326 0.127346
