3 0.205669 0.156503 0.049550 0.133075
8 0.259408 0.158260 0.055606 0.141505
7 0.318818 0.158970 0.051144 0.137169
3 0.372656 0.167885 0.052784 0.139446
7 0.430937 0.173512 0.044871 0.131383
1 0.438518 0.171272 0.026556 0.118723
2 0.482567 0.174643 0.053510 0.134574
10 0.506436 0.229724 0.018889 0.028686
3 0.538842 0.179635 0.050132 0.135568
6 0.591685 0.182508 0.052653 0.136096
9 0.649152 0.188034 0.050736 0.132605
0 0.305674 0.348726 0.050904 0.132692
10 0.330066 0.402996 0.019579 0.033370
0 0.361677 0.350860 0.052419 0.132954
0 0.418319 0.351280 0.053105 0.138368
2 0.741351 0.383680 0.051554 0.133385
4 0.798674 0.383797 0.049870 0.112047
5 0.852770 0.389240 0.049197 0.133291
1 0.638497 0.562329 0.026823 0.114483
1 0.690196 0.563782 0.030028 0.117955
4 0.735724 0.434946 0.052814 0.248774
4 0.736112 0.568640 0.048011 0.109109
10 0.757592 0.623917 0.021030 0.032025
1 0.804328 0.572524 0.026167 0.117629
2 0.241269 0.532114 0.056214 0.144248
7 0.301982 0.529356 0.050776 0.139751
10 0.323398 0.585813 0.017290 0.030243
3 0.355189 0.541077 0.051399 0.135051
5 0.223665 0.697977 0.049146 0.133827
9 0.280855 0.700951 0.052823 0.132739
8 0.335623 0.705059 0.053345 0.136051
8 0.392558 0.708529 0.054050 0.136615
0 0.448675 0.714690 0.055073 0.137932
10 0.473769 0.772162 0.019527 0.031245
2 0.504992 0.719820 0.051388 0.137190
0 0.561818 0.726567 0.055389 0.141685
