4 0.186651 0.148822 0.052158 0.122986
6 0.240087 0.153044 0.052971 0.134087
9 0.295560 0.158190 0.051166 0.129931
4 0.351592 0.160125 0.052228 0.122078
1 0.419548 0.171911 0.025099 0.117550
9 0.460833 0.172966 0.049478 0.132885
10 0.482687 0.224502 0.017886 0.027641
9 0.516556 0.174935 0.051977 0.135772
1 0.583832 0.181315 0.027408 0.122412
6 0.624189 0.185712 0.049405 0.132469
4 0.680997 0.187633 0.051249 0.118154
0 0.283929 0.342551 0.052570 0.133377
10 0.307029 0.395139 0.020864 0.033092
0 0.338740 0.349362 0.052193 0.137812
0 0.395275 0.354438 0.053470 0.138036
2 0.714102 0.381640 0.053804 0.141588
10 0.738989 0.433405 0.019841 0.029078
4 0.771111 0.381697 0.051164 0.118253
5 0.824836 0.390401 0.049027 0.132804
2 0.219729 0.519993 0.051383 0.134007
6 0.273837 0.522477 0.052070 0.134884
10 0.298494 0.576696 0.019547 0.030869
8 0.330880 0.529399 0.053103 0.136736
1 0.611399 0.553724 0.026428 0.122639
1 0.662955 0.562428 0.025450 0.121061
4 0.706748 0.563571 0.049924 0.114775
10 0.727830 0.619268 0.020049 0.031046
1 0.774865 0.571144 0.026439 0.124273
1 0.220774 0.688968 0.024251 0.118074
1 0.258502 0.691590 0.052156 0.137198
8 0.258818 0.693115 0.052230 0.133501
5 0.313252 0.695931 0.049535 0.135089
2 0.368181 0.698184 0.052158 0.137671
8 0.424224 0.706242 0.054885 0.139373
1 0.424596 0.711614 0.053838 0.144128
10 0.447547 0.757763 0.019926 0.032134
1 0.493603 0.713457 0.026067 0.126173
1 0.549711 0.712895 0.026477 0.126733
