4 0.188766 0.147112 0.052058 0.122229
6 0.241883 0.152956 0.051494 0.132472
8 0.242081 0.151189 0.052794 0.143636
9 0.298178 0.157964 0.052435 0.132876
4 0.353231 0.161227 0.051044 0.120789
1 0.419508 0.169274 0.026184 0.116556
9 0.461320 0.174860 0.053815 0.141657
8 0.462323 0.170918 0.050734 0.136927
9 0.518559 0.174981 0.053395 0.140561
1 0.583302 0.177708 0.030233 0.120003
7 0.586976 0.177751 0.034379 0.122999
6 0.624528 0.184666 0.052657 0.140329
8 0.624922 0.182487 0.048406 0.132803
4 0.681403 0.187032 0.053185 0.124342
0 0.286649 0.344400 0.053748 0.134479
0 0.340943 0.349375 0.051992 0.141837
0 0.397533 0.348737 0.052710 0.134606
2 0.714568 0.378124 0.051205 0.131411
10 0.738373 0.432219 0.019675 0.034552
4 0.771496 0.380551 0.051703 0.120426
5 0.825037 0.387075 0.048604 0.131197
2 0.222607 0.521288 0.051368 0.136465
6 0.277487 0.522266 0.053118 0.134748
10 0.301422 0.575891 0.020383 0.034062
2 0.332548 0.522037 0.049984 0.133981
1 0.612285 0.551221 0.025681 0.120840
1 0.665192 0.560686 0.027695 0.128552
3 0.705493 0.560071 0.050650 0.133321
10 0.729408 0.613785 0.017692 0.030130
6 0.759170 0.562398 0.050785 0.133799
1 0.223427 0.687743 0.023871 0.110062
8 0.261635 0.692747 0.052025 0.138406
1 0.262163 0.691649 0.049817 0.136100
5 0.314193 0.694065 0.049630 0.131697
2 0.370078 0.697892 0.051769 0.135952
6 0.370184 0.701908 0.051964 0.140175
5 0.372425 0.697704 0.053653 0.146180
8 0.426571 0.701223 0.054256 0.137155
1 0.494933 0.706255 0.025724 0.120686
1 0.550283 0.712385 0.024676 0.122510
