4 0.187167 0.152425 0.050711 0.119393
6 0.239755 0.156501 0.050699 0.134566
9 0.297320 0.163219 0.051701 0.132546
4 0.353186 0.162612 0.051976 0.119883
1 0.420632 0.172406 0.025209 0.117220
9 0.462052 0.175460 0.050859 0.135476
10 0.483820 0.227861 0.017841 0.027642
9 0.517857 0.180913 0.052430 0.131417
1 0.586765 0.185585 0.025899 0.120553
6 0.626447 0.187930 0.050909 0.137802
4 0.683751 0.193294 0.051714 0.115529
0 0.284682 0.344929 0.053215 0.134697
10 0.310815 0.402934 0.019582 0.031041
0 0.339791 0.350506 0.051811 0.136725
0 0.396591 0.356202 0.053586 0.136092
2 0.716329 0.384030 0.054351 0.141466
10 0.738687 0.435919 0.019015 0.031905
4 0.772981 0.383975 0.051969 0.118379
5 0.827892 0.390287 0.048541 0.131204
2 0.220819 0.521426 0.053493 0.137029
5 0.276154 0.524285 0.049593 0.134562
10 0.299670 0.581236 0.018946 0.030955
9 0.332604 0.531565 0.051343 0.132752
1 0.612709 0.555191 0.026485 0.120374
1 0.667334 0.563805 0.024119 0.118572
4 0.706990 0.562996 0.050032 0.116506
10 0.729253 0.620139 0.019857 0.030243
0 0.760954 0.571762 0.052563 0.136919
1 0.221224 0.689372 0.024423 0.114614
1 0.258638 0.692168 0.052953 0.137410
8 0.259357 0.693689 0.050983 0.134140
10 0.286445 0.745044 0.016818 0.026711
5 0.313985 0.698973 0.050146 0.135559
2 0.369290 0.699259 0.052490 0.138555
8 0.425380 0.703358 0.054109 0.134427
1 0.425958 0.713171 0.054759 0.141827
10 0.447321 0.759977 0.020286 0.032222
1 0.495558 0.717729 0.026473 0.125321
1 0.550944 0.718771 0.027071 0.130550
