3 0.203139 0.157997 0.049664 0.130374
8 0.256864 0.159955 0.054932 0.139554
7 0.316295 0.160885 0.050650 0.130469
3 0.370286 0.169098 0.051484 0.137864
3 0.426930 0.169201 0.044179 0.123014
7 0.427856 0.169991 0.046856 0.129261
1 0.437932 0.172641 0.024341 0.111250
2 0.481060 0.175647 0.051298 0.132555
10 0.504479 0.229733 0.019411 0.030846
2 0.536466 0.179295 0.052948 0.137558
3 0.537128 0.180815 0.050544 0.134960
6 0.589795 0.184085 0.053004 0.140574
9 0.648654 0.188092 0.051283 0.132480
7 0.708825 0.189102 0.037458 0.121940
1 0.710655 0.193178 0.040875 0.134086
0 0.303480 0.348832 0.049226 0.133025
10 0.327008 0.402923 0.020169 0.035901
0 0.359351 0.351518 0.053026 0.134684
0 0.416409 0.352592 0.054811 0.141032
2 0.740721 0.378806 0.050040 0.125163
4 0.797424 0.382511 0.051027 0.112818
5 0.852546 0.388830 0.049403 0.132390
2 0.238113 0.528699 0.055373 0.141657
6 0.294396 0.529300 0.053464 0.139392
1 0.366581 0.542760 0.024991 0.112635
1 0.637964 0.561872 0.024197 0.116315
1 0.690348 0.562607 0.027352 0.121918
3 0.732804 0.569253 0.049273 0.136522
10 0.757622 0.618854 0.017653 0.027362
8 0.787329 0.569681 0.052143 0.135970
5 0.220674 0.696208 0.048947 0.132403
9 0.278211 0.700265 0.051213 0.131643
8 0.333009 0.710192 0.054014 0.141027
8 0.389012 0.712416 0.053516 0.139875
0 0.446889 0.712493 0.055059 0.135666
10 0.467792 0.771424 0.019306 0.029202
2 0.503262 0.718693 0.051274 0.136672
0 0.560006 0.721756 0.052254 0.133479
