4 0.187196 0.150398 0.053252 0.119571
6 0.241109 0.157458 0.050302 0.134045
9 0.296257 0.162997 0.051319 0.130314
4 0.353554 0.165212 0.050614 0.115687
7 0.416142 0.168885 0.034175 0.118461
1 0.417782 0.168646 0.031428 0.119343
9 0.461145 0.177312 0.050232 0.130591
10 0.484713 0.230555 0.019414 0.028225
9 0.517514 0.179310 0.054270 0.141437
1 0.584148 0.185841 0.027965 0.121868
6 0.585284 0.186853 0.033258 0.130783
6 0.624203 0.191485 0.048041 0.135744
4 0.681346 0.191292 0.053035 0.117767
0 0.285360 0.346872 0.053327 0.131095
10 0.313075 0.400716 0.018529 0.030279
0 0.340634 0.353026 0.052069 0.135316
0 0.395951 0.356992 0.051243 0.136471
2 0.714837 0.386734 0.054695 0.142586
4 0.770889 0.386609 0.052317 0.117390
5 0.826183 0.395550 0.049139 0.132024
8 0.221875 0.527806 0.051139 0.134154
3 0.222203 0.522710 0.050752 0.134690
6 0.222426 0.527545 0.052757 0.127436
0 0.276933 0.524888 0.053508 0.132639
10 0.298561 0.580002 0.019331 0.031563
0 0.332069 0.528812 0.053111 0.133994
1 0.610822 0.556905 0.026791 0.119117
1 0.663724 0.567054 0.025444 0.119451
4 0.706095 0.564780 0.053305 0.115319
1 0.775376 0.572918 0.026436 0.120987
1 0.221865 0.690549 0.025507 0.114315
8 0.259857 0.694616 0.051633 0.136744
1 0.260611 0.692616 0.050938 0.134508
5 0.314123 0.696637 0.049882 0.136325
5 0.367567 0.701264 0.054802 0.141040
6 0.368060 0.706499 0.051704 0.135314
2 0.369228 0.702046 0.052295 0.141342
8 0.424915 0.710343 0.054566 0.137219
1 0.425756 0.716758 0.055396 0.143300
10 0.446792 0.761957 0.019429 0.032312
1 0.494646 0.712328 0.026584 0.123447
1 0.549647 0.717021 0.027274 0.133512
