4 0.185930 0.149926 0.050646 0.116485
6 0.240204 0.153457 0.052160 0.136805
9 0.296118 0.159507 0.051963 0.133151
4 0.351992 0.159236 0.052858 0.123153
1 0.418755 0.170139 0.025425 0.118717
9 0.460280 0.173627 0.053160 0.139091
10 0.481866 0.224166 0.017401 0.027068
9 0.516552 0.174548 0.051807 0.136657
1 0.584094 0.180630 0.027631 0.122457
6 0.624672 0.185803 0.050296 0.134366
4 0.681410 0.188340 0.051417 0.117569
0 0.284072 0.343475 0.052624 0.131989
10 0.311052 0.402459 0.019073 0.030243
0 0.339160 0.348838 0.052265 0.138564
0 0.394813 0.355208 0.051084 0.134786
2 0.713659 0.381348 0.054055 0.142099
10 0.736589 0.434967 0.018956 0.032053
4 0.771134 0.382247 0.050969 0.118847
5 0.824948 0.388434 0.047673 0.129434
2 0.220417 0.520593 0.052668 0.137044
6 0.274323 0.522513 0.051928 0.135080
10 0.297104 0.577853 0.019052 0.031554
9 0.331691 0.529754 0.050702 0.132640
1 0.611335 0.554488 0.026649 0.123224
1 0.663854 0.562923 0.025131 0.121692
4 0.706622 0.564624 0.049769 0.114635
10 0.731414 0.621216 0.021666 0.033043
1 0.775778 0.571488 0.026862 0.127209
1 0.220837 0.689511 0.024102 0.118565
1 0.258299 0.692138 0.052378 0.137651
8 0.258708 0.693705 0.051780 0.131570
5 0.313695 0.695509 0.049655 0.135163
2 0.368222 0.698325 0.052164 0.138740
8 0.424330 0.701240 0.053616 0.135169
1 0.425180 0.712983 0.056167 0.143545
10 0.448257 0.764949 0.019560 0.031406
1 0.493537 0.715212 0.027104 0.130080
1 0.549300 0.715760 0.026721 0.128836
