3 0.202148 0.157809 0.049714 0.136896
8 0.256645 0.158669 0.054982 0.138576
7 0.316994 0.158852 0.049461 0.133746
3 0.370288 0.169511 0.051347 0.138251
7 0.430067 0.170934 0.044687 0.131829
1 0.437642 0.171282 0.025284 0.115541
2 0.480845 0.175565 0.053445 0.136345
10 0.503869 0.229926 0.018241 0.027932
5 0.536405 0.178829 0.052354 0.139892
3 0.537281 0.180969 0.051365 0.137386
6 0.589873 0.183473 0.053184 0.140708
9 0.648436 0.188625 0.051565 0.133199
1 0.713576 0.193458 0.036353 0.126875
0 0.303387 0.349244 0.049753 0.133044
10 0.328068 0.403443 0.019734 0.035702
0 0.359373 0.351973 0.053133 0.133923
0 0.416496 0.352472 0.054851 0.141333
2 0.740493 0.383994 0.051971 0.135103
4 0.797046 0.382851 0.051319 0.113650
5 0.852230 0.388979 0.049413 0.133157
2 0.238176 0.529122 0.055395 0.141932
6 0.294319 0.530027 0.053649 0.139291
10 0.318678 0.587095 0.018399 0.030171
3 0.352933 0.539414 0.050210 0.132802
5 0.353577 0.531636 0.049906 0.133510
1 0.637176 0.562339 0.025013 0.118935
1 0.689569 0.560932 0.028771 0.119575
3 0.733115 0.569346 0.050056 0.138717
10 0.757233 0.618984 0.016897 0.026210
6 0.787426 0.567600 0.051342 0.135950
5 0.220451 0.696561 0.049560 0.134410
9 0.278399 0.700519 0.051293 0.131829
8 0.333564 0.704864 0.053773 0.137961
8 0.388920 0.713008 0.053779 0.140358
0 0.446521 0.713531 0.054745 0.135255
10 0.468959 0.771465 0.019286 0.029341
2 0.503036 0.719056 0.051951 0.137039
0 0.560495 0.725788 0.054975 0.141903
