4 0.187239 0.144801 0.051494 0.119640
6 0.240103 0.151307 0.051183 0.130869
9 0.296615 0.156174 0.052199 0.130574
4 0.352997 0.156988 0.052080 0.122778
1 0.420836 0.165570 0.026019 0.121570
9 0.461167 0.168812 0.048994 0.132441
10 0.484168 0.223040 0.017045 0.027101
9 0.517778 0.173684 0.052684 0.135096
1 0.586304 0.179696 0.027004 0.121297
6 0.626473 0.183067 0.049860 0.137727
10 0.652569 0.241572 0.018874 0.029543
4 0.683712 0.184668 0.054117 0.131329
0 0.283994 0.343729 0.051942 0.136534
10 0.306975 0.392951 0.020589 0.032680
0 0.339955 0.345492 0.051918 0.136040
0 0.395472 0.350296 0.052793 0.141425
2 0.715643 0.379928 0.054108 0.141796
10 0.738880 0.431094 0.019574 0.033075
4 0.772949 0.379378 0.051291 0.120662
5 0.828072 0.386853 0.048230 0.131753
2 0.220455 0.517844 0.051801 0.138168
2 0.273869 0.523043 0.052066 0.139071
6 0.276071 0.519993 0.053330 0.134380
10 0.299244 0.574527 0.019066 0.032658
3 0.332777 0.528695 0.048290 0.126686
1 0.612345 0.551951 0.026326 0.121484
1 0.665753 0.558875 0.026212 0.127297
4 0.709042 0.561576 0.050447 0.116257
10 0.731365 0.614727 0.018564 0.033877
1 0.777275 0.570214 0.027808 0.132206
1 0.222043 0.686323 0.023785 0.119965
8 0.260148 0.691443 0.051830 0.134667
1 0.260155 0.690295 0.051744 0.138130
5 0.314414 0.694791 0.050127 0.136695
2 0.369047 0.696340 0.052802 0.135481
8 0.425364 0.699076 0.053820 0.135543
1 0.426839 0.709571 0.059269 0.143107
10 0.447483 0.763163 0.019437 0.031531
1 0.495063 0.710482 0.027539 0.129588
1 0.551098 0.711076 0.027233 0.134581
