3 0.204447 0.155987 0.050066 0.136498
8 0.259351 0.157384 0.054742 0.140232
7 0.318012 0.158120 0.050141 0.134193
3 0.372517 0.167023 0.052439 0.140343
7 0.432126 0.167943 0.044493 0.124486
1 0.437720 0.170820 0.026639 0.113026
2 0.482969 0.176728 0.051970 0.136661
10 0.505048 0.230052 0.018601 0.028175
3 0.538618 0.179395 0.051405 0.138400
6 0.592275 0.180791 0.052109 0.135240
9 0.650365 0.185953 0.052364 0.135960
0 0.305596 0.348248 0.051340 0.133534
10 0.329313 0.400009 0.017811 0.028140
0 0.361812 0.351863 0.052872 0.133777
0 0.418640 0.352807 0.052997 0.139907
2 0.741038 0.379298 0.051063 0.128737
4 0.798611 0.382957 0.051007 0.112552
5 0.853548 0.389686 0.049793 0.133535
2 0.241909 0.531025 0.055006 0.141735
7 0.301442 0.530454 0.049571 0.137558
10 0.321027 0.587573 0.017772 0.031243
4 0.355361 0.539494 0.053926 0.121321
1 0.636697 0.562200 0.026720 0.116309
1 0.691643 0.562759 0.026973 0.118662
4 0.736621 0.568165 0.047775 0.110105
10 0.758799 0.622664 0.020386 0.031168
1 0.804441 0.573436 0.025893 0.112007
5 0.224175 0.698383 0.049264 0.134519
9 0.280982 0.701239 0.052912 0.134712
8 0.335070 0.710914 0.053199 0.137966
8 0.391240 0.713764 0.053359 0.137608
0 0.448243 0.719888 0.053039 0.135063
10 0.473527 0.770366 0.019175 0.029345
2 0.505084 0.719852 0.051321 0.136661
0 0.561331 0.723252 0.053096 0.134189
