3 0.199931 0.150015 0.047731 0.128303
8 0.253988 0.154237 0.052433 0.134339
7 0.313433 0.157929 0.050817 0.136840
3 0.367428 0.166220 0.052933 0.144407
5 0.368375 0.161110 0.051293 0.136255
7 0.424258 0.168137 0.052555 0.135410
9 0.479302 0.171670 0.050649 0.134170
7 0.537050 0.176359 0.050023 0.135877
5 0.590690 0.181505 0.048824 0.136192
0 0.646065 0.185644 0.054418 0.141058
7 0.701604 0.184524 0.051533 0.139179
5 0.245675 0.343165 0.047061 0.137506
8 0.300311 0.345508 0.051763 0.132225
10 0.326237 0.400494 0.021563 0.037332
2 0.358991 0.349129 0.053893 0.138099
3 0.415532 0.353027 0.051942 0.142323
2 0.739782 0.377207 0.050524 0.128143
4 0.796077 0.380167 0.051736 0.114047
5 0.852163 0.386729 0.049007 0.128303
2 0.235609 0.525889 0.054506 0.141043
6 0.290471 0.528967 0.051718 0.138104
10 0.315091 0.586652 0.021095 0.036561
5 0.350167 0.531249 0.050362 0.137468
1 0.636489 0.560599 0.024395 0.120592
1 0.690377 0.561353 0.027046 0.122830
3 0.732090 0.568435 0.049990 0.140180
10 0.757044 0.618397 0.016721 0.027398
0 0.786074 0.571352 0.052467 0.139391
5 0.217565 0.694952 0.050572 0.133154
5 0.263308 0.699572 0.086369 0.137745
9 0.277286 0.702527 0.052680 0.137819
7 0.337269 0.695254 0.049718 0.136417
1 0.403875 0.713462 0.025772 0.121470
5 0.444061 0.712136 0.053564 0.143473
10 0.468250 0.768772 0.019838 0.030153
1 0.516157 0.722644 0.026584 0.127377
2 0.558869 0.721399 0.051481 0.136266
