4 0.189372 0.150649 0.051533 0.121763
6 0.242380 0.154012 0.051621 0.132836
9 0.299130 0.160583 0.050803 0.130135
4 0.355570 0.160760 0.050874 0.117367
1 0.423083 0.170162 0.025887 0.118908
1 0.462178 0.173775 0.048734 0.134387
9 0.463894 0.173245 0.050030 0.134124
10 0.485839 0.224876 0.017178 0.027011
9 0.519428 0.178226 0.052234 0.132561
1 0.587598 0.180627 0.025946 0.114807
6 0.627818 0.185621 0.051129 0.135980
4 0.684305 0.189088 0.051944 0.121537
0 0.286932 0.343327 0.053759 0.136207
10 0.312490 0.402288 0.019810 0.032156
0 0.341580 0.348365 0.051531 0.137867
0 0.397871 0.354406 0.052992 0.135303
2 0.717094 0.382180 0.053670 0.140116
10 0.739748 0.435505 0.018772 0.031510
4 0.773602 0.381893 0.051755 0.118237
5 0.828099 0.389099 0.047810 0.131050
2 0.222999 0.521994 0.053359 0.139465
6 0.277665 0.521922 0.052119 0.134074
10 0.300082 0.583128 0.018181 0.029359
0 0.334859 0.525194 0.053477 0.136317
1 0.613773 0.555605 0.025325 0.120782
1 0.668339 0.560358 0.025077 0.122713
3 0.707976 0.565981 0.048481 0.132497
10 0.731072 0.615065 0.018900 0.029662
8 0.762741 0.566804 0.052929 0.135833
1 0.223100 0.686373 0.024333 0.114231
1 0.261874 0.691115 0.050329 0.134163
8 0.262063 0.693063 0.051428 0.134529
5 0.316151 0.693463 0.049072 0.130806
5 0.369619 0.698491 0.053855 0.137584
2 0.371389 0.697156 0.051901 0.137806
1 0.426989 0.709511 0.052186 0.141335
8 0.427219 0.701316 0.053789 0.133348
10 0.449057 0.763394 0.020069 0.030733
1 0.498440 0.711149 0.025883 0.124941
1 0.551585 0.712748 0.026076 0.125878
