3 0.202039 0.158329 0.049156 0.136278
8 0.256262 0.160114 0.054748 0.139903
7 0.316520 0.160127 0.049008 0.133054
3 0.369399 0.168825 0.051888 0.139537
1 0.437737 0.171414 0.024717 0.112403
2 0.479193 0.176902 0.054422 0.136150
10 0.502972 0.230866 0.018070 0.026012
5 0.535335 0.179716 0.050675 0.138916
3 0.535733 0.181085 0.050487 0.135503
6 0.588011 0.183794 0.052941 0.140143
9 0.647239 0.188615 0.052470 0.138769
7 0.712460 0.193351 0.032235 0.117324
1 0.715051 0.192867 0.030786 0.122771
0 0.301754 0.351700 0.052365 0.137807
10 0.326710 0.405136 0.019978 0.030360
0 0.357687 0.354643 0.052896 0.137865
0 0.415499 0.354611 0.054521 0.136774
2 0.737342 0.382173 0.052631 0.132241
10 0.762326 0.438742 0.019212 0.031007
4 0.794649 0.384559 0.051844 0.118138
5 0.850091 0.390192 0.051310 0.134759
3 0.238592 0.531448 0.048514 0.134961
0 0.292937 0.534421 0.054240 0.136447
10 0.317519 0.589163 0.020938 0.033718
2 0.351927 0.539692 0.051361 0.129834
1 0.635619 0.562595 0.026134 0.110618
1 0.688994 0.563227 0.025987 0.115685
4 0.731147 0.566928 0.049415 0.116664
10 0.755891 0.624534 0.020337 0.029487
0 0.787092 0.570244 0.054100 0.135109
5 0.219749 0.696264 0.050492 0.134878
9 0.278107 0.700866 0.051816 0.133078
8 0.332396 0.710794 0.052880 0.138595
8 0.389314 0.707213 0.052393 0.134524
0 0.445543 0.714317 0.054513 0.134310
10 0.467193 0.773999 0.019879 0.029847
2 0.501869 0.720482 0.051683 0.134241
0 0.558343 0.723244 0.052897 0.133982
8 0.835973 0.708162 0.031902 0.082515
