3 0.202629 0.156585 0.049402 0.136678
8 0.256815 0.158588 0.054950 0.140015
7 0.317009 0.159262 0.050658 0.130019
4 0.370108 0.166192 0.049227 0.119776
0 0.424436 0.169237 0.053926 0.135653
9 0.481190 0.175101 0.050816 0.137949
1 0.546557 0.183400 0.030860 0.136722
5 0.592484 0.181915 0.050497 0.138331
3 0.593545 0.182339 0.052590 0.138791
3 0.649257 0.185475 0.044740 0.128287
7 0.650902 0.186017 0.043757 0.130050
1 0.659118 0.186930 0.031400 0.132147
8 0.703498 0.190175 0.052934 0.140914
9 0.247267 0.347788 0.051412 0.132455
2 0.304070 0.348196 0.054841 0.141955
10 0.323792 0.400039 0.021084 0.030918
2 0.359240 0.352961 0.052241 0.134390
2 0.416954 0.355391 0.052435 0.140266
2 0.740861 0.383773 0.051641 0.133779
4 0.797512 0.383286 0.049695 0.110856
5 0.852237 0.388291 0.049184 0.132279
2 0.237975 0.528815 0.054577 0.141297
6 0.292440 0.532051 0.051343 0.137090
10 0.319074 0.586379 0.019707 0.030523
8 0.352316 0.532160 0.052829 0.137479
1 0.638030 0.560433 0.024836 0.113049
1 0.690617 0.563172 0.025966 0.120079
2 0.731848 0.567840 0.049104 0.135035
1 0.732791 0.568391 0.049376 0.144629
10 0.757915 0.618914 0.018378 0.028949
8 0.789250 0.567603 0.052995 0.138090
5 0.220567 0.697065 0.049479 0.133530
9 0.278690 0.700932 0.052381 0.131751
6 0.333418 0.706712 0.053574 0.140109
4 0.391712 0.711520 0.052124 0.117514
3 0.449187 0.718864 0.050370 0.135335
5 0.450668 0.715475 0.046132 0.135601
10 0.470425 0.774930 0.018862 0.027923
1 0.518503 0.724126 0.026035 0.125495
3 0.560997 0.729559 0.050968 0.143717
