3 0.201828 0.158453 0.050360 0.136060
8 0.256146 0.161414 0.054414 0.141967
10 0.284337 0.219282 0.019754 0.031536
7 0.315013 0.158651 0.051583 0.136492
9 0.369739 0.167646 0.054243 0.141539
3 0.369943 0.166477 0.053761 0.140895
7 0.429378 0.168110 0.040501 0.121231
2 0.479015 0.175995 0.055463 0.135487
10 0.502911 0.229619 0.019661 0.031163
3 0.535526 0.180507 0.051419 0.138932
5 0.535579 0.179273 0.051163 0.137876
6 0.588604 0.183240 0.051785 0.138479
9 0.647057 0.189445 0.051477 0.136029
7 0.712630 0.194697 0.032265 0.108131
0 0.302047 0.349705 0.051924 0.136995
10 0.327752 0.408016 0.020576 0.035457
0 0.359240 0.352929 0.053490 0.137268
0 0.415659 0.355019 0.054272 0.135986
2 0.737924 0.381085 0.051340 0.130060
4 0.794932 0.383816 0.051137 0.116284
5 0.849809 0.389608 0.050389 0.133025
3 0.238499 0.529562 0.052824 0.138308
0 0.292837 0.535663 0.052986 0.137548
10 0.320536 0.586957 0.018552 0.031102
0 0.351528 0.535559 0.054333 0.139764
1 0.636986 0.561079 0.024685 0.110545
1 0.689492 0.562279 0.026166 0.116776
4 0.731059 0.567509 0.049063 0.118329
1 0.731298 0.566625 0.048589 0.121460
10 0.754395 0.619206 0.016201 0.025413
0 0.787943 0.570626 0.054224 0.138485
5 0.220149 0.696704 0.050732 0.136108
2 0.220604 0.700462 0.054453 0.132641
9 0.278030 0.700355 0.051265 0.133249
8 0.332965 0.705735 0.053381 0.136138
8 0.389780 0.706973 0.052489 0.134671
0 0.445846 0.712909 0.054339 0.137589
10 0.471557 0.770920 0.019754 0.031840
2 0.501318 0.720301 0.052354 0.135016
0 0.558720 0.722980 0.052466 0.135960
8 0.835832 0.710903 0.033913 0.074407
