4 0.185828 0.150011 0.050710 0.115099
6 0.239824 0.153409 0.052293 0.134232
9 0.295648 0.158580 0.051574 0.130935
4 0.352544 0.159562 0.052848 0.123428
1 0.419052 0.170182 0.025147 0.117751
1 0.459579 0.171847 0.050155 0.138856
9 0.460541 0.173052 0.053039 0.138740
10 0.483175 0.223968 0.017902 0.027556
9 0.516274 0.173419 0.052400 0.135798
8 0.516299 0.177191 0.054037 0.136865
1 0.582593 0.181211 0.025377 0.125347
6 0.624173 0.184887 0.050454 0.135555
4 0.681465 0.186986 0.052358 0.124294
0 0.283796 0.345553 0.051798 0.135098
10 0.307603 0.394716 0.020831 0.033882
0 0.338900 0.349211 0.051992 0.137688
0 0.395072 0.354077 0.052673 0.137712
2 0.713899 0.381819 0.054141 0.141148
10 0.736637 0.435015 0.019377 0.033136
4 0.770975 0.381486 0.051168 0.119411
5 0.824353 0.389998 0.049719 0.134249
2 0.219993 0.519344 0.052008 0.133784
6 0.274414 0.521547 0.051698 0.133686
10 0.297397 0.577972 0.019562 0.031535
9 0.331660 0.529627 0.050998 0.133040
1 0.611812 0.553645 0.026812 0.119541
1 0.663434 0.563553 0.025253 0.120069
4 0.706592 0.563980 0.049304 0.112606
10 0.731229 0.618180 0.020823 0.031431
1 0.775168 0.570294 0.026570 0.123958
1 0.219531 0.687441 0.024515 0.112199
1 0.258150 0.692066 0.052438 0.137866
8 0.258664 0.693585 0.051946 0.133100
5 0.313217 0.696353 0.049574 0.134599
2 0.368113 0.698444 0.051926 0.138093
10 0.406653 0.754513 0.021344 0.027333
8 0.424329 0.706589 0.054929 0.139734
1 0.425400 0.711956 0.055661 0.145051
10 0.446872 0.764754 0.019400 0.030812
1 0.493318 0.714529 0.026692 0.129627
1 0.548244 0.718774 0.025308 0.125761
