4 0.188033 0.153430 0.051365 0.114246
6 0.242881 0.158856 0.050576 0.133639
9 0.298510 0.165846 0.050642 0.133087
4 0.354670 0.167099 0.051815 0.119792
1 0.421581 0.175997 0.027641 0.123620
9 0.463111 0.177975 0.052206 0.142498
10 0.484596 0.230937 0.017977 0.027935
9 0.519204 0.182894 0.053479 0.137220
1 0.585207 0.187350 0.026442 0.121723
6 0.625735 0.192140 0.050143 0.134775
4 0.682029 0.194736 0.053764 0.125349
0 0.286784 0.349238 0.050540 0.133792
0 0.342462 0.350966 0.053893 0.137349
0 0.397365 0.359254 0.054029 0.140131
2 0.716303 0.386962 0.052450 0.134685
10 0.738450 0.436543 0.018384 0.033730
4 0.771390 0.387536 0.053645 0.119101
5 0.826429 0.393917 0.050437 0.133666
2 0.223174 0.528454 0.052603 0.135652
6 0.237239 0.528584 0.080433 0.144199
6 0.276861 0.526420 0.052817 0.137864
10 0.302235 0.582872 0.020227 0.032906
2 0.332946 0.527002 0.051219 0.133179
1 0.610935 0.553885 0.028090 0.125310
1 0.664764 0.564973 0.026650 0.125320
3 0.706220 0.565279 0.050116 0.135792
10 0.728236 0.616956 0.016490 0.028644
6 0.758606 0.571429 0.050626 0.135445
1 0.221850 0.691686 0.025547 0.113668
8 0.261827 0.696709 0.051753 0.136467
1 0.261959 0.694853 0.051472 0.133470
10 0.289479 0.745978 0.015957 0.026312
5 0.315751 0.697387 0.051148 0.138035
2 0.370099 0.702706 0.053074 0.140843
8 0.426511 0.705940 0.055010 0.137394
1 0.494818 0.719449 0.027303 0.119090
1 0.550140 0.719534 0.026511 0.131102
