4 0.188954 0.147201 0.050746 0.111225
8 0.242108 0.154157 0.051585 0.138093
6 0.242287 0.152679 0.051557 0.130569
9 0.298528 0.157733 0.052122 0.133924
4 0.354575 0.160756 0.051871 0.126162
1 0.419587 0.165454 0.030464 0.127487
9 0.461381 0.172970 0.053946 0.146122
8 0.462598 0.172494 0.053855 0.142300
9 0.518052 0.173050 0.053735 0.142111
7 0.579535 0.177951 0.032435 0.116955
1 0.585341 0.181071 0.026843 0.117774
6 0.625569 0.183446 0.048807 0.134614
4 0.682614 0.187506 0.054017 0.131206
0 0.285438 0.347318 0.053409 0.142673
10 0.310633 0.394173 0.019244 0.032264
0 0.340777 0.351099 0.051300 0.138247
0 0.397596 0.349771 0.053784 0.134666
2 0.715923 0.382309 0.053274 0.139400
10 0.735174 0.434655 0.018906 0.030347
4 0.771830 0.382993 0.051953 0.120222
5 0.826145 0.388116 0.048535 0.132837
2 0.223390 0.520995 0.051529 0.141808
6 0.277750 0.521445 0.053308 0.133809
10 0.302278 0.575988 0.020421 0.033920
2 0.332711 0.522758 0.049779 0.132349
8 0.336087 0.529003 0.049451 0.134249
1 0.612745 0.554924 0.025583 0.115483
1 0.665009 0.562982 0.026828 0.129407
3 0.705725 0.565254 0.048659 0.135939
10 0.728235 0.615138 0.017452 0.029118
6 0.758560 0.563676 0.050148 0.132186
1 0.223644 0.687726 0.023896 0.112203
8 0.261979 0.693706 0.050563 0.136603
1 0.262464 0.690999 0.049201 0.134782
5 0.315183 0.694198 0.049437 0.133051
2 0.370428 0.697662 0.053018 0.138471
8 0.425918 0.700477 0.054109 0.137056
1 0.426829 0.713580 0.057676 0.144189
10 0.448846 0.759477 0.020256 0.034020
1 0.494571 0.713027 0.027446 0.125763
1 0.550313 0.716819 0.026672 0.129571
