3 0.202443 0.157542 0.050610 0.131579
8 0.256681 0.160130 0.054919 0.139481
7 0.316484 0.161342 0.050726 0.129466
3 0.369979 0.167047 0.053088 0.136121
7 0.427850 0.171485 0.047197 0.128461
1 0.436496 0.171657 0.025604 0.109598
2 0.481467 0.176184 0.051819 0.134762
10 0.504852 0.229828 0.019671 0.030324
2 0.536496 0.178781 0.052327 0.139042
3 0.537153 0.181223 0.050868 0.136720
6 0.589801 0.183894 0.053067 0.141497
9 0.648445 0.187747 0.051588 0.135122
0 0.302185 0.351637 0.052966 0.140152
10 0.328727 0.401912 0.020233 0.038972
0 0.359278 0.351399 0.052728 0.134263
0 0.416043 0.352767 0.054264 0.138210
2 0.740919 0.378598 0.049637 0.122568
4 0.796837 0.381606 0.050663 0.110727
5 0.852092 0.388645 0.049620 0.131526
2 0.238081 0.528788 0.055094 0.141833
6 0.293667 0.531142 0.053805 0.138815
10 0.322481 0.586371 0.024167 0.036750
2 0.351648 0.533630 0.052036 0.133304
1 0.637133 0.560869 0.024673 0.108584
1 0.689450 0.560943 0.028548 0.116987
4 0.734359 0.567986 0.049319 0.115823
10 0.753843 0.619409 0.020727 0.030700
0 0.789458 0.569085 0.052692 0.134984
5 0.220934 0.696210 0.049148 0.132964
9 0.278318 0.700460 0.051358 0.131055
8 0.333108 0.710297 0.053239 0.139465
8 0.388888 0.712648 0.053595 0.139958
0 0.446719 0.712787 0.055064 0.135737
10 0.468461 0.771270 0.019552 0.029380
2 0.503073 0.718354 0.052286 0.137824
0 0.560074 0.721781 0.052223 0.133076
