4 0.190865 0.148299 0.049600 0.119918
6 0.242396 0.155473 0.052228 0.131796
9 0.299230 0.159922 0.052505 0.133262
8 0.300328 0.160847 0.053767 0.133504
4 0.354803 0.161712 0.050643 0.121071
1 0.423741 0.174181 0.024462 0.108434
9 0.463638 0.173500 0.050409 0.132839
10 0.487474 0.224769 0.017046 0.027884
8 0.519296 0.178899 0.053914 0.136704
9 0.520266 0.174728 0.053135 0.135537
1 0.587808 0.182139 0.026214 0.119595
6 0.628130 0.186009 0.051142 0.136313
4 0.684908 0.189356 0.052698 0.124268
0 0.287221 0.344289 0.053059 0.133004
10 0.312521 0.398281 0.019173 0.030700
0 0.341051 0.349201 0.051242 0.138062
0 0.396579 0.355125 0.051601 0.140102
2 0.717598 0.382838 0.054188 0.143647
10 0.740957 0.433469 0.019990 0.034623
4 0.773792 0.382380 0.052681 0.119895
5 0.828745 0.389759 0.048903 0.134166
6 0.223658 0.523931 0.051046 0.143394
2 0.224148 0.522372 0.052072 0.144764
6 0.278468 0.522195 0.053775 0.135020
10 0.301290 0.576639 0.019964 0.035117
3 0.335517 0.530510 0.048457 0.131021
1 0.613596 0.553208 0.026192 0.116564
1 0.668383 0.560834 0.024826 0.118938
4 0.709296 0.560924 0.051734 0.113756
10 0.736004 0.613108 0.019965 0.035793
1 0.778582 0.571107 0.027350 0.128548
1 0.223177 0.687796 0.024176 0.112206
8 0.262174 0.692071 0.050641 0.135101
1 0.262404 0.691115 0.050649 0.131622
5 0.316547 0.693668 0.049324 0.133275
2 0.371828 0.697012 0.052253 0.135527
5 0.373150 0.697781 0.054026 0.145820
10 0.396201 0.757790 0.018768 0.028886
8 0.427172 0.701982 0.054424 0.134598
10 0.448594 0.756387 0.018351 0.031722
1 0.498093 0.712415 0.026332 0.121851
1 0.551873 0.714123 0.026054 0.128590
