3 0.201340 0.151939 0.050186 0.139216
8 0.256062 0.157188 0.055142 0.142861
7 0.315641 0.157820 0.050897 0.134458
3 0.367877 0.163261 0.052557 0.137665
5 0.368585 0.165150 0.049610 0.139316
9 0.422493 0.166519 0.051505 0.135993
4 0.478339 0.172748 0.053089 0.126548
9 0.479912 0.173683 0.051212 0.135041
10 0.498956 0.222480 0.018213 0.032602
9 0.534337 0.176985 0.051174 0.134286
9 0.590375 0.180880 0.052151 0.135323
1 0.659451 0.185659 0.029584 0.121023
1 0.716474 0.192773 0.023347 0.116087
5 0.245942 0.345870 0.048799 0.138924
8 0.302449 0.347735 0.051971 0.137255
10 0.325271 0.402303 0.020896 0.033827
1 0.373520 0.354812 0.024744 0.116300
8 0.415087 0.353346 0.051121 0.137289
2 0.738140 0.376408 0.051623 0.128451
4 0.794654 0.381562 0.051123 0.117442
5 0.849604 0.388081 0.050905 0.133345
2 0.237386 0.528924 0.054668 0.142402
6 0.291196 0.532428 0.051235 0.138201
10 0.316272 0.589903 0.020805 0.034882
6 0.349803 0.531689 0.051042 0.137891
1 0.635084 0.563946 0.024548 0.119817
1 0.688584 0.562401 0.025455 0.115336
2 0.729663 0.568223 0.049101 0.133847
2 0.787598 0.564729 0.049086 0.132649
7 0.791227 0.567725 0.046159 0.126919
5 0.220019 0.698061 0.049265 0.135169
9 0.277693 0.701843 0.052238 0.133548
6 0.332680 0.709258 0.051851 0.139217
7 0.393965 0.706728 0.047122 0.133095
7 0.450702 0.717473 0.046450 0.131150
10 0.469851 0.774630 0.019125 0.030475
7 0.504301 0.720531 0.047348 0.135214
8 0.557186 0.727914 0.054216 0.142939
