4 0.187934 0.147559 0.049549 0.112793
6 0.241145 0.152645 0.051607 0.130702
9 0.297851 0.157407 0.051575 0.133897
4 0.354374 0.158595 0.051107 0.122329
9 0.354610 0.160951 0.053312 0.138183
1 0.421105 0.166543 0.026870 0.121671
9 0.461630 0.171292 0.051635 0.137422
10 0.484178 0.223665 0.017224 0.028081
9 0.518014 0.174396 0.053251 0.137568
1 0.584968 0.179426 0.027559 0.122239
6 0.620800 0.185190 0.055668 0.144119
4 0.681009 0.187029 0.054128 0.126122
0 0.285645 0.340766 0.053056 0.132176
10 0.310103 0.392596 0.020527 0.033931
0 0.340963 0.346059 0.052828 0.135253
0 0.396227 0.352341 0.054187 0.143619
2 0.713314 0.379704 0.052608 0.131390
10 0.737942 0.433458 0.019207 0.033538
4 0.772112 0.379589 0.051871 0.120397
5 0.824798 0.386486 0.048367 0.130989
0 0.221290 0.521670 0.053591 0.133624
3 0.221358 0.519273 0.050270 0.134467
0 0.277054 0.521835 0.053631 0.130882
10 0.300583 0.575708 0.018454 0.030214
0 0.332654 0.526155 0.051868 0.132903
1 0.610364 0.552620 0.025656 0.117145
1 0.664463 0.555787 0.026016 0.115567
4 0.706039 0.560142 0.052976 0.116470
1 0.775821 0.565531 0.027180 0.123447
1 0.222273 0.690474 0.024023 0.116740
8 0.261018 0.691352 0.050899 0.138184
5 0.313948 0.694025 0.049674 0.134279
2 0.369712 0.697817 0.051985 0.140444
5 0.370747 0.698667 0.054541 0.145930
1 0.424404 0.714189 0.051511 0.142815
8 0.425727 0.701723 0.054399 0.138531
1 0.495903 0.712988 0.024731 0.119111
1 0.548394 0.714315 0.027031 0.129773
