3 0.201866 0.158251 0.049367 0.138145
8 0.256192 0.159862 0.054681 0.140158
7 0.316149 0.160730 0.049693 0.131266
3 0.369288 0.168744 0.050909 0.135383
7 0.427419 0.173528 0.045963 0.125154
1 0.437397 0.171006 0.025506 0.112098
2 0.479285 0.177000 0.053736 0.135847
10 0.501834 0.232028 0.018117 0.025549
3 0.535648 0.181048 0.051219 0.137539
6 0.588193 0.183752 0.053239 0.140700
9 0.647211 0.188262 0.052142 0.134091
7 0.706768 0.186429 0.043128 0.127214
1 0.714946 0.194033 0.028153 0.105260
0 0.301803 0.351775 0.053070 0.136741
10 0.326893 0.404912 0.020682 0.032986
0 0.359023 0.352405 0.052933 0.134983
0 0.415708 0.355206 0.054942 0.137160
2 0.737418 0.381834 0.052539 0.131849
10 0.762333 0.436621 0.018942 0.027913
4 0.794887 0.384348 0.051507 0.117408
5 0.850306 0.390806 0.051032 0.135180
3 0.238482 0.531881 0.049049 0.137091
0 0.292934 0.535619 0.053060 0.135415
10 0.316347 0.593631 0.019100 0.031384
3 0.352039 0.540253 0.052067 0.135248
1 0.635674 0.563843 0.024472 0.119363
1 0.689108 0.564472 0.026391 0.118607
4 0.730976 0.567635 0.048848 0.118516
10 0.753882 0.623421 0.019386 0.029711
0 0.787250 0.570555 0.054214 0.135800
5 0.219864 0.696599 0.050559 0.136157
9 0.278077 0.700627 0.051428 0.133037
8 0.332262 0.711101 0.052953 0.137719
8 0.389722 0.707716 0.052609 0.135698
0 0.445461 0.715558 0.054050 0.134163
10 0.468440 0.772621 0.019257 0.029024
2 0.501298 0.720760 0.052416 0.135094
0 0.558415 0.723571 0.052996 0.134128
8 0.835529 0.709509 0.032394 0.083679
