3 0.202334 0.157734 0.048908 0.134426
8 0.256626 0.159281 0.054845 0.139502
7 0.316887 0.158755 0.049449 0.133487
10 0.336849 0.226001 0.018704 0.030319
3 0.370023 0.167590 0.051701 0.138255
7 0.427592 0.168431 0.047978 0.128238
1 0.436895 0.171831 0.025758 0.111491
2 0.480393 0.176531 0.053842 0.134611
10 0.503866 0.229346 0.018420 0.027092
2 0.536353 0.179075 0.052028 0.139126
3 0.537058 0.180917 0.050899 0.137162
6 0.590187 0.183974 0.052899 0.134746
9 0.649201 0.186305 0.053348 0.137357
7 0.707462 0.189339 0.041346 0.120789
0 0.302272 0.349940 0.052659 0.139795
10 0.326988 0.403551 0.019818 0.030935
0 0.359409 0.352062 0.053090 0.133614
0 0.416283 0.353508 0.054442 0.137024
2 0.739926 0.379738 0.049745 0.125259
4 0.797520 0.383606 0.050214 0.110047
5 0.852352 0.389414 0.049654 0.133578
2 0.238034 0.528986 0.055059 0.140921
6 0.293885 0.530111 0.054053 0.138447
10 0.317324 0.586531 0.019108 0.029598
4 0.352656 0.537750 0.053138 0.113903
1 0.637112 0.561803 0.025615 0.114570
1 0.690932 0.562952 0.026956 0.122127
3 0.732909 0.568723 0.049659 0.137306
1 0.733396 0.568327 0.047579 0.138164
10 0.757532 0.619092 0.017267 0.026940
6 0.787269 0.567555 0.051565 0.135926
5 0.220549 0.696207 0.049583 0.132005
9 0.278378 0.700046 0.051266 0.130154
8 0.278939 0.708464 0.053966 0.132419
8 0.333365 0.704496 0.053884 0.137645
8 0.388644 0.712885 0.053983 0.140858
0 0.446630 0.713758 0.054697 0.134686
10 0.469127 0.771999 0.019063 0.028772
2 0.503054 0.719132 0.052243 0.136958
0 0.560115 0.725865 0.054941 0.141988
