3 0.202303 0.157079 0.049703 0.137068
8 0.256731 0.159718 0.055305 0.140724
7 0.315957 0.159351 0.050864 0.134604
3 0.370155 0.167099 0.051582 0.138202
7 0.432768 0.172022 0.036362 0.125420
1 0.437489 0.170060 0.024517 0.106216
2 0.481429 0.175256 0.051001 0.133466
10 0.503741 0.229909 0.019226 0.029734
3 0.537309 0.180744 0.050652 0.136796
6 0.589746 0.182284 0.051809 0.134024
10 0.614922 0.239503 0.019186 0.029022
9 0.648480 0.188450 0.051909 0.132535
0 0.303557 0.349227 0.049497 0.132641
10 0.328548 0.402046 0.020196 0.038376
0 0.359224 0.351354 0.052745 0.133780
0 0.416046 0.352695 0.054055 0.137158
2 0.740738 0.379229 0.049919 0.123480
4 0.797409 0.383285 0.051134 0.113471
5 0.852262 0.388949 0.049248 0.132579
2 0.237900 0.528932 0.054925 0.141119
6 0.294036 0.529924 0.053516 0.138846
7 0.356164 0.528713 0.045949 0.130921
1 0.637721 0.562198 0.024156 0.108294
1 0.690317 0.563144 0.028738 0.115286
4 0.734415 0.566475 0.050582 0.117762
10 0.755491 0.623186 0.020097 0.031116
1 0.803478 0.572177 0.025835 0.114482
5 0.220751 0.696278 0.048988 0.132573
9 0.278355 0.700193 0.050925 0.131456
8 0.333103 0.709935 0.053768 0.139826
8 0.388816 0.712795 0.053791 0.140386
0 0.446715 0.712943 0.055288 0.136027
10 0.468398 0.771916 0.019124 0.028543
2 0.503342 0.718840 0.051480 0.136735
0 0.559931 0.722056 0.052251 0.133185
