3 0.201875 0.157065 0.050620 0.136745
8 0.256711 0.159358 0.055277 0.140645
7 0.316721 0.160290 0.050375 0.135944
3 0.370250 0.169055 0.051397 0.137683
1 0.438764 0.172594 0.024815 0.114036
2 0.481685 0.175608 0.051283 0.133353
2 0.535951 0.178803 0.054059 0.139962
3 0.537329 0.180949 0.050911 0.137164
6 0.590013 0.183857 0.053287 0.140252
9 0.648704 0.187402 0.051235 0.132896
1 0.717180 0.193215 0.029522 0.124298
0 0.302315 0.351573 0.052449 0.141184
10 0.327619 0.402585 0.019705 0.035839
0 0.359348 0.351619 0.053051 0.134826
0 0.416217 0.352860 0.054442 0.137781
2 0.740816 0.383787 0.051056 0.131770
4 0.797566 0.382964 0.048710 0.108702
5 0.852425 0.389402 0.049236 0.133169
2 0.238308 0.528827 0.054902 0.140748
6 0.294530 0.529399 0.053471 0.139639
10 0.315559 0.588903 0.022115 0.036280
1 0.366133 0.542991 0.024530 0.112067
1 0.637887 0.560711 0.023936 0.116343
1 0.690168 0.562171 0.026945 0.117096
4 0.734299 0.567726 0.048634 0.114832
10 0.757449 0.622178 0.019960 0.029166
0 0.789576 0.568789 0.052391 0.133987
5 0.220796 0.696113 0.049745 0.134149
9 0.278648 0.705076 0.051885 0.136610
8 0.333603 0.704208 0.054106 0.138139
8 0.389005 0.712422 0.053656 0.139965
0 0.446773 0.712826 0.055073 0.135378
10 0.468262 0.771374 0.019511 0.029361
2 0.503296 0.718536 0.051934 0.137105
0 0.559941 0.721733 0.052135 0.133274
