4 0.190513 0.150096 0.050664 0.117523
6 0.242645 0.153740 0.051984 0.132634
9 0.299635 0.160835 0.051663 0.133209
4 0.354777 0.162261 0.050980 0.120428
1 0.422795 0.169292 0.025650 0.117322
1 0.462269 0.173762 0.049096 0.135702
9 0.463830 0.173146 0.050136 0.133593
10 0.486636 0.224961 0.017444 0.027885
9 0.519307 0.177759 0.052026 0.132610
1 0.590387 0.179959 0.025674 0.116694
6 0.627979 0.185482 0.051259 0.137240
4 0.684919 0.188794 0.052970 0.122697
0 0.286623 0.344943 0.052357 0.134366
10 0.312180 0.401183 0.019479 0.031383
0 0.341336 0.348241 0.051598 0.138866
0 0.398405 0.352429 0.053338 0.134572
2 0.716945 0.382689 0.053615 0.139481
10 0.739736 0.434563 0.018556 0.030663
4 0.773718 0.381891 0.051587 0.118545
5 0.827931 0.389213 0.047341 0.130169
2 0.223344 0.522633 0.053841 0.139815
6 0.278731 0.522142 0.052905 0.133020
10 0.300746 0.575330 0.019367 0.029841
1 0.350481 0.530681 0.025304 0.121418
1 0.614200 0.556264 0.025427 0.120347
1 0.668238 0.560938 0.025552 0.124642
3 0.707754 0.564492 0.049711 0.135566
10 0.730693 0.615364 0.018755 0.029857
6 0.761467 0.566569 0.050838 0.134071
1 0.223246 0.686538 0.024219 0.113346
8 0.262155 0.692848 0.050796 0.134251
1 0.262205 0.690640 0.050070 0.134114
5 0.316431 0.693416 0.049179 0.132267
2 0.371587 0.697396 0.051888 0.135086
5 0.372065 0.697988 0.054338 0.145910
8 0.427342 0.701377 0.054337 0.134430
10 0.449425 0.763343 0.019793 0.030754
1 0.498713 0.711209 0.025581 0.122159
1 0.552472 0.713302 0.026538 0.129234
