4 0.185985 0.150007 0.053238 0.121568
6 0.239717 0.155472 0.052398 0.134688
9 0.295216 0.159126 0.051441 0.131373
4 0.351499 0.163261 0.051159 0.118344
1 0.419767 0.171593 0.025399 0.118459
1 0.456921 0.170803 0.060265 0.127777
9 0.461109 0.175224 0.053071 0.138860
10 0.482769 0.227836 0.018279 0.027613
9 0.516891 0.179368 0.052921 0.134773
1 0.585665 0.183484 0.026122 0.122918
6 0.625442 0.187545 0.050235 0.135030
4 0.683034 0.190938 0.052923 0.118251
0 0.283558 0.344293 0.052837 0.135088
10 0.309531 0.402780 0.019281 0.030184
0 0.339237 0.352425 0.052299 0.137941
0 0.395586 0.356264 0.053348 0.137778
2 0.715693 0.383804 0.054134 0.140972
10 0.740517 0.437919 0.018626 0.030353
4 0.772131 0.384637 0.051816 0.119069
5 0.827496 0.392428 0.049775 0.132365
2 0.220009 0.522693 0.051891 0.135223
6 0.274128 0.524643 0.052218 0.136227
10 0.297430 0.580883 0.019613 0.031117
6 0.330158 0.532552 0.051228 0.137396
1 0.612011 0.559462 0.025654 0.123288
1 0.666515 0.564370 0.024827 0.125527
2 0.705673 0.564007 0.052059 0.134068
10 0.730722 0.621100 0.020191 0.030724
8 0.760394 0.571133 0.052532 0.136788
1 0.219640 0.693914 0.024704 0.113278
1 0.257546 0.695349 0.052665 0.138419
8 0.257886 0.696732 0.051647 0.135746
5 0.312551 0.698809 0.050538 0.135424
2 0.368051 0.703143 0.052873 0.140567
8 0.424094 0.711001 0.054716 0.139727
1 0.425209 0.715748 0.055480 0.143653
10 0.445941 0.768516 0.019830 0.030528
1 0.494276 0.719304 0.026775 0.127801
1 0.550231 0.721591 0.027680 0.134782
