4 0.185704 0.151397 0.049425 0.116149
6 0.239410 0.154688 0.051994 0.132743
9 0.295468 0.159942 0.051327 0.130912
4 0.351419 0.160251 0.051638 0.119341
1 0.418994 0.170282 0.024845 0.116642
9 0.460067 0.174351 0.053324 0.139272
10 0.480612 0.231883 0.018796 0.030695
9 0.516310 0.175189 0.051848 0.134974
1 0.584033 0.182329 0.026237 0.118771
6 0.624200 0.186214 0.050162 0.133587
4 0.681336 0.188736 0.051035 0.117943
0 0.283756 0.342349 0.052522 0.133127
10 0.307681 0.394819 0.020401 0.032561
0 0.338724 0.348877 0.052413 0.138544
0 0.395333 0.353708 0.052445 0.134412
2 0.714051 0.381768 0.053708 0.140902
10 0.736985 0.433904 0.018887 0.031952
4 0.771087 0.381766 0.051167 0.118450
5 0.824558 0.388133 0.047426 0.128792
2 0.219665 0.519140 0.052152 0.132940
6 0.274269 0.521287 0.052005 0.134784
10 0.297736 0.583030 0.019114 0.030263
0 0.330770 0.529773 0.052283 0.134586
1 0.611185 0.554220 0.026378 0.120591
1 0.663624 0.562140 0.024842 0.119870
4 0.706374 0.563058 0.049771 0.114116
10 0.727998 0.618047 0.020390 0.030412
1 0.774301 0.569581 0.026660 0.121468
1 0.221076 0.687941 0.023910 0.117130
1 0.258013 0.691345 0.052456 0.138539
8 0.258486 0.692321 0.051818 0.131346
5 0.312899 0.695579 0.049990 0.136402
2 0.368020 0.697232 0.052813 0.134675
8 0.423519 0.706163 0.054234 0.138837
1 0.424207 0.710871 0.053994 0.142384
10 0.447055 0.763229 0.019908 0.030719
1 0.493219 0.712800 0.026265 0.126146
1 0.548412 0.714232 0.026457 0.126695
