4 0.190168 0.149795 0.050482 0.118919
6 0.242399 0.154144 0.051751 0.130000
9 0.299788 0.161169 0.051109 0.133863
4 0.355858 0.161169 0.051176 0.118467
1 0.422891 0.170032 0.025978 0.119062
1 0.462356 0.173912 0.049008 0.135387
9 0.463658 0.173535 0.050537 0.134565
10 0.486283 0.225109 0.017208 0.027259
9 0.519628 0.178679 0.052082 0.132981
1 0.589081 0.180133 0.027368 0.117090
6 0.627887 0.185825 0.050757 0.136123
4 0.685364 0.190527 0.053190 0.119825
0 0.287198 0.343583 0.053466 0.134749
10 0.312605 0.399899 0.019067 0.030867
0 0.341460 0.348711 0.051203 0.136491
0 0.397336 0.354285 0.051541 0.136894
2 0.716864 0.382228 0.054251 0.141307
10 0.739887 0.434554 0.018371 0.030401
4 0.773660 0.381985 0.051833 0.118649
5 0.828518 0.388926 0.047814 0.130132
2 0.222983 0.522562 0.053759 0.140046
6 0.278613 0.522218 0.053227 0.133592
10 0.301346 0.576715 0.019173 0.030646
1 0.350005 0.531587 0.024870 0.118312
1 0.614056 0.553422 0.026877 0.123146
1 0.668083 0.560902 0.025467 0.123817
3 0.708560 0.565477 0.048945 0.134123
10 0.730741 0.614523 0.018567 0.029642
6 0.761267 0.565848 0.050830 0.135474
1 0.222737 0.686808 0.024495 0.114367
1 0.261930 0.691219 0.050404 0.135490
8 0.262096 0.692986 0.051110 0.134164
5 0.316375 0.693679 0.049447 0.131865
5 0.370161 0.698654 0.053563 0.138226
2 0.371658 0.697679 0.052277 0.135746
8 0.427247 0.701401 0.053927 0.133716
1 0.427527 0.709906 0.052372 0.141666
10 0.448840 0.763102 0.019393 0.030831
1 0.498418 0.711755 0.025963 0.124375
1 0.552464 0.711909 0.026237 0.129304
