4 0.189830 0.150331 0.051362 0.117836
6 0.242402 0.153990 0.051908 0.133012
9 0.298936 0.159374 0.051862 0.131178
4 0.354334 0.161981 0.050660 0.120599
1 0.422565 0.170597 0.025954 0.118067
1 0.462485 0.174034 0.048998 0.134489
9 0.463971 0.173939 0.050427 0.134471
10 0.485968 0.224830 0.017168 0.027162
9 0.519670 0.178019 0.052393 0.134107
1 0.587362 0.179595 0.026682 0.118019
6 0.627548 0.186038 0.050587 0.135816
4 0.684738 0.189154 0.053239 0.124032
0 0.287255 0.344024 0.054058 0.136383
10 0.311996 0.400164 0.018417 0.028922
0 0.341294 0.348995 0.051424 0.137631
0 0.398072 0.354126 0.053430 0.136735
2 0.716891 0.382990 0.054048 0.140813
10 0.742407 0.433534 0.021408 0.030351
4 0.773426 0.382757 0.052089 0.119455
5 0.828638 0.389504 0.048612 0.132508
2 0.223101 0.522533 0.054177 0.140767
6 0.278194 0.522712 0.052994 0.134607
10 0.302038 0.580822 0.018153 0.029756
4 0.335440 0.528765 0.054431 0.124717
1 0.614039 0.553867 0.026496 0.121042
1 0.667978 0.562198 0.025183 0.121888
4 0.709657 0.559924 0.049787 0.116565
10 0.731538 0.618356 0.020361 0.031056
1 0.777843 0.569172 0.027314 0.124172
1 0.223248 0.686900 0.024312 0.113935
1 0.262256 0.690946 0.050448 0.133477
8 0.262291 0.693128 0.051184 0.133890
5 0.316379 0.693200 0.049145 0.130846
5 0.371180 0.697203 0.056372 0.143736
2 0.371774 0.697356 0.052289 0.135336
8 0.427404 0.701761 0.054030 0.134015
10 0.451380 0.764558 0.020297 0.033212
1 0.498815 0.710450 0.025811 0.123640
1 0.552324 0.712139 0.026318 0.127973
