3 0.201837 0.152945 0.049365 0.134704
9 0.202822 0.142186 0.049503 0.120542
8 0.256359 0.157797 0.050914 0.135261
7 0.322562 0.153440 0.042570 0.128578
9 0.368833 0.161066 0.056250 0.156313
3 0.369513 0.165241 0.054475 0.147182
8 0.477120 0.177599 0.051265 0.142471
9 0.536503 0.175166 0.050244 0.136421
3 0.538069 0.176725 0.045716 0.125476
6 0.588354 0.180651 0.048636 0.135931
8 0.589886 0.179716 0.051140 0.134925
9 0.646943 0.177617 0.054300 0.145558
7 0.705006 0.187422 0.052659 0.149360
0 0.303501 0.349017 0.052576 0.137244
10 0.325818 0.401425 0.024065 0.034563
0 0.359312 0.352147 0.053693 0.138696
0 0.416660 0.353959 0.053988 0.134610
2 0.740179 0.379097 0.053389 0.134053
4 0.797807 0.382841 0.052794 0.119756
10 0.820818 0.440927 0.018568 0.033671
5 0.851901 0.388355 0.049443 0.132379
2 0.238357 0.529940 0.053269 0.139258
6 0.294282 0.530813 0.054454 0.140883
4 0.354380 0.533134 0.054334 0.131274
1 0.637266 0.560283 0.025847 0.120454
1 0.691823 0.562434 0.028043 0.126239
3 0.732562 0.564974 0.052092 0.136726
10 0.756411 0.621872 0.018928 0.030432
5 0.787551 0.566847 0.050828 0.137243
5 0.222884 0.698547 0.049632 0.140469
9 0.279043 0.701406 0.052116 0.137947
8 0.334041 0.706277 0.056002 0.142985
8 0.390604 0.709207 0.051672 0.141782
0 0.446411 0.713439 0.054225 0.134058
2 0.502734 0.718240 0.051596 0.141413
6 0.502891 0.723907 0.051653 0.138693
0 0.559094 0.726382 0.053230 0.140194
