4 0.186036 0.150096 0.050445 0.119475
6 0.239415 0.154464 0.051618 0.131636
9 0.295507 0.160126 0.051307 0.130354
4 0.351847 0.160957 0.051895 0.121334
1 0.418577 0.171534 0.025754 0.119578
9 0.460689 0.173433 0.049581 0.133663
10 0.480714 0.232192 0.018990 0.031186
9 0.516595 0.176304 0.052203 0.135717
1 0.583409 0.182321 0.027241 0.122301
6 0.624469 0.186116 0.050163 0.134200
4 0.681701 0.191599 0.052787 0.121342
0 0.283806 0.342322 0.052484 0.133600
10 0.307894 0.395891 0.020850 0.032589
0 0.338817 0.348603 0.052315 0.138568
0 0.395393 0.354395 0.053009 0.135567
2 0.713813 0.382138 0.053874 0.141101
10 0.736481 0.434781 0.018747 0.031613
4 0.771079 0.382264 0.050914 0.118140
5 0.824864 0.388747 0.047935 0.129972
2 0.219623 0.519693 0.051752 0.134925
6 0.273762 0.521379 0.051924 0.135226
10 0.297927 0.576709 0.019595 0.030956
8 0.330824 0.529127 0.052897 0.135062
1 0.611139 0.553564 0.026142 0.121487
1 0.663543 0.561511 0.025296 0.122116
4 0.706863 0.562598 0.049654 0.114935
10 0.728767 0.619416 0.020098 0.030381
1 0.775132 0.570645 0.026568 0.123940
1 0.220756 0.687797 0.023739 0.115900
1 0.258309 0.691261 0.052160 0.137734
8 0.258672 0.692425 0.051890 0.131240
5 0.313223 0.695646 0.049934 0.135223
2 0.367989 0.697701 0.052946 0.135629
1 0.424363 0.711339 0.053451 0.142750
8 0.424471 0.699964 0.053237 0.133437
10 0.446596 0.764572 0.020057 0.031061
1 0.493835 0.713624 0.025962 0.125726
1 0.549049 0.714310 0.026576 0.126857
