3 0.202044 0.158034 0.048935 0.136297
8 0.256270 0.158744 0.052932 0.140404
7 0.315766 0.160906 0.052531 0.145210
3 0.369448 0.169440 0.050693 0.141893
1 0.434369 0.174203 0.027787 0.113835
2 0.478240 0.176276 0.053484 0.136831
10 0.502910 0.232452 0.019234 0.029121
3 0.536081 0.180331 0.050578 0.137888
6 0.587928 0.182929 0.053388 0.144163
9 0.647065 0.187375 0.053348 0.137915
7 0.706734 0.189297 0.046066 0.130899
0 0.301851 0.352461 0.053675 0.140191
10 0.328171 0.403960 0.020206 0.035841
0 0.359510 0.351954 0.053244 0.135397
0 0.416312 0.355400 0.055162 0.139649
2 0.737855 0.382733 0.052036 0.133611
10 0.763163 0.431221 0.021816 0.032708
4 0.795257 0.385362 0.052488 0.119222
5 0.850833 0.389982 0.051270 0.136142
3 0.238900 0.533232 0.049294 0.140002
0 0.293192 0.536546 0.052547 0.136376
10 0.319275 0.588327 0.019916 0.031573
0 0.352227 0.534889 0.053551 0.136883
1 0.635669 0.561030 0.026319 0.115156
1 0.689568 0.562954 0.025734 0.117482
1 0.732220 0.567100 0.048082 0.118310
4 0.732237 0.568480 0.048721 0.113858
10 0.755610 0.619352 0.016193 0.025745
0 0.788225 0.570664 0.053640 0.136169
5 0.220292 0.697978 0.050648 0.136815
9 0.278303 0.701607 0.051816 0.132755
8 0.333407 0.706616 0.053770 0.138245
8 0.390056 0.708756 0.052804 0.136447
0 0.445769 0.716004 0.054181 0.135048
10 0.467423 0.776301 0.020156 0.030568
2 0.501623 0.721925 0.052729 0.136335
0 0.558789 0.724146 0.053494 0.135132
