4 0.189378 0.150514 0.051189 0.119357
6 0.242648 0.153848 0.051894 0.132960
9 0.299390 0.161046 0.050871 0.132963
4 0.354834 0.161293 0.050528 0.120830
1 0.422609 0.169443 0.025719 0.119127
9 0.463871 0.173800 0.050927 0.136276
10 0.485471 0.225002 0.017179 0.027584
9 0.519123 0.177899 0.051711 0.132198
1 0.587508 0.183190 0.026428 0.122748
6 0.627989 0.185365 0.050836 0.137629
4 0.684207 0.189221 0.052542 0.121898
0 0.286943 0.342983 0.053714 0.136414
10 0.311494 0.401318 0.018983 0.030362
0 0.341177 0.348359 0.051954 0.139599
0 0.398340 0.353702 0.053497 0.136594
2 0.716327 0.384635 0.052066 0.133221
10 0.739960 0.435071 0.018668 0.030969
4 0.773280 0.381950 0.051817 0.118468
5 0.827928 0.389352 0.047760 0.130434
2 0.222804 0.519094 0.053333 0.138827
5 0.278675 0.522562 0.049114 0.133362
10 0.301422 0.579549 0.019753 0.032509
9 0.335292 0.527484 0.053264 0.137303
1 0.614044 0.556304 0.025179 0.120642
1 0.667594 0.560715 0.025291 0.122678
3 0.708969 0.566230 0.048252 0.130725
10 0.731872 0.614122 0.018488 0.030155
9 0.763427 0.567495 0.050631 0.130157
1 0.222793 0.686517 0.024600 0.114319
1 0.261845 0.690718 0.050685 0.135926
8 0.261879 0.692679 0.051582 0.135309
5 0.316212 0.693233 0.048682 0.129894
5 0.370125 0.698490 0.052513 0.137359
2 0.371352 0.697202 0.051638 0.137112
8 0.426963 0.701534 0.053944 0.133541
1 0.427029 0.710269 0.052680 0.142901
10 0.448687 0.756731 0.018928 0.030518
1 0.497945 0.711380 0.026113 0.125627
1 0.551964 0.714262 0.026652 0.129672
