3 0.202392 0.157849 0.049953 0.136121
8 0.256917 0.159758 0.054757 0.139199
7 0.316709 0.160339 0.049676 0.133919
3 0.370158 0.169216 0.051531 0.138063
3 0.426577 0.168634 0.044331 0.123872
7 0.428506 0.169750 0.044723 0.129068
1 0.437735 0.172904 0.025058 0.113936
2 0.481038 0.175534 0.052076 0.134225
10 0.504573 0.229868 0.019062 0.029037
2 0.536001 0.179315 0.053418 0.139280
3 0.537105 0.180880 0.051028 0.136588
6 0.590318 0.183272 0.052844 0.134588
9 0.648404 0.187645 0.051410 0.131263
1 0.707362 0.187127 0.036779 0.121298
0 0.302273 0.350645 0.052752 0.140811
10 0.327269 0.402689 0.020350 0.037353
0 0.359320 0.351878 0.053124 0.134454
0 0.416257 0.353431 0.054450 0.137987
2 0.740558 0.379385 0.050028 0.125685
10 0.765974 0.436642 0.019111 0.032973
4 0.797171 0.382980 0.051260 0.114024
5 0.852449 0.388807 0.049240 0.132645
2 0.237881 0.528742 0.055327 0.141364
6 0.294530 0.531757 0.051049 0.132410
10 0.315917 0.588755 0.021595 0.035027
1 0.366725 0.543043 0.025488 0.116823
1 0.637060 0.561572 0.025181 0.112839
1 0.689912 0.562251 0.027672 0.122625
3 0.732283 0.567130 0.049849 0.137600
10 0.756760 0.618860 0.017285 0.026838
8 0.787253 0.569929 0.051701 0.134963
5 0.220461 0.696186 0.049370 0.133675
9 0.278231 0.700260 0.051409 0.131614
8 0.279388 0.707211 0.054780 0.135244
8 0.333145 0.709816 0.053439 0.139097
8 0.388797 0.712189 0.053800 0.140149
0 0.446724 0.712413 0.054654 0.135162
10 0.472898 0.770861 0.020077 0.031834
2 0.503183 0.718789 0.052040 0.136812
0 0.559903 0.722148 0.052498 0.133622
