4 0.189312 0.149992 0.051080 0.118028
6 0.242378 0.153942 0.051737 0.132542
9 0.299634 0.160640 0.050550 0.131787
4 0.355747 0.161025 0.051231 0.118366
1 0.423099 0.170425 0.025514 0.117053
1 0.462091 0.174281 0.048732 0.134547
9 0.463443 0.173643 0.050358 0.134030
10 0.487151 0.225702 0.017487 0.028043
9 0.519619 0.178064 0.052566 0.134206
1 0.588210 0.182881 0.026037 0.119904
6 0.627536 0.185748 0.050636 0.136533
4 0.684478 0.189281 0.052972 0.122332
0 0.286991 0.342444 0.053477 0.135437
10 0.311889 0.401840 0.019448 0.031167
0 0.341054 0.348347 0.051660 0.138105
0 0.398350 0.354406 0.053091 0.135898
2 0.716732 0.381873 0.053889 0.140561
10 0.740264 0.435144 0.018431 0.031085
4 0.773492 0.382241 0.051445 0.118882
5 0.828093 0.389087 0.047850 0.130808
2 0.223103 0.522064 0.053346 0.139777
6 0.277663 0.522025 0.052307 0.134254
10 0.300648 0.578449 0.021022 0.032780
0 0.334699 0.525313 0.052941 0.135628
1 0.613660 0.556244 0.025432 0.120862
1 0.667935 0.560822 0.025283 0.123159
3 0.708129 0.566268 0.048564 0.132007
10 0.731281 0.614007 0.018234 0.028992
8 0.762672 0.567121 0.052788 0.135097
1 0.223475 0.686991 0.024134 0.112715
8 0.261943 0.692348 0.051484 0.133040
1 0.261944 0.690229 0.050023 0.133751
5 0.315985 0.693717 0.049026 0.130326
5 0.369254 0.698538 0.054577 0.136884
2 0.371333 0.697332 0.051863 0.137419
1 0.426982 0.709456 0.052179 0.141638
8 0.427232 0.701291 0.053981 0.133879
10 0.448568 0.763019 0.019490 0.030791
1 0.498654 0.710828 0.025885 0.124741
1 0.552412 0.714304 0.026616 0.131047
