4 0.187171 0.145250 0.053106 0.119424
6 0.240073 0.150870 0.050997 0.131339
9 0.296682 0.155787 0.052426 0.131205
4 0.353190 0.157297 0.051815 0.119085
1 0.420995 0.165446 0.025974 0.122220
9 0.461131 0.168259 0.048874 0.128553
10 0.484304 0.222057 0.017043 0.026254
9 0.518447 0.171699 0.052357 0.137895
1 0.587762 0.178832 0.026238 0.116411
6 0.626562 0.182990 0.049539 0.134901
4 0.684332 0.185699 0.054280 0.120059
0 0.284269 0.343424 0.051295 0.134250
10 0.308948 0.398568 0.017777 0.025949
0 0.339868 0.346599 0.052716 0.137204
0 0.395538 0.350172 0.054261 0.141962
2 0.716082 0.379554 0.054413 0.141636
10 0.738701 0.432611 0.019143 0.031567
4 0.773521 0.378550 0.051461 0.121173
5 0.827378 0.386687 0.049052 0.133321
2 0.220253 0.517925 0.052251 0.142195
6 0.276595 0.520973 0.053298 0.131706
10 0.297389 0.578732 0.020792 0.031685
1 0.347725 0.527696 0.025603 0.120016
1 0.612433 0.550774 0.026362 0.121368
1 0.666853 0.560449 0.025985 0.128546
3 0.676233 0.562575 0.042997 0.130400
3 0.707653 0.563991 0.049045 0.135162
10 0.730132 0.612464 0.018959 0.029529
6 0.760838 0.565700 0.052125 0.138129
1 0.221418 0.686579 0.023851 0.118262
1 0.259282 0.690422 0.052056 0.136115
8 0.259519 0.692267 0.052453 0.134078
5 0.314086 0.694797 0.049936 0.137302
2 0.369469 0.696669 0.052702 0.135324
8 0.425491 0.698841 0.053594 0.134458
1 0.426031 0.709192 0.054676 0.142161
10 0.447500 0.763254 0.020692 0.031414
1 0.496082 0.711159 0.026432 0.128808
1 0.550967 0.711284 0.027134 0.132745
