3 0.201994 0.157677 0.050269 0.135684
8 0.256381 0.159641 0.054673 0.139247
7 0.316941 0.159689 0.050173 0.133901
3 0.370318 0.169160 0.051312 0.138570
7 0.431956 0.170100 0.038710 0.134358
1 0.438240 0.171861 0.024723 0.112734
2 0.481454 0.176061 0.051472 0.134157
10 0.503829 0.229406 0.018964 0.029763
5 0.536163 0.178265 0.051035 0.133488
2 0.536280 0.179019 0.053022 0.140064
3 0.537310 0.181309 0.049982 0.131651
9 0.538422 0.181344 0.048294 0.132197
6 0.589798 0.182969 0.052551 0.137926
9 0.648576 0.188012 0.050742 0.131613
0 0.302412 0.350506 0.052761 0.140804
10 0.328550 0.402450 0.020254 0.036205
0 0.359270 0.351551 0.053114 0.134596
0 0.416046 0.353346 0.054278 0.137355
2 0.739995 0.381315 0.050770 0.131323
4 0.797697 0.383864 0.050124 0.111111
5 0.852410 0.389092 0.049241 0.132231
2 0.238013 0.528909 0.054590 0.140251
6 0.292492 0.532741 0.051214 0.136736
10 0.318295 0.585920 0.019494 0.029399
6 0.351281 0.531814 0.051295 0.136999
1 0.636664 0.560188 0.025387 0.110990
1 0.688817 0.560930 0.029174 0.117556
4 0.734389 0.565524 0.050603 0.118907
10 0.754452 0.623271 0.020398 0.031428
1 0.804035 0.571779 0.025533 0.114812
5 0.220715 0.695944 0.049246 0.133152
9 0.278501 0.700056 0.051041 0.130814
8 0.333359 0.710303 0.053119 0.139123
8 0.388940 0.712707 0.053535 0.139386
0 0.391367 0.715294 0.059356 0.142034
0 0.446593 0.713189 0.054787 0.136088
10 0.469259 0.771808 0.019230 0.029001
2 0.502889 0.718469 0.051918 0.136101
0 0.559921 0.722133 0.052631 0.133786
