3 0.203208 0.157837 0.049782 0.130703
8 0.257108 0.159347 0.055554 0.140222
7 0.316744 0.159423 0.050801 0.132418
3 0.370259 0.169420 0.051560 0.138868
7 0.429268 0.170109 0.045586 0.130221
1 0.436616 0.172326 0.026349 0.112907
2 0.481444 0.175475 0.050937 0.131328
10 0.505428 0.229107 0.019571 0.029948
2 0.536348 0.178860 0.051939 0.138468
3 0.537350 0.180607 0.050935 0.136404
6 0.590437 0.183239 0.053309 0.136398
9 0.648551 0.188712 0.052155 0.134964
1 0.710988 0.187757 0.031818 0.123829
0 0.302252 0.351993 0.052041 0.140900
10 0.328034 0.402524 0.020387 0.039290
0 0.359344 0.351870 0.053018 0.134964
0 0.416198 0.353100 0.054194 0.137123
2 0.740573 0.381365 0.050266 0.130229
4 0.796871 0.382818 0.051501 0.114422
5 0.852552 0.389217 0.049681 0.133435
2 0.238085 0.529070 0.054926 0.140505
6 0.294113 0.529974 0.053666 0.138997
10 0.318721 0.588898 0.019599 0.028130
5 0.352478 0.530873 0.048110 0.133901
3 0.353042 0.539726 0.050653 0.133252
1 0.636832 0.561846 0.025467 0.112070
1 0.689498 0.561935 0.028385 0.121018
3 0.733886 0.569340 0.049863 0.136293
10 0.757127 0.623531 0.020511 0.031686
7 0.793989 0.563046 0.046116 0.129184
5 0.220675 0.696333 0.049189 0.132488
9 0.278331 0.700194 0.051221 0.131198
8 0.333075 0.710431 0.053232 0.139066
8 0.390398 0.706207 0.052637 0.135019
0 0.446561 0.712908 0.054928 0.134978
10 0.468972 0.772144 0.019931 0.029815
2 0.503022 0.718794 0.051623 0.136138
0 0.560107 0.722001 0.052699 0.133407
