3 0.202316 0.157648 0.049496 0.134126
8 0.256526 0.159696 0.055082 0.140081
7 0.316493 0.161632 0.050909 0.131515
3 0.370168 0.167367 0.052578 0.135165
7 0.432415 0.171683 0.038046 0.130691
1 0.438733 0.172749 0.024611 0.112588
2 0.480663 0.175838 0.053395 0.133736
10 0.504343 0.228826 0.018224 0.027503
3 0.537144 0.180562 0.050716 0.136172
6 0.589964 0.183316 0.053004 0.141392
9 0.648115 0.187406 0.051649 0.135876
7 0.708857 0.187384 0.037053 0.124117
1 0.712599 0.193309 0.036188 0.129450
0 0.302253 0.351143 0.052207 0.139423
10 0.327064 0.402504 0.019984 0.034541
0 0.359310 0.351547 0.053127 0.134444
0 0.416204 0.353135 0.054683 0.138052
2 0.740583 0.383613 0.051550 0.133968
10 0.767787 0.431074 0.020935 0.033147
4 0.796977 0.382971 0.051564 0.114649
5 0.852262 0.388998 0.049146 0.131905
2 0.237903 0.528599 0.055220 0.141214
6 0.294593 0.529313 0.053446 0.138738
10 0.315459 0.588485 0.020994 0.034866
1 0.366891 0.541678 0.024536 0.111805
1 0.637494 0.560618 0.025968 0.117602
1 0.690860 0.563168 0.027022 0.123545
3 0.732712 0.569062 0.049726 0.137006
10 0.757557 0.618648 0.017315 0.027119
8 0.787722 0.569847 0.051715 0.135308
5 0.220447 0.696289 0.049719 0.134767
9 0.278269 0.700153 0.051226 0.130981
8 0.333160 0.710074 0.053513 0.139721
8 0.389015 0.712376 0.053813 0.140380
10 0.445580 0.719528 0.052886 0.138208
0 0.446453 0.712981 0.055204 0.136312
10 0.467540 0.771039 0.019485 0.029063
2 0.502819 0.718575 0.051947 0.137580
0 0.559852 0.721805 0.053026 0.134666
