4 0.185365 0.152432 0.053938 0.117120
6 0.238679 0.157863 0.051341 0.135381
8 0.239374 0.155533 0.055873 0.137029
9 0.294706 0.158788 0.051940 0.133172
4 0.351888 0.157655 0.051740 0.119899
9 0.459888 0.177275 0.054124 0.153095
9 0.514898 0.174746 0.055808 0.154521
7 0.575199 0.173946 0.041725 0.132839
6 0.618648 0.186795 0.055295 0.143221
4 0.673081 0.184968 0.050363 0.128775
0 0.285128 0.346887 0.051623 0.130945
10 0.309045 0.395613 0.020787 0.034522
0 0.339954 0.345791 0.055232 0.137827
8 0.340116 0.348325 0.049679 0.131338
0 0.394837 0.349362 0.050672 0.134424
2 0.711204 0.379917 0.051805 0.129367
4 0.769146 0.384379 0.053020 0.122033
5 0.818518 0.388719 0.051920 0.140985
2 0.220559 0.521272 0.051766 0.138600
8 0.276754 0.525726 0.050721 0.127689
9 0.277522 0.524284 0.051003 0.132653
10 0.300224 0.578268 0.017124 0.027856
8 0.330861 0.530729 0.049914 0.127731
1 0.663864 0.566473 0.026711 0.110630
4 0.704246 0.560959 0.054015 0.120806
1 0.772074 0.559757 0.026269 0.114753
1 0.221024 0.687782 0.026946 0.109414
8 0.260005 0.691069 0.051045 0.134012
5 0.313215 0.693993 0.049634 0.133239
6 0.364899 0.704632 0.050237 0.136450
2 0.367106 0.699667 0.052547 0.137464
8 0.423262 0.702402 0.054170 0.139264
1 0.493451 0.708453 0.027313 0.119624
1 0.547817 0.707449 0.023394 0.102735
