3 0.198644 0.160864 0.050482 0.137725
8 0.254589 0.159987 0.052774 0.137164
10 0.280658 0.219862 0.018573 0.030729
7 0.313394 0.165269 0.050149 0.135944
4 0.366852 0.169436 0.052189 0.125212
2 0.421322 0.175248 0.053662 0.139712
4 0.478741 0.178652 0.051707 0.120801
10 0.501156 0.232102 0.018922 0.029320
3 0.533207 0.179963 0.051937 0.141515
5 0.534024 0.179338 0.051062 0.137576
3 0.589092 0.188280 0.052238 0.140913
5 0.644164 0.189661 0.051202 0.142233
7 0.703985 0.195199 0.051226 0.138546
9 0.244601 0.349481 0.049938 0.126184
2 0.300822 0.353426 0.053429 0.139875
10 0.324026 0.406262 0.018301 0.031536
2 0.358231 0.352474 0.053792 0.137853
7 0.418205 0.353274 0.050865 0.141635
2 0.737626 0.384683 0.051070 0.129933
10 0.763994 0.437627 0.019041 0.032896
4 0.793907 0.386881 0.052463 0.118170
5 0.848783 0.393812 0.051703 0.136840
2 0.234645 0.530835 0.051873 0.138858
6 0.291267 0.533076 0.051647 0.137121
10 0.315809 0.590714 0.019272 0.030361
8 0.349119 0.539045 0.053448 0.136662
1 0.634590 0.568998 0.024748 0.118170
1 0.687729 0.566106 0.026079 0.120497
1 0.730027 0.571603 0.052292 0.148824
2 0.730404 0.573391 0.049980 0.132142
10 0.757080 0.628975 0.018990 0.029683
2 0.786058 0.568929 0.047557 0.135327
3 0.787709 0.574203 0.051095 0.140756
5 0.217958 0.702725 0.050440 0.141770
9 0.274537 0.705276 0.052909 0.138623
6 0.329348 0.712922 0.051107 0.138169
0 0.387598 0.716115 0.054234 0.137203
5 0.442553 0.718553 0.049232 0.133303
10 0.469633 0.777138 0.018574 0.029372
8 0.499691 0.724412 0.052581 0.136045
8 0.556200 0.729964 0.053762 0.141138
