4 0.185582 0.149584 0.049751 0.117967
6 0.239941 0.153195 0.052684 0.136089
9 0.295065 0.158209 0.051269 0.131167
4 0.351587 0.159005 0.052118 0.121431
1 0.419136 0.169173 0.025375 0.117723
1 0.459305 0.171575 0.050336 0.138920
9 0.460230 0.172589 0.053069 0.139224
10 0.481861 0.223333 0.017624 0.027027
9 0.516431 0.173587 0.052151 0.136759
1 0.584071 0.180381 0.027173 0.121410
6 0.624584 0.184038 0.049352 0.132861
4 0.681196 0.187490 0.051446 0.117458
0 0.284000 0.341751 0.053112 0.133170
10 0.308519 0.398727 0.018558 0.027007
0 0.338783 0.348545 0.052387 0.138875
0 0.395030 0.353384 0.052444 0.134526
2 0.714072 0.381466 0.053576 0.140477
10 0.738707 0.432996 0.019794 0.029084
4 0.771190 0.381143 0.050786 0.119421
5 0.824737 0.386897 0.047938 0.130540
2 0.219933 0.519035 0.052235 0.134007
6 0.275904 0.522454 0.053600 0.132705
10 0.296363 0.579002 0.020238 0.031309
1 0.346035 0.528951 0.025064 0.115740
1 0.611041 0.554219 0.025956 0.119247
1 0.663869 0.562153 0.025977 0.127459
3 0.706568 0.566701 0.050544 0.139951
10 0.729497 0.615295 0.018843 0.033869
7 0.764190 0.565673 0.048474 0.128386
1 0.220874 0.688546 0.024464 0.113272
1 0.258665 0.691751 0.052639 0.138770
8 0.259002 0.693072 0.051877 0.132637
5 0.313188 0.695841 0.049573 0.136557
2 0.367870 0.698419 0.052434 0.135409
8 0.424206 0.700636 0.053487 0.135002
1 0.424547 0.711985 0.054135 0.144290
10 0.447806 0.765005 0.019859 0.033108
1 0.494657 0.707208 0.027689 0.124069
1 0.549359 0.712902 0.026485 0.126865
