3 0.202791 0.156668 0.048680 0.136034
8 0.257059 0.158899 0.054626 0.138280
7 0.317205 0.159335 0.049165 0.130095
4 0.370829 0.166018 0.051346 0.123428
7 0.427209 0.168719 0.049194 0.136581
2 0.481657 0.174239 0.053728 0.136012
1 0.552985 0.179825 0.029011 0.123386
3 0.593998 0.183114 0.052182 0.139154
1 0.660921 0.190724 0.028831 0.128003
5 0.704238 0.193905 0.049097 0.137212
8 0.247449 0.346674 0.052561 0.137958
9 0.304313 0.350771 0.051465 0.132331
10 0.325705 0.401629 0.018290 0.026310
3 0.360399 0.353012 0.050445 0.133288
0 0.416166 0.353504 0.055080 0.139110
2 0.740345 0.380514 0.050423 0.127824
10 0.765124 0.436083 0.018938 0.031537
4 0.797589 0.383771 0.050380 0.110980
5 0.853020 0.389469 0.049468 0.133608
2 0.238582 0.528611 0.056517 0.139907
7 0.299565 0.529498 0.048337 0.134458
10 0.321402 0.587165 0.022474 0.032185
2 0.352977 0.538694 0.050840 0.131471
1 0.637651 0.561111 0.026141 0.118003
1 0.691020 0.562281 0.026206 0.120316
2 0.733158 0.566764 0.049609 0.129916
1 0.733169 0.567356 0.049338 0.143807
10 0.760204 0.616264 0.017807 0.030117
7 0.794690 0.565201 0.046824 0.129470
5 0.221008 0.696321 0.049669 0.133668
9 0.279179 0.701014 0.053665 0.134457
4 0.335411 0.706794 0.053402 0.121056
8 0.388964 0.713472 0.052581 0.135070
8 0.447261 0.711799 0.054487 0.142613
10 0.470791 0.773503 0.020499 0.030656
7 0.505835 0.717966 0.047359 0.134259
8 0.559407 0.725776 0.055098 0.138884
