4 0.187009 0.150039 0.050834 0.121258
6 0.239397 0.154385 0.050444 0.134188
9 0.295694 0.159496 0.051868 0.131425
4 0.352097 0.160689 0.052185 0.121149
1 0.418618 0.171617 0.025980 0.118638
9 0.460727 0.174621 0.053161 0.138359
10 0.482581 0.226165 0.017591 0.027196
9 0.516901 0.175110 0.052407 0.135786
1 0.583101 0.181852 0.027596 0.121955
6 0.624901 0.186786 0.050312 0.134535
4 0.681459 0.188067 0.052173 0.119493
0 0.284323 0.344305 0.052059 0.130472
10 0.308502 0.393616 0.021008 0.034700
0 0.338935 0.350160 0.051810 0.137316
0 0.394352 0.355967 0.052734 0.139972
2 0.713952 0.382262 0.053397 0.139517
10 0.737276 0.434475 0.018611 0.032492
4 0.771463 0.382187 0.051025 0.119027
5 0.824982 0.388061 0.048188 0.130536
2 0.220266 0.522398 0.053332 0.142939
7 0.279266 0.523211 0.045483 0.128843
10 0.299060 0.582917 0.017574 0.028703
0 0.330729 0.528098 0.051957 0.132803
1 0.610911 0.553602 0.026083 0.120315
1 0.664317 0.563589 0.024979 0.119008
4 0.706758 0.564892 0.048621 0.111763
1 0.774889 0.570226 0.026335 0.122767
1 0.220253 0.687670 0.024182 0.116000
8 0.258934 0.692294 0.052394 0.134486
1 0.259074 0.689871 0.051452 0.137036
5 0.312540 0.694032 0.049588 0.131686
2 0.368172 0.697278 0.052568 0.135240
8 0.423351 0.706349 0.054476 0.139011
1 0.424193 0.711868 0.053763 0.141654
10 0.445656 0.762803 0.019900 0.031226
1 0.493392 0.714196 0.025772 0.122241
1 0.548418 0.715995 0.026820 0.127965
