3 0.202486 0.157001 0.049181 0.135272
8 0.256846 0.158313 0.054722 0.138373
7 0.317143 0.158509 0.048942 0.130627
4 0.369270 0.165643 0.049555 0.121986
8 0.424075 0.169172 0.053758 0.134702
6 0.479318 0.174454 0.054567 0.141020
10 0.503426 0.231375 0.019588 0.030374
2 0.535128 0.181309 0.053505 0.137478
5 0.591477 0.183062 0.050412 0.136177
0 0.645822 0.189468 0.055184 0.138288
4 0.704510 0.193086 0.053523 0.124856
9 0.247555 0.348048 0.051545 0.132284
2 0.303837 0.348263 0.054278 0.140874
10 0.330509 0.402469 0.018612 0.031395
0 0.360198 0.350392 0.053012 0.135392
2 0.416467 0.354501 0.051868 0.135838
2 0.740049 0.380321 0.050904 0.128851
10 0.764203 0.436828 0.018821 0.031278
4 0.797795 0.383614 0.050829 0.111270
5 0.852805 0.389130 0.049652 0.132514
2 0.238391 0.528443 0.057332 0.141994
7 0.299526 0.531254 0.047468 0.127908
10 0.319146 0.586130 0.019649 0.028603
3 0.353113 0.540046 0.051285 0.132675
1 0.637677 0.561906 0.025142 0.117070
1 0.690653 0.562386 0.026349 0.121282
2 0.731994 0.566303 0.049380 0.133311
1 0.732962 0.567020 0.049966 0.144595
10 0.757935 0.618810 0.018070 0.028628
6 0.787640 0.567286 0.052399 0.137164
5 0.220716 0.695879 0.049862 0.133092
9 0.279242 0.700969 0.053686 0.134983
4 0.335127 0.707384 0.053408 0.120646
5 0.390856 0.712750 0.051580 0.138636
4 0.449309 0.711919 0.052389 0.118299
10 0.470928 0.774001 0.020053 0.029569
1 0.518938 0.723671 0.025115 0.122161
9 0.560638 0.726874 0.052887 0.139994
