3 0.202717 0.158166 0.048749 0.134836
8 0.256681 0.159454 0.054890 0.139439
7 0.316821 0.159798 0.049450 0.132077
5 0.370118 0.168008 0.050100 0.137662
3 0.370129 0.167796 0.053098 0.135540
7 0.431377 0.171914 0.040288 0.124803
1 0.438263 0.173081 0.025316 0.112584
2 0.481465 0.176361 0.051036 0.132013
10 0.504523 0.229388 0.018426 0.027957
3 0.537370 0.181081 0.050847 0.137325
6 0.590512 0.183169 0.053148 0.135833
9 0.648460 0.188076 0.051982 0.133656
7 0.706641 0.187160 0.039319 0.127368
1 0.709567 0.192780 0.039542 0.131446
0 0.302478 0.349838 0.053129 0.140878
10 0.327276 0.401978 0.020622 0.037545
0 0.359366 0.351455 0.052785 0.133892
0 0.416271 0.353286 0.054516 0.137374
2 0.739917 0.379878 0.050244 0.126438
4 0.797432 0.383745 0.049825 0.110874
2 0.851877 0.383768 0.047442 0.129958
5 0.852528 0.389220 0.049813 0.133799
2 0.238159 0.528691 0.054967 0.140808
6 0.293358 0.531320 0.051817 0.137066
10 0.318748 0.586928 0.018336 0.029835
3 0.352878 0.539450 0.050454 0.132891
5 0.353783 0.531446 0.049791 0.132776
1 0.637258 0.561656 0.025634 0.114363
1 0.689902 0.561772 0.027800 0.121768
3 0.734240 0.569361 0.049351 0.132292
10 0.757886 0.623278 0.020661 0.032075
7 0.794200 0.563325 0.046116 0.130128
5 0.220895 0.696488 0.049273 0.133567
9 0.278612 0.700076 0.051022 0.130751
8 0.333110 0.710282 0.053210 0.139018
8 0.388837 0.712712 0.053822 0.140098
0 0.446686 0.712993 0.054917 0.135058
10 0.468936 0.771638 0.019297 0.028848
2 0.503120 0.718613 0.051761 0.137111
0 0.560018 0.726036 0.055160 0.141789
