4 0.188001 0.150388 0.051986 0.121805
6 0.240493 0.156104 0.050561 0.134286
9 0.297103 0.163590 0.051293 0.132533
4 0.353692 0.163298 0.052085 0.121925
1 0.420527 0.171961 0.025853 0.120548
1 0.454371 0.173597 0.065701 0.131664
8 0.461725 0.175142 0.051488 0.137489
9 0.461943 0.176185 0.052179 0.138230
10 0.485360 0.226130 0.017308 0.027340
9 0.518207 0.180476 0.053098 0.135569
1 0.586996 0.184207 0.026490 0.122289
6 0.626350 0.188422 0.050754 0.137292
4 0.683152 0.190534 0.052114 0.119525
0 0.284424 0.347680 0.052692 0.138431
10 0.311395 0.402501 0.019380 0.031212
0 0.340005 0.350893 0.052513 0.139190
0 0.395623 0.356229 0.052278 0.136341
2 0.716041 0.384696 0.054386 0.141005
10 0.737584 0.435492 0.018745 0.031953
4 0.772772 0.384295 0.052505 0.118961
5 0.828012 0.392291 0.050194 0.132988
2 0.220672 0.521598 0.052510 0.136182
6 0.276454 0.523830 0.053423 0.134271
10 0.297470 0.580515 0.020258 0.031395
1 0.348029 0.532621 0.025431 0.120608
1 0.611635 0.554247 0.027227 0.125055
1 0.666995 0.563894 0.025954 0.126037
3 0.708971 0.567302 0.049285 0.132160
10 0.730290 0.619894 0.018868 0.031033
7 0.765992 0.567482 0.048186 0.127253
1 0.221290 0.690155 0.024700 0.114208
1 0.259589 0.692735 0.052467 0.137064
8 0.259695 0.694082 0.051793 0.136081
5 0.314485 0.698953 0.050641 0.136388
2 0.369217 0.699809 0.052815 0.139974
8 0.425525 0.703452 0.054770 0.136415
1 0.426672 0.713630 0.056964 0.142713
10 0.450839 0.765488 0.021047 0.035417
1 0.495412 0.713509 0.027071 0.124077
1 0.550626 0.720010 0.026916 0.129519
