3 0.202909 0.158157 0.049323 0.136782
8 0.256854 0.159982 0.055011 0.139992
7 0.316432 0.159619 0.050369 0.134532
10 0.336555 0.225231 0.018621 0.030668
3 0.369981 0.167604 0.052085 0.139294
7 0.428839 0.171538 0.043813 0.131777
1 0.438251 0.173310 0.024393 0.112542
2 0.480191 0.176751 0.053419 0.135143
10 0.504537 0.229050 0.018655 0.029048
2 0.536248 0.179101 0.051892 0.139869
3 0.537077 0.182027 0.051585 0.137975
6 0.590076 0.184080 0.052927 0.139928
9 0.648769 0.188452 0.051275 0.132022
0 0.303720 0.349229 0.049411 0.132219
10 0.327838 0.403270 0.019887 0.034891
0 0.359422 0.351599 0.052806 0.133721
0 0.416282 0.352613 0.053968 0.136929
2 0.740860 0.384193 0.051803 0.133838
4 0.797362 0.382760 0.051287 0.113301
5 0.852185 0.389494 0.049445 0.132847
2 0.238056 0.529223 0.054970 0.141158
6 0.293278 0.532474 0.051401 0.136076
10 0.319720 0.586799 0.018101 0.029567
3 0.352591 0.539160 0.050536 0.133759
5 0.353581 0.531564 0.049657 0.132662
1 0.637870 0.560743 0.025658 0.113980
1 0.690450 0.562820 0.027273 0.121698
3 0.733643 0.567793 0.050564 0.138017
5 0.734199 0.566023 0.051596 0.136573
10 0.757808 0.623716 0.020824 0.032499
7 0.793386 0.570714 0.047403 0.124896
5 0.220742 0.696186 0.049029 0.131802
9 0.278558 0.700056 0.051103 0.131014
8 0.333074 0.710447 0.053156 0.138872
8 0.388843 0.712888 0.053672 0.140226
0 0.446803 0.713219 0.054939 0.135723
10 0.468860 0.772095 0.019389 0.029271
2 0.503166 0.718982 0.051762 0.137152
0 0.559991 0.722226 0.052564 0.134604
