4 0.190449 0.149374 0.045956 0.113630
6 0.243439 0.156555 0.049696 0.131687
9 0.300314 0.159213 0.052443 0.133224
8 0.300821 0.162973 0.052486 0.140240
4 0.355985 0.162472 0.050770 0.123223
7 0.421287 0.169480 0.035789 0.125332
9 0.463907 0.176304 0.050181 0.131765
10 0.486024 0.229396 0.019737 0.029273
9 0.520430 0.178155 0.052274 0.140119
8 0.522728 0.179877 0.052662 0.146423
7 0.584043 0.174837 0.036221 0.132469
1 0.584632 0.179466 0.033319 0.130550
6 0.622520 0.186212 0.056434 0.144943
4 0.681895 0.186641 0.055421 0.131376
0 0.289338 0.346377 0.052870 0.131798
0 0.344678 0.349136 0.053465 0.133333
0 0.399142 0.353139 0.053032 0.135979
2 0.717329 0.383682 0.051350 0.131619
4 0.772057 0.385552 0.052480 0.116429
5 0.826434 0.389399 0.048094 0.127100
6 0.223836 0.522325 0.052396 0.140546
5 0.224219 0.522740 0.051081 0.140677
2 0.225790 0.523875 0.052829 0.135095
6 0.279532 0.523268 0.051767 0.136286
10 0.303507 0.580341 0.021477 0.034215
2 0.335086 0.528491 0.052912 0.138155
6 0.337338 0.528013 0.045149 0.121907
1 0.613600 0.553001 0.025752 0.113659
1 0.668805 0.562942 0.026810 0.112867
3 0.706405 0.563082 0.050619 0.132573
10 0.729067 0.617124 0.018066 0.030018
6 0.760111 0.565509 0.050998 0.133577
1 0.224921 0.686137 0.024328 0.112415
8 0.264510 0.693696 0.049510 0.135118
6 0.317505 0.697248 0.047657 0.135681
5 0.318442 0.694813 0.048487 0.131425
5 0.370595 0.701985 0.049046 0.132436
2 0.371997 0.699733 0.051765 0.136109
8 0.428018 0.703571 0.054504 0.137986
1 0.498216 0.708445 0.026698 0.122696
1 0.551734 0.711757 0.023401 0.111940
