4 0.186831 0.152328 0.052068 0.123897
6 0.240085 0.156720 0.050603 0.134508
9 0.296861 0.162811 0.052986 0.133991
4 0.352654 0.163419 0.052391 0.120874
1 0.418416 0.168483 0.027531 0.120868
9 0.461644 0.175400 0.050792 0.137804
10 0.483078 0.227259 0.017577 0.027504
9 0.517836 0.181693 0.053490 0.136294
1 0.582965 0.181623 0.030974 0.129000
6 0.625876 0.188091 0.050180 0.133947
4 0.683439 0.190978 0.053589 0.123066
0 0.284336 0.348280 0.052335 0.136010
10 0.312085 0.403239 0.020020 0.032321
0 0.339925 0.351100 0.052221 0.137884
0 0.396764 0.356536 0.053428 0.136746
2 0.716088 0.384297 0.054204 0.140873
10 0.741799 0.434187 0.020730 0.028757
4 0.772930 0.384816 0.052469 0.118101
5 0.827795 0.392887 0.050263 0.131885
2 0.220229 0.521984 0.052547 0.135414
6 0.275292 0.524131 0.053426 0.135498
10 0.300307 0.578967 0.019906 0.032256
2 0.331469 0.525683 0.051281 0.134799
1 0.612299 0.556704 0.026964 0.122266
1 0.666968 0.563042 0.025188 0.121698
4 0.707873 0.563711 0.052311 0.114427
10 0.732031 0.619092 0.020710 0.031362
1 0.777253 0.571729 0.027845 0.128435
1 0.221344 0.689263 0.024832 0.116417
1 0.259708 0.692686 0.052639 0.136118
8 0.259710 0.693697 0.051596 0.135583
5 0.313492 0.695890 0.050347 0.134122
2 0.369395 0.700328 0.052958 0.138362
8 0.425355 0.707915 0.055252 0.140639
1 0.426811 0.713691 0.057072 0.141699
10 0.450727 0.765764 0.020177 0.032271
1 0.495571 0.717772 0.025813 0.119354
1 0.550311 0.718107 0.026896 0.129085
