4 0.186957 0.145169 0.052731 0.120828
6 0.240015 0.151414 0.051114 0.130759
9 0.296531 0.156011 0.052412 0.130766
4 0.353484 0.155629 0.051883 0.122574
1 0.420479 0.165093 0.025613 0.121890
9 0.460867 0.167672 0.050185 0.133554
10 0.483459 0.226946 0.018129 0.029835
9 0.518257 0.171336 0.052626 0.138004
1 0.586998 0.178728 0.025726 0.117616
6 0.626664 0.182760 0.049588 0.136515
4 0.684058 0.185082 0.054435 0.124234
0 0.284801 0.342693 0.052087 0.137088
10 0.309604 0.398259 0.017545 0.026117
0 0.340937 0.343666 0.051475 0.135486
0 0.396463 0.349023 0.052806 0.133613
2 0.716076 0.379707 0.054104 0.139958
10 0.739968 0.431550 0.019214 0.031766
4 0.773207 0.378530 0.051339 0.120367
5 0.827748 0.387480 0.049475 0.133623
2 0.220576 0.517733 0.051847 0.140722
6 0.276579 0.521046 0.054010 0.133911
10 0.297482 0.577903 0.020447 0.031289
1 0.346871 0.526553 0.027521 0.127638
1 0.612343 0.554329 0.025539 0.121595
1 0.666513 0.560563 0.025435 0.126616
3 0.708777 0.564662 0.050286 0.138950
10 0.730570 0.617835 0.019702 0.030785
7 0.766904 0.561768 0.049818 0.130756
1 0.220978 0.686996 0.023781 0.118810
1 0.259584 0.690326 0.051476 0.136702
8 0.259628 0.691793 0.052135 0.133661
5 0.313899 0.694209 0.049895 0.136574
2 0.369491 0.696593 0.052749 0.135897
8 0.425403 0.698794 0.053960 0.136021
1 0.425590 0.709867 0.053983 0.142305
10 0.447685 0.763653 0.019662 0.031412
1 0.495440 0.712019 0.026326 0.125911
1 0.551050 0.710197 0.026863 0.130070
