4 0.197718 0.150414 0.050169 0.127900
6 0.249380 0.152982 0.050750 0.142834
8 0.303300 0.157175 0.053660 0.146034
8 0.358284 0.164533 0.052688 0.143895
3 0.415253 0.173254 0.050790 0.140873
1 0.481764 0.177619 0.025434 0.127995
5 0.522383 0.180545 0.044976 0.138867
7 0.578827 0.182607 0.050182 0.140685
7 0.633243 0.188227 0.046595 0.141955
9 0.685745 0.197531 0.052764 0.146288
0 0.293244 0.355592 0.052275 0.144736
10 0.317297 0.412317 0.018410 0.030948
0 0.349065 0.361842 0.051100 0.141305
0 0.403581 0.366770 0.053593 0.143301
2 0.716943 0.394222 0.054438 0.145846
10 0.743508 0.453911 0.018607 0.031371
4 0.774350 0.402300 0.052680 0.128950
5 0.828680 0.406605 0.048462 0.140170
2 0.230727 0.546673 0.051631 0.143594
7 0.292382 0.544231 0.046081 0.132162
10 0.308011 0.609568 0.019826 0.031688
1 0.354915 0.551625 0.026228 0.124747
1 0.615797 0.578656 0.026326 0.132922
1 0.667528 0.587281 0.025211 0.130011
3 0.709716 0.590798 0.049341 0.141341
10 0.730916 0.648557 0.018450 0.030828
3 0.764881 0.590779 0.049072 0.141832
1 0.229543 0.726540 0.024574 0.122261
9 0.269343 0.720969 0.049985 0.143351
9 0.321639 0.731283 0.048683 0.141159
6 0.375770 0.735336 0.049780 0.138232
8 0.430510 0.739842 0.051856 0.147586
9 0.431210 0.742047 0.051141 0.138734
10 0.453487 0.794319 0.017848 0.030348
5 0.485122 0.745717 0.051052 0.144075
4 0.540803 0.749101 0.053550 0.128064
