4 0.189166 0.150212 0.052086 0.121458
6 0.241767 0.154870 0.052218 0.134446
9 0.298383 0.160966 0.051124 0.132939
4 0.354330 0.161055 0.051442 0.118935
1 0.421804 0.169415 0.025620 0.118352
9 0.462958 0.173670 0.050552 0.135716
10 0.485089 0.226914 0.018048 0.027916
9 0.518404 0.179330 0.052458 0.134456
1 0.587282 0.183390 0.025695 0.120903
6 0.626748 0.187139 0.050731 0.136142
10 0.651455 0.245141 0.017565 0.028613
4 0.683628 0.189010 0.052860 0.121371
0 0.286041 0.343961 0.053521 0.137697
10 0.310969 0.402423 0.019703 0.031387
0 0.340823 0.349395 0.051477 0.137401
0 0.397614 0.354555 0.053300 0.136081
2 0.716398 0.382791 0.053912 0.141033
10 0.737231 0.436526 0.018593 0.030487
4 0.772404 0.382815 0.052176 0.117735
5 0.827322 0.388961 0.047754 0.130006
2 0.221223 0.521881 0.052548 0.137010
6 0.276827 0.523245 0.052511 0.135998
10 0.299444 0.581267 0.020149 0.032494
5 0.333315 0.530501 0.047681 0.129391
1 0.612731 0.557691 0.025711 0.123176
1 0.668214 0.561547 0.025145 0.124434
2 0.707267 0.561668 0.048018 0.131909
10 0.726032 0.616258 0.016971 0.024226
9 0.762816 0.569533 0.050254 0.133047
1 0.222513 0.688841 0.024120 0.114889
8 0.260946 0.694171 0.052266 0.137981
1 0.261017 0.692607 0.051776 0.137474
5 0.315683 0.697918 0.050619 0.136412
5 0.366504 0.700354 0.060740 0.135955
2 0.370253 0.699139 0.052308 0.138944
1 0.426324 0.712839 0.052673 0.142842
8 0.426405 0.703384 0.054013 0.134988
10 0.447852 0.765862 0.019473 0.031272
1 0.497638 0.714424 0.025933 0.124208
1 0.551564 0.716778 0.027041 0.132176
