4 0.185618 0.149648 0.050460 0.116242
6 0.240046 0.153134 0.052442 0.133998
9 0.295356 0.158650 0.051394 0.131440
4 0.351343 0.160288 0.051801 0.123563
1 0.418369 0.168804 0.025028 0.116148
9 0.460226 0.173783 0.053469 0.139068
10 0.481730 0.224692 0.017545 0.027074
9 0.516876 0.174495 0.052294 0.136909
1 0.582543 0.180392 0.029004 0.124640
6 0.624522 0.185228 0.052132 0.141194
4 0.681484 0.188067 0.051714 0.119604
0 0.283864 0.345936 0.051522 0.135637
10 0.310138 0.401492 0.019044 0.029880
0 0.338888 0.349359 0.052611 0.140156
0 0.395032 0.354854 0.052089 0.136454
2 0.713957 0.381506 0.053709 0.140787
10 0.736731 0.434770 0.019160 0.032000
4 0.770875 0.381893 0.051273 0.118512
5 0.824916 0.388050 0.047955 0.130288
2 0.219986 0.519777 0.052026 0.133799
6 0.275809 0.521810 0.053980 0.134026
10 0.295632 0.576359 0.019037 0.032659
7 0.335421 0.521004 0.046236 0.129401
1 0.611238 0.553510 0.026308 0.120612
1 0.664041 0.562896 0.025038 0.119960
4 0.706731 0.563812 0.049983 0.115163
10 0.730714 0.618166 0.021662 0.033722
1 0.774525 0.570158 0.026400 0.124160
1 0.220745 0.688967 0.023794 0.115306
1 0.258241 0.691989 0.052639 0.138399
8 0.258603 0.693011 0.051920 0.132843
5 0.313337 0.696230 0.049811 0.134934
2 0.367941 0.698455 0.052469 0.135121
8 0.424113 0.700678 0.053253 0.134357
1 0.424903 0.712947 0.056352 0.144393
10 0.446151 0.765382 0.020039 0.031890
1 0.493819 0.714926 0.026834 0.130108
1 0.549140 0.718777 0.026011 0.126860
