4 0.189473 0.146558 0.049752 0.123214
6 0.241788 0.152605 0.051017 0.132976
9 0.296787 0.159293 0.052532 0.135418
4 0.353313 0.159516 0.052425 0.123087
1 0.421138 0.167245 0.025781 0.119246
1 0.461266 0.171166 0.048943 0.136849
9 0.462582 0.172043 0.050751 0.137050
9 0.517428 0.172851 0.053071 0.136831
7 0.577587 0.175131 0.039529 0.126308
1 0.583680 0.177999 0.030095 0.126320
6 0.624739 0.181471 0.048545 0.138731
4 0.681808 0.186668 0.052368 0.124441
0 0.286126 0.340743 0.052712 0.130514
10 0.308721 0.392933 0.020778 0.033717
0 0.339977 0.347544 0.052608 0.142076
0 0.396331 0.349626 0.052923 0.135523
2 0.715290 0.380793 0.053456 0.140070
10 0.737882 0.435945 0.020677 0.035794
4 0.771348 0.381636 0.051805 0.120585
5 0.824870 0.387474 0.047908 0.129576
2 0.221581 0.520944 0.052555 0.139006
8 0.277954 0.524207 0.053176 0.135875
9 0.278563 0.522823 0.051497 0.133380
10 0.300610 0.576041 0.019708 0.032459
9 0.333442 0.529819 0.051323 0.134998
1 0.611599 0.551570 0.026398 0.121814
1 0.665151 0.555195 0.026985 0.117969
4 0.706794 0.559118 0.052691 0.118313
1 0.775212 0.572307 0.027088 0.131860
1 0.221936 0.685901 0.024337 0.111593
8 0.260383 0.692080 0.052562 0.138605
1 0.260860 0.690527 0.050756 0.137423
5 0.313913 0.693685 0.049255 0.132198
6 0.368853 0.699862 0.050562 0.134354
2 0.369465 0.697401 0.052896 0.136302
8 0.425941 0.700713 0.054213 0.136495
1 0.427349 0.712047 0.058725 0.143080
1 0.493474 0.714048 0.027544 0.127163
1 0.549928 0.711489 0.025585 0.123027
