4 0.185694 0.146508 0.052781 0.120242
6 0.239404 0.152214 0.052312 0.134729
9 0.295751 0.157635 0.051808 0.131196
4 0.351797 0.156733 0.052708 0.123014
1 0.420104 0.167370 0.025096 0.119379
1 0.460059 0.171252 0.050218 0.137404
9 0.460988 0.171628 0.052744 0.138509
10 0.481936 0.223703 0.017266 0.026295
9 0.517169 0.173873 0.051988 0.137466
1 0.585382 0.179390 0.025970 0.118314
6 0.625576 0.183444 0.049395 0.136636
4 0.682932 0.188568 0.053603 0.119169
0 0.283573 0.343984 0.052037 0.137476
10 0.307674 0.394154 0.020196 0.032411
0 0.338571 0.346856 0.052201 0.138248
0 0.394987 0.352967 0.053194 0.140022
2 0.715159 0.380924 0.054395 0.142274
10 0.736703 0.433513 0.019454 0.031384
4 0.772606 0.379902 0.051227 0.120253
5 0.826331 0.387568 0.047101 0.129438
2 0.219657 0.519648 0.052494 0.133711
5 0.275550 0.522437 0.050575 0.137425
10 0.298381 0.577326 0.018346 0.030692
9 0.331435 0.529286 0.050139 0.131509
1 0.611960 0.553662 0.026302 0.122895
1 0.665895 0.561431 0.024716 0.125776
2 0.706772 0.558338 0.049049 0.131671
10 0.727086 0.615220 0.017508 0.024490
9 0.762453 0.566762 0.050952 0.131578
1 0.220630 0.688238 0.023821 0.117309
1 0.257917 0.691847 0.052827 0.138717
8 0.258543 0.693050 0.052230 0.132508
5 0.313267 0.696584 0.049749 0.136436
2 0.368129 0.697837 0.053133 0.136428
8 0.424099 0.706693 0.054303 0.138636
1 0.425111 0.711957 0.055551 0.142561
10 0.446450 0.765356 0.020080 0.031477
1 0.493469 0.714118 0.026522 0.125465
1 0.550154 0.714696 0.027297 0.133517
