4 0.185945 0.146715 0.052358 0.119244
6 0.239608 0.151979 0.052353 0.134664
9 0.295694 0.157187 0.051675 0.130517
4 0.351302 0.158364 0.052701 0.120232
1 0.419572 0.167344 0.025000 0.119374
1 0.460029 0.170857 0.050293 0.137273
9 0.460967 0.171345 0.052903 0.139194
10 0.482335 0.223805 0.017352 0.026451
9 0.517362 0.173187 0.052152 0.137823
1 0.586278 0.178936 0.026419 0.119872
6 0.625563 0.183169 0.048623 0.136159
4 0.682783 0.186976 0.053244 0.123082
0 0.283477 0.341439 0.052209 0.133092
10 0.307052 0.394570 0.020293 0.032583
0 0.338749 0.347295 0.052344 0.138930
0 0.394818 0.353196 0.053874 0.141953
2 0.714688 0.382937 0.052852 0.135335
10 0.736809 0.433367 0.018692 0.030909
4 0.772370 0.380466 0.051315 0.119641
5 0.826506 0.387718 0.047173 0.129001
2 0.219550 0.519038 0.051935 0.133222
6 0.274148 0.521561 0.052585 0.135384
10 0.298011 0.576603 0.019648 0.031261
0 0.331199 0.529378 0.052480 0.135746
1 0.611907 0.553726 0.026444 0.123644
1 0.666146 0.562560 0.025187 0.125980
3 0.706298 0.566257 0.049172 0.135062
10 0.729803 0.615252 0.018389 0.029490
0 0.760029 0.568658 0.052274 0.138568
1 0.220146 0.688178 0.023841 0.118684
1 0.257740 0.691826 0.052696 0.138726
8 0.258240 0.693222 0.052179 0.132259
5 0.313269 0.696257 0.050137 0.135516
2 0.368068 0.697830 0.053605 0.137112
8 0.424706 0.700400 0.053685 0.135572
1 0.424971 0.711817 0.055592 0.143137
10 0.446309 0.764557 0.019874 0.031549
1 0.493714 0.713478 0.026823 0.127156
1 0.549828 0.714546 0.027101 0.132438
