3 0.202695 0.157695 0.047944 0.134559
8 0.256609 0.160022 0.054994 0.140415
7 0.316643 0.160271 0.050295 0.135587
3 0.369976 0.168782 0.052135 0.139622
7 0.430089 0.169550 0.044317 0.124093
1 0.436257 0.170952 0.026160 0.114650
2 0.480595 0.175807 0.053833 0.135038
10 0.504571 0.230529 0.019358 0.029015
3 0.537423 0.180436 0.050760 0.135872
6 0.590189 0.183476 0.052848 0.134895
9 0.647990 0.188098 0.051711 0.133542
0 0.302375 0.350055 0.053033 0.139499
10 0.328203 0.403489 0.020397 0.033301
0 0.359360 0.351779 0.053189 0.135382
0 0.416240 0.353325 0.054396 0.137652
2 0.740032 0.380456 0.050824 0.127659
4 0.797658 0.384478 0.049884 0.111941
5 0.852509 0.389052 0.049555 0.133014
2 0.237619 0.528959 0.055579 0.142029
6 0.294120 0.530158 0.053358 0.137689
10 0.315730 0.587867 0.022028 0.035308
7 0.356724 0.529025 0.045460 0.130619
1 0.637317 0.561734 0.025721 0.112065
1 0.690032 0.562101 0.027588 0.118710
4 0.734928 0.565508 0.050703 0.116151
10 0.757555 0.622966 0.021372 0.032378
1 0.804571 0.572516 0.025857 0.117560
5 0.220553 0.695858 0.050142 0.133930
9 0.278198 0.700127 0.051061 0.131830
8 0.279694 0.707568 0.055362 0.136027
8 0.333062 0.709948 0.053136 0.138492
8 0.388829 0.712496 0.053835 0.139880
0 0.446603 0.712492 0.054551 0.134990
10 0.467976 0.771296 0.019292 0.029012
2 0.502986 0.718985 0.051645 0.135910
0 0.559792 0.722537 0.052614 0.133776
