3 0.201907 0.157377 0.050213 0.136475
8 0.256851 0.159320 0.055199 0.139961
7 0.317299 0.159891 0.049096 0.131397
3 0.370014 0.169202 0.051149 0.137503
1 0.438994 0.170729 0.024327 0.111460
2 0.480623 0.176007 0.053234 0.134866
10 0.503269 0.229460 0.018843 0.028016
2 0.535524 0.179019 0.053251 0.139050
3 0.536939 0.180572 0.051119 0.137049
6 0.589866 0.183251 0.053423 0.141934
9 0.648757 0.187861 0.052208 0.133037
7 0.713280 0.187294 0.036089 0.121672
1 0.714275 0.191491 0.035490 0.128334
0 0.302379 0.350298 0.053127 0.140844
10 0.322722 0.401687 0.020115 0.026352
0 0.359284 0.351955 0.052861 0.134311
0 0.416088 0.353106 0.054369 0.137638
2 0.740315 0.379538 0.050387 0.126592
4 0.797201 0.382493 0.051209 0.113505
5 0.852127 0.388585 0.049190 0.130631
2 0.238025 0.528844 0.055270 0.141489
6 0.294276 0.531638 0.050869 0.133165
10 0.314310 0.587923 0.018125 0.031421
1 0.366913 0.543720 0.024546 0.112384
1 0.637370 0.560138 0.025364 0.114229
1 0.690258 0.561885 0.027658 0.122790
3 0.733081 0.566680 0.050239 0.137899
1 0.733940 0.567568 0.048025 0.138258
10 0.756047 0.622259 0.019682 0.031047
9 0.789522 0.570393 0.050669 0.133256
5 0.220462 0.695783 0.049474 0.133004
9 0.278293 0.700169 0.051120 0.131156
8 0.333128 0.710111 0.053593 0.139801
8 0.388895 0.712659 0.053765 0.140027
0 0.446727 0.712613 0.054864 0.135343
10 0.468898 0.771361 0.019226 0.029012
2 0.502940 0.718868 0.052115 0.137485
0 0.560061 0.725375 0.055229 0.142221
