4 0.189569 0.147078 0.050280 0.120889
6 0.242269 0.152860 0.050618 0.130172
9 0.297055 0.155133 0.050908 0.133387
8 0.297398 0.151378 0.046948 0.119338
4 0.353057 0.156548 0.049614 0.118971
9 0.460746 0.171420 0.052634 0.142107
10 0.485796 0.222999 0.019133 0.033534
9 0.517262 0.172765 0.053388 0.139248
7 0.583466 0.175169 0.036477 0.121076
6 0.620664 0.181856 0.058146 0.148583
4 0.681135 0.184151 0.054384 0.131632
0 0.285854 0.342501 0.052823 0.132951
10 0.312231 0.397370 0.016631 0.028509
0 0.340995 0.346123 0.054226 0.133496
0 0.396306 0.348881 0.053540 0.135054
2 0.716349 0.379613 0.051967 0.131951
10 0.738427 0.429734 0.019352 0.033320
4 0.772866 0.380873 0.050357 0.117633
5 0.824594 0.387400 0.048661 0.133992
2 0.222051 0.520782 0.052632 0.142997
9 0.278713 0.521295 0.050210 0.129365
10 0.298432 0.575806 0.018349 0.028087
8 0.331647 0.529204 0.051036 0.134039
1 0.611156 0.552058 0.025443 0.117452
1 0.663155 0.553226 0.030114 0.122657
4 0.706452 0.559914 0.053247 0.115806
1 0.774511 0.564637 0.028826 0.117837
1 0.223346 0.686594 0.024525 0.111626
8 0.261026 0.689730 0.051883 0.138130
5 0.314228 0.694948 0.049162 0.133156
6 0.369612 0.700049 0.050975 0.131096
2 0.369808 0.697125 0.053657 0.138050
8 0.425746 0.699665 0.053855 0.136360
1 0.494597 0.704800 0.028044 0.125948
1 0.549392 0.710877 0.024671 0.117396
