4 0.186779 0.146191 0.053027 0.122791
6 0.240534 0.149302 0.052608 0.135179
9 0.296493 0.155995 0.052145 0.131202
4 0.352214 0.158278 0.053245 0.123434
1 0.421158 0.164795 0.025523 0.122768
9 0.460807 0.168577 0.049250 0.132025
10 0.484516 0.222861 0.017252 0.026755
9 0.518056 0.173404 0.052716 0.132446
1 0.586329 0.178489 0.026056 0.118221
6 0.626488 0.183185 0.049496 0.136097
4 0.684775 0.185130 0.050060 0.113956
0 0.284263 0.343236 0.051015 0.133528
10 0.308147 0.392232 0.019731 0.031550
0 0.341126 0.343238 0.051174 0.134083
0 0.395619 0.349381 0.053622 0.140302
2 0.715870 0.379548 0.052765 0.138854
10 0.740180 0.431528 0.019106 0.031960
4 0.773401 0.378657 0.051083 0.120254
5 0.827392 0.386701 0.049361 0.133799
2 0.220266 0.517726 0.051954 0.141520
6 0.275191 0.520205 0.052149 0.133651
10 0.299140 0.575556 0.019425 0.030384
0 0.331569 0.528064 0.052950 0.137485
1 0.612677 0.554300 0.025435 0.119166
1 0.666253 0.560455 0.026280 0.128755
3 0.709053 0.564969 0.050307 0.140089
10 0.731517 0.612560 0.019056 0.032705
7 0.766287 0.564147 0.049109 0.131379
1 0.221297 0.686324 0.024092 0.113984
1 0.259015 0.690446 0.052441 0.138176
8 0.259603 0.691852 0.052525 0.134786
5 0.314262 0.694994 0.050454 0.136259
2 0.369438 0.696671 0.052743 0.135774
8 0.425352 0.699069 0.054018 0.136017
1 0.425604 0.709342 0.053733 0.141647
10 0.447367 0.762342 0.020041 0.030804
1 0.496165 0.711600 0.026108 0.125657
1 0.551060 0.711173 0.026852 0.130675
