3 0.205057 0.156832 0.049926 0.133514
8 0.258927 0.160363 0.055447 0.141813
7 0.318001 0.159374 0.050454 0.135076
3 0.371684 0.167181 0.052820 0.140549
7 0.432786 0.171148 0.039523 0.125129
1 0.439590 0.170590 0.025654 0.116517
2 0.483607 0.175440 0.051623 0.137054
10 0.506383 0.229849 0.019530 0.029978
2 0.529400 0.178664 0.071733 0.136564
3 0.538566 0.180249 0.050825 0.137464
6 0.591135 0.182511 0.053366 0.141530
9 0.649176 0.187172 0.051350 0.132487
0 0.306013 0.348876 0.049988 0.131679
10 0.329652 0.403723 0.019322 0.034080
0 0.361613 0.351301 0.051792 0.132321
0 0.417980 0.351801 0.053085 0.138665
2 0.741538 0.384111 0.051847 0.134753
4 0.798120 0.383201 0.049217 0.111247
5 0.853073 0.389223 0.049439 0.134047
1 0.638470 0.562016 0.026128 0.113394
1 0.690107 0.562882 0.028388 0.121423
4 0.735575 0.436413 0.052318 0.249155
4 0.735636 0.566673 0.050842 0.117607
10 0.758114 0.623019 0.021322 0.032242
1 0.804286 0.572372 0.026220 0.117142
2 0.240965 0.529629 0.056279 0.140172
7 0.303774 0.525889 0.046184 0.128065
1 0.368651 0.544014 0.026052 0.122741
5 0.223805 0.697850 0.048824 0.132853
9 0.280684 0.700686 0.052437 0.133370
8 0.335428 0.705122 0.054056 0.137847
8 0.391270 0.713915 0.053592 0.139603
0 0.448465 0.714132 0.055287 0.137841
10 0.471997 0.774316 0.019345 0.029593
2 0.504818 0.719603 0.051255 0.136381
0 0.562165 0.726787 0.055069 0.141575
