3 0.199616 0.158334 0.048910 0.134419
8 0.253934 0.157822 0.052894 0.139115
7 0.314268 0.162669 0.049765 0.134341
3 0.368323 0.170130 0.051308 0.139094
1 0.435409 0.174838 0.028113 0.129722
2 0.477268 0.176908 0.053794 0.136005
10 0.501026 0.232372 0.018676 0.027874
3 0.534262 0.180384 0.049799 0.133750
6 0.586819 0.181494 0.053046 0.139110
9 0.645960 0.188523 0.052704 0.139837
7 0.708277 0.188933 0.044866 0.129501
0 0.299789 0.351937 0.053683 0.138138
10 0.324154 0.403704 0.018134 0.028686
0 0.357511 0.351785 0.053244 0.135822
0 0.413062 0.360823 0.053415 0.134513
2 0.736827 0.382308 0.052349 0.132971
10 0.763299 0.435152 0.018816 0.028649
4 0.794294 0.384757 0.052089 0.119472
5 0.850007 0.390617 0.050569 0.136126
3 0.236566 0.532168 0.048930 0.132083
0 0.291485 0.535915 0.051555 0.134638
10 0.312895 0.592256 0.019742 0.033539
1 0.364006 0.542797 0.027689 0.130784
1 0.634428 0.565631 0.025789 0.127535
1 0.687883 0.564906 0.026460 0.118915
4 0.730623 0.567477 0.049661 0.119249
1 0.730821 0.568049 0.049346 0.122933
10 0.753431 0.623457 0.018781 0.029344
0 0.786767 0.570493 0.054914 0.137875
5 0.217418 0.696838 0.050384 0.135327
9 0.274818 0.701102 0.051521 0.135215
8 0.330974 0.710015 0.053952 0.140063
8 0.387723 0.708357 0.053320 0.136138
0 0.443790 0.713785 0.054615 0.134163
10 0.465936 0.773641 0.020678 0.031111
2 0.500068 0.721149 0.052005 0.133845
0 0.557379 0.723491 0.053203 0.137613
