3 0.202404 0.157630 0.052378 0.144988
9 0.203796 0.152132 0.049395 0.133329
8 0.256827 0.160186 0.052937 0.139047
7 0.315859 0.161604 0.051203 0.135744
3 0.369868 0.167948 0.053460 0.144404
1 0.435734 0.170797 0.026991 0.117648
2 0.478845 0.176933 0.054928 0.139075
10 0.501322 0.232642 0.018783 0.028974
3 0.535547 0.182250 0.048133 0.134876
9 0.536264 0.180034 0.049506 0.144622
6 0.587709 0.184488 0.051327 0.137808
9 0.645760 0.189037 0.053039 0.137498
8 0.646135 0.184369 0.060071 0.176124
7 0.712568 0.193251 0.036807 0.111508
0 0.302543 0.348762 0.051010 0.133702
10 0.325839 0.400820 0.018032 0.029195
0 0.359380 0.352180 0.053318 0.134789
0 0.416126 0.355112 0.054901 0.139313
2 0.737362 0.383289 0.053412 0.135202
4 0.795600 0.386015 0.052479 0.119371
5 0.850353 0.390935 0.050906 0.135608
3 0.238117 0.534162 0.047970 0.133147
0 0.293556 0.531744 0.052908 0.136224
10 0.318526 0.589002 0.019252 0.033021
0 0.351530 0.537158 0.053375 0.137720
1 0.635194 0.564378 0.024669 0.117055
1 0.689829 0.563573 0.026038 0.118148
1 0.732454 0.568600 0.047959 0.124567
4 0.732591 0.569869 0.049390 0.119560
10 0.752818 0.619939 0.019697 0.028343
0 0.788382 0.570232 0.054102 0.137321
5 0.219433 0.696197 0.050815 0.137514
9 0.277852 0.700883 0.051909 0.134294
8 0.332376 0.711156 0.053088 0.137674
8 0.389479 0.707329 0.052610 0.135655
0 0.446004 0.714231 0.054730 0.138272
10 0.467181 0.774832 0.020341 0.030626
2 0.501704 0.720371 0.052647 0.136646
0 0.558374 0.722859 0.053313 0.133863
