3 0.202937 0.157521 0.048619 0.134191
8 0.256818 0.160108 0.055285 0.140659
7 0.316529 0.160855 0.051067 0.132372
3 0.370282 0.166761 0.052301 0.138940
1 0.436590 0.172290 0.026058 0.113031
2 0.481674 0.175706 0.051554 0.134474
10 0.500180 0.230094 0.020254 0.029074
5 0.536693 0.178849 0.051843 0.140119
3 0.537310 0.180812 0.050896 0.136781
6 0.589848 0.183746 0.053038 0.140753
9 0.648486 0.187757 0.052091 0.136506
0 0.302504 0.351869 0.052153 0.138976
10 0.328884 0.402621 0.019876 0.035838
0 0.359465 0.351580 0.052873 0.134531
0 0.416156 0.352701 0.054064 0.136910
2 0.740276 0.381452 0.050322 0.129737
4 0.797654 0.383985 0.050262 0.112515
5 0.852434 0.389371 0.049232 0.132401
2 0.238077 0.529090 0.055124 0.142021
6 0.294336 0.529998 0.053725 0.139272
10 0.320008 0.586537 0.017927 0.029277
3 0.353184 0.540020 0.050435 0.134084
5 0.353666 0.531363 0.050148 0.132618
1 0.637265 0.561244 0.025118 0.118857
1 0.690131 0.562114 0.027827 0.121536
3 0.733188 0.568652 0.049084 0.133156
10 0.757664 0.618393 0.016745 0.026257
6 0.787226 0.567426 0.051860 0.135454
5 0.220677 0.696196 0.049529 0.133193
9 0.278376 0.700287 0.051104 0.131544
8 0.333721 0.704329 0.054054 0.138240
8 0.388940 0.712796 0.053719 0.140405
0 0.446673 0.712634 0.054971 0.135535
10 0.468217 0.771377 0.019352 0.028577
2 0.503191 0.718779 0.051598 0.137510
0 0.560513 0.725635 0.054662 0.142258
