3 0.202211 0.156124 0.049441 0.136490
8 0.256805 0.158614 0.055507 0.142601
7 0.315621 0.159199 0.050783 0.136319
3 0.370361 0.168303 0.051452 0.139445
7 0.431498 0.170206 0.038826 0.131537
1 0.438110 0.171541 0.024629 0.113091
2 0.480293 0.174272 0.053795 0.136507
10 0.503590 0.227743 0.018023 0.027681
5 0.536210 0.177417 0.052196 0.139825
3 0.537004 0.179532 0.050851 0.137537
6 0.589701 0.181349 0.053402 0.141914
9 0.648293 0.187017 0.051762 0.135011
1 0.715520 0.193479 0.031937 0.124603
0 0.302518 0.349884 0.051956 0.140527
10 0.322479 0.400948 0.021038 0.028370
0 0.359319 0.351042 0.052993 0.134753
0 0.416056 0.352452 0.054798 0.139427
2 0.740584 0.383622 0.052028 0.135824
4 0.797332 0.383339 0.050141 0.112055
5 0.852189 0.389125 0.049505 0.133965
2 0.237857 0.529277 0.055525 0.142616
6 0.294224 0.531813 0.051283 0.134049
10 0.315933 0.590247 0.021733 0.035163
1 0.366892 0.542020 0.025920 0.117491
1 0.637558 0.561601 0.025131 0.112959
1 0.690350 0.562513 0.027846 0.121174
3 0.733102 0.567727 0.049859 0.137523
1 0.733958 0.568555 0.047975 0.138578
10 0.756167 0.622547 0.019296 0.030826
9 0.789325 0.571263 0.050861 0.134718
5 0.220262 0.696922 0.049596 0.133666
9 0.278086 0.701049 0.051339 0.132131
8 0.333162 0.710935 0.053862 0.140836
8 0.389014 0.713440 0.053576 0.140319
0 0.446633 0.713474 0.054997 0.135950
10 0.468697 0.773077 0.019536 0.029338
2 0.503053 0.719193 0.051930 0.138135
0 0.559949 0.722660 0.052473 0.134353
