3 0.203669 0.158255 0.050257 0.132636
8 0.257143 0.158844 0.054112 0.137423
3 0.316968 0.160618 0.048194 0.136818
7 0.317025 0.158267 0.050934 0.132243
5 0.369475 0.166965 0.049843 0.141043
3 0.370055 0.167388 0.053439 0.136884
1 0.441626 0.177677 0.022835 0.095566
2 0.480804 0.172840 0.052143 0.132369
3 0.537215 0.180449 0.051722 0.140824
6 0.590513 0.181815 0.052705 0.138252
9 0.649196 0.189449 0.050689 0.135032
0 0.304157 0.350111 0.050041 0.133396
10 0.323077 0.402185 0.021308 0.028958
0 0.359693 0.352713 0.053401 0.135294
0 0.416590 0.352932 0.054597 0.140215
2 0.740017 0.384478 0.051217 0.136001
4 0.797705 0.384560 0.051376 0.115544
5 0.852751 0.390286 0.049635 0.134543
2 0.238529 0.528228 0.054510 0.141330
6 0.294169 0.530083 0.054400 0.140391
10 0.317344 0.588080 0.019970 0.033250
4 0.353163 0.538413 0.054984 0.119720
1 0.637081 0.563478 0.025264 0.124978
1 0.691861 0.564491 0.026122 0.122305
10 0.732636 0.568146 0.050280 0.134629
3 0.733555 0.570564 0.049456 0.136493
10 0.758166 0.618506 0.016856 0.027415
6 0.787846 0.567704 0.051497 0.137341
5 0.221615 0.697259 0.049102 0.134156
9 0.278746 0.700234 0.051614 0.131521
10 0.301101 0.753832 0.018754 0.030761
8 0.333892 0.705194 0.054652 0.138671
8 0.390946 0.706394 0.052894 0.136488
0 0.446885 0.713494 0.055068 0.136084
10 0.472869 0.771297 0.019132 0.031715
2 0.503645 0.718996 0.051905 0.136654
0 0.560579 0.722069 0.052469 0.134605
