3 0.198815 0.153607 0.049159 0.136404
5 0.200009 0.153488 0.046668 0.126553
8 0.253667 0.155786 0.052247 0.138134
7 0.313297 0.162040 0.052110 0.133925
4 0.367279 0.165395 0.051147 0.124467
3 0.422316 0.173315 0.052271 0.144583
4 0.477412 0.174139 0.053926 0.125318
9 0.479027 0.175644 0.051150 0.130017
1 0.545521 0.183449 0.027359 0.127616
0 0.588424 0.185014 0.053904 0.139962
7 0.648560 0.183808 0.043156 0.124388
1 0.655982 0.187661 0.029864 0.124098
6 0.700244 0.189719 0.051577 0.140771
6 0.243536 0.346608 0.050431 0.136237
2 0.300442 0.346156 0.049003 0.132567
5 0.300876 0.347602 0.048834 0.128126
10 0.321832 0.402394 0.017444 0.029662
6 0.355607 0.350102 0.052336 0.135956
4 0.413582 0.355603 0.051592 0.114506
2 0.737469 0.377064 0.052292 0.130000
4 0.794072 0.382282 0.051281 0.118951
5 0.849331 0.388872 0.051083 0.132815
2 0.235346 0.528483 0.054675 0.141997
6 0.291341 0.531273 0.054037 0.138951
10 0.315795 0.587145 0.021541 0.036357
9 0.349485 0.539307 0.052203 0.131600
1 0.634414 0.563998 0.025001 0.122118
1 0.687877 0.562909 0.025738 0.117709
2 0.729995 0.568076 0.051551 0.134021
10 0.756759 0.611082 0.022289 0.037584
2 0.785569 0.567323 0.048100 0.131274
9 0.787310 0.569493 0.052549 0.139789
5 0.217824 0.697958 0.049706 0.135583
9 0.275751 0.705767 0.051667 0.136882
5 0.330612 0.711648 0.050136 0.139646
5 0.386472 0.705641 0.055070 0.142479
8 0.387438 0.712313 0.053732 0.137768
1 0.458633 0.721157 0.024809 0.116076
10 0.465955 0.774581 0.020111 0.030858
9 0.500388 0.725196 0.050292 0.133653
6 0.554079 0.721146 0.049904 0.132515
