4 0.189934 0.149681 0.050782 0.117926
6 0.242677 0.153444 0.051408 0.131674
9 0.299525 0.160552 0.050888 0.130651
4 0.354595 0.161383 0.050622 0.119392
1 0.423244 0.169584 0.025425 0.117146
1 0.462178 0.173649 0.048591 0.134187
9 0.463990 0.173377 0.050471 0.134461
10 0.486690 0.225405 0.017423 0.027160
9 0.519828 0.175029 0.051941 0.132250
1 0.588737 0.179478 0.025303 0.113822
6 0.628249 0.185389 0.049860 0.135989
4 0.685259 0.189473 0.050747 0.115310
0 0.287477 0.342795 0.053589 0.134844
10 0.313494 0.402574 0.020167 0.033403
0 0.341585 0.347817 0.051510 0.137593
0 0.398442 0.353165 0.053770 0.135563
2 0.716990 0.382048 0.053996 0.140592
10 0.739447 0.434739 0.018960 0.030813
4 0.773767 0.381551 0.051730 0.117707
5 0.828491 0.388927 0.048066 0.131126
2 0.223142 0.521846 0.053947 0.140445
6 0.278669 0.521730 0.052518 0.130271
10 0.300584 0.576532 0.019541 0.031675
1 0.349332 0.528635 0.025512 0.116754
1 0.614214 0.556608 0.024962 0.118034
1 0.668121 0.560715 0.024780 0.119911
3 0.708542 0.565427 0.048605 0.132061
10 0.730781 0.614375 0.018453 0.029194
6 0.761590 0.565842 0.050798 0.134811
1 0.223079 0.686623 0.024149 0.113023
1 0.261899 0.690959 0.050953 0.134131
8 0.262177 0.692498 0.051328 0.134670
5 0.316547 0.693166 0.049435 0.132096
5 0.370474 0.698359 0.051878 0.138498
2 0.371533 0.697617 0.052180 0.135210
8 0.427094 0.701226 0.053974 0.133964
10 0.449258 0.762773 0.019446 0.030493
1 0.498621 0.710761 0.025593 0.123500
1 0.552598 0.712531 0.026316 0.128955
