4 0.190180 0.149918 0.051142 0.121447
6 0.242482 0.153627 0.051756 0.132704
9 0.298798 0.159178 0.052337 0.132672
4 0.354932 0.161336 0.051476 0.122033
1 0.422092 0.169021 0.026076 0.121185
9 0.463637 0.173275 0.050631 0.135066
10 0.484727 0.224926 0.017202 0.027170
9 0.519685 0.175257 0.052725 0.134828
1 0.587754 0.181181 0.026708 0.122478
6 0.627678 0.185902 0.050921 0.138695
4 0.684924 0.191071 0.053222 0.121936
0 0.286984 0.342653 0.053554 0.135039
10 0.312732 0.402780 0.020330 0.033866
0 0.341587 0.349048 0.051584 0.137210
0 0.397773 0.353567 0.053427 0.136088
2 0.717067 0.383009 0.053818 0.140031
10 0.739207 0.434997 0.019101 0.031677
4 0.773304 0.381391 0.051541 0.117729
5 0.827750 0.388438 0.047876 0.130369
2 0.223263 0.521914 0.053461 0.139360
6 0.277513 0.521717 0.052126 0.133751
10 0.300632 0.577889 0.021179 0.033119
0 0.334684 0.524656 0.052577 0.135879
1 0.613205 0.556983 0.026203 0.122777
1 0.668445 0.562066 0.025095 0.122295
3 0.708168 0.566101 0.048194 0.132776
10 0.730796 0.614035 0.018736 0.030006
8 0.762668 0.567423 0.053183 0.136584
1 0.222998 0.686312 0.024730 0.115176
1 0.261783 0.691212 0.050911 0.136073
8 0.261878 0.693177 0.051714 0.135042
5 0.316179 0.695000 0.050704 0.135404
5 0.370625 0.698542 0.051599 0.137957
2 0.371590 0.697307 0.051549 0.137735
8 0.426910 0.701818 0.054098 0.134564
10 0.448625 0.763384 0.019152 0.030161
1 0.498232 0.711379 0.025641 0.122455
1 0.552472 0.709319 0.026472 0.127311
