4 0.189521 0.148377 0.052289 0.127140
6 0.241808 0.155893 0.049996 0.135357
9 0.298239 0.157295 0.052622 0.141285
4 0.354186 0.159357 0.054097 0.134472
9 0.462417 0.173074 0.053911 0.143379
9 0.517619 0.177049 0.051832 0.138311
7 0.577077 0.173082 0.045624 0.135029
6 0.624582 0.181280 0.050683 0.141328
4 0.680595 0.185682 0.051987 0.123543
0 0.287323 0.343708 0.053126 0.136702
0 0.339903 0.346815 0.052604 0.139989
0 0.397240 0.349505 0.054055 0.135716
2 0.715248 0.381364 0.052228 0.136565
10 0.737970 0.434251 0.019786 0.035008
4 0.771331 0.382246 0.051578 0.120473
5 0.825271 0.387919 0.047728 0.129603
2 0.222464 0.519401 0.051208 0.140896
6 0.276846 0.521647 0.053465 0.134873
10 0.303303 0.575362 0.020450 0.037262
2 0.331819 0.523274 0.049239 0.130650
1 0.611175 0.553379 0.026011 0.122333
1 0.664556 0.562828 0.027361 0.128922
3 0.706326 0.565315 0.048420 0.131951
10 0.731431 0.613931 0.017064 0.030465
6 0.758877 0.563397 0.049722 0.132076
1 0.223617 0.687797 0.024198 0.119567
8 0.261848 0.691673 0.049842 0.132138
1 0.262193 0.691243 0.050057 0.132562
5 0.316300 0.693802 0.049409 0.135430
2 0.369940 0.698013 0.052074 0.135481
5 0.371470 0.697735 0.055110 0.146475
1 0.425934 0.713040 0.052254 0.143766
8 0.426485 0.700892 0.054578 0.138047
1 0.495754 0.707520 0.029247 0.133954
1 0.548406 0.713729 0.026176 0.122594
