3 0.201984 0.157875 0.050116 0.136542
8 0.256435 0.158855 0.054777 0.138172
7 0.315247 0.159869 0.050656 0.133364
3 0.370059 0.168594 0.050592 0.135753
1 0.439077 0.172278 0.024548 0.113333
2 0.481099 0.175650 0.052862 0.134812
10 0.504905 0.229089 0.018728 0.027842
3 0.537506 0.180408 0.050299 0.135099
6 0.589554 0.183489 0.052395 0.137531
9 0.648347 0.188159 0.052169 0.133496
7 0.709700 0.187693 0.039701 0.125513
1 0.710895 0.192600 0.039305 0.125401
0 0.302416 0.351192 0.052862 0.140595
10 0.327976 0.402496 0.019813 0.035103
0 0.359401 0.352165 0.052953 0.134350
0 0.416215 0.353747 0.054796 0.138376
2 0.740182 0.379869 0.049972 0.126300
4 0.797153 0.382839 0.051542 0.114180
5 0.852037 0.388926 0.049606 0.132336
2 0.237919 0.528673 0.055268 0.141435
6 0.294448 0.529433 0.053319 0.138034
10 0.316169 0.591066 0.019890 0.034537
1 0.366279 0.542157 0.025345 0.114070
1 0.637426 0.561161 0.025119 0.113392
1 0.690431 0.562169 0.027505 0.122362
3 0.732702 0.566589 0.050174 0.137585
10 0.757826 0.622724 0.020036 0.031842
9 0.789249 0.570689 0.051025 0.134570
5 0.220192 0.695991 0.049942 0.133008
9 0.278369 0.700023 0.051178 0.130523
8 0.332869 0.709709 0.053677 0.139783
8 0.389017 0.712369 0.053768 0.140270
0 0.446649 0.712436 0.054900 0.135220
10 0.468695 0.771413 0.019593 0.029087
2 0.502756 0.718622 0.051791 0.137100
0 0.559781 0.721997 0.052543 0.133969
