3 0.199060 0.156427 0.049887 0.136151
8 0.253495 0.156209 0.052803 0.138344
7 0.312773 0.160735 0.050981 0.132563
5 0.367098 0.166690 0.049301 0.136534
3 0.367327 0.166824 0.051133 0.138638
5 0.421825 0.172179 0.050138 0.138566
3 0.478276 0.176289 0.050019 0.135773
10 0.500464 0.227058 0.018417 0.028790
6 0.531266 0.180239 0.051127 0.133320
6 0.586080 0.178034 0.055168 0.144096
5 0.588442 0.182696 0.051677 0.138984
9 0.645443 0.186344 0.052544 0.137543
3 0.701496 0.188571 0.043219 0.114089
7 0.703965 0.189493 0.052449 0.135312
9 0.244716 0.347103 0.050617 0.129461
8 0.245463 0.343315 0.052300 0.129440
2 0.300368 0.349646 0.052181 0.140970
10 0.321860 0.399686 0.018476 0.029251
3 0.357250 0.352083 0.048815 0.134300
8 0.412923 0.353904 0.055529 0.143493
2 0.738145 0.375417 0.050934 0.125045
4 0.794503 0.381135 0.051047 0.115801
5 0.849104 0.388548 0.050785 0.130804
2 0.235596 0.528376 0.054802 0.142841
6 0.289346 0.532673 0.050733 0.136226
10 0.315705 0.588193 0.021247 0.036384
5 0.348078 0.528908 0.051726 0.139903
3 0.349906 0.540618 0.050284 0.134934
1 0.634442 0.566333 0.024037 0.119880
1 0.687509 0.562028 0.025986 0.117364
2 0.728924 0.568237 0.048076 0.125523
2 0.785486 0.565668 0.047141 0.131247
3 0.787408 0.569545 0.050771 0.139962
5 0.218319 0.698209 0.049629 0.136150
9 0.276262 0.705340 0.052157 0.137562
7 0.336333 0.704323 0.047008 0.133971
7 0.391145 0.709001 0.045306 0.129502
9 0.443811 0.714062 0.051839 0.135375
10 0.467666 0.773444 0.019775 0.031027
0 0.499429 0.718395 0.053865 0.134756
4 0.556989 0.721069 0.051782 0.122417
