3 0.202232 0.157533 0.049901 0.136822
8 0.256745 0.159359 0.055242 0.140630
7 0.317005 0.160968 0.050435 0.131804
5 0.370075 0.167764 0.050431 0.137656
3 0.370145 0.167696 0.052251 0.139544
7 0.431152 0.171322 0.038546 0.126205
1 0.437841 0.172438 0.025206 0.113347
2 0.480646 0.175434 0.051926 0.134652
10 0.504373 0.229176 0.019069 0.030176
2 0.536404 0.179053 0.052400 0.138477
3 0.537322 0.181113 0.050942 0.137460
6 0.590327 0.183272 0.053141 0.135980
9 0.648309 0.187957 0.051874 0.133924
1 0.715304 0.194230 0.031363 0.122696
0 0.302524 0.350556 0.052618 0.140821
10 0.327841 0.402599 0.020223 0.037848
0 0.359359 0.351596 0.052790 0.134320
0 0.416450 0.352089 0.054750 0.141133
2 0.740654 0.383939 0.051435 0.133987
4 0.797241 0.382586 0.050990 0.112103
5 0.852303 0.388760 0.049183 0.131919
2 0.237994 0.528582 0.054922 0.141203
6 0.292451 0.531419 0.052137 0.137590
10 0.320535 0.588129 0.022915 0.034213
2 0.351168 0.533143 0.051604 0.133143
1 0.637071 0.561248 0.024755 0.107676
1 0.690643 0.563117 0.028063 0.114304
4 0.734364 0.567788 0.048511 0.112816
10 0.753486 0.619134 0.020331 0.029886
0 0.789513 0.568894 0.052901 0.135531
5 0.221054 0.696537 0.049010 0.133210
9 0.278223 0.700011 0.051213 0.131136
8 0.333129 0.709871 0.053306 0.139264
8 0.388813 0.712630 0.053748 0.140184
0 0.446848 0.712349 0.055023 0.135904
10 0.468372 0.771230 0.018899 0.027884
2 0.503027 0.718303 0.051712 0.137762
0 0.559707 0.721846 0.052380 0.133861
