4 0.188670 0.147672 0.049776 0.117285
6 0.242803 0.153609 0.051282 0.131936
8 0.243492 0.155387 0.051123 0.135530
9 0.298350 0.158029 0.052350 0.135966
8 0.299738 0.157285 0.052533 0.137043
9 0.353251 0.161513 0.047020 0.125442
4 0.354605 0.161253 0.053086 0.127547
1 0.423273 0.167001 0.030251 0.124990
9 0.462042 0.173304 0.052223 0.143000
10 0.484731 0.225852 0.018642 0.032533
9 0.517631 0.175227 0.053280 0.140842
8 0.518114 0.176317 0.054854 0.159762
1 0.585692 0.179771 0.031088 0.124512
6 0.620314 0.184081 0.057207 0.146303
4 0.681239 0.186441 0.053596 0.124487
0 0.287332 0.345125 0.051608 0.132610
0 0.340504 0.351327 0.049163 0.127809
0 0.396522 0.349479 0.053248 0.136603
2 0.716103 0.380458 0.051558 0.129661
4 0.771313 0.382285 0.052359 0.119980
5 0.826145 0.389172 0.049181 0.135603
2 0.222764 0.522030 0.051096 0.142257
8 0.275953 0.529991 0.050795 0.134487
6 0.277998 0.523052 0.052993 0.138476
10 0.304790 0.577071 0.021838 0.039928
2 0.332732 0.525383 0.047958 0.128303
1 0.610906 0.552791 0.024274 0.108393
1 0.660505 0.553455 0.036641 0.126106
3 0.704544 0.560221 0.051997 0.136993
10 0.728716 0.612729 0.017749 0.029936
6 0.758383 0.563201 0.050808 0.135704
1 0.225046 0.686691 0.025273 0.113097
8 0.262245 0.693256 0.051929 0.146561
5 0.315746 0.692915 0.049484 0.138471
2 0.370897 0.697213 0.052120 0.140029
8 0.426536 0.701005 0.053654 0.135831
1 0.497210 0.707716 0.028797 0.126097
1 0.549965 0.707869 0.028203 0.116079
