4 0.186482 0.144464 0.049499 0.109741
6 0.240096 0.150793 0.051097 0.130767
9 0.296538 0.154427 0.052564 0.132910
4 0.352788 0.156453 0.052753 0.125301
1 0.419729 0.165051 0.026120 0.120436
9 0.461292 0.168917 0.048696 0.128854
10 0.483605 0.222445 0.019995 0.032191
9 0.518181 0.171792 0.054423 0.136540
1 0.585960 0.177274 0.029173 0.120675
6 0.626350 0.182401 0.050027 0.138809
4 0.683875 0.185196 0.055497 0.127258
0 0.284308 0.344278 0.051898 0.135660
10 0.308383 0.392033 0.020462 0.034269
0 0.339935 0.346378 0.053317 0.138349
0 0.395089 0.350571 0.053912 0.143129
2 0.716217 0.379727 0.054208 0.141525
10 0.739358 0.430430 0.019146 0.032022
4 0.772981 0.379092 0.051336 0.120357
5 0.827439 0.388248 0.050441 0.137726
6 0.220647 0.519760 0.054893 0.141424
2 0.220915 0.517008 0.050793 0.134503
6 0.275733 0.520444 0.052628 0.134399
10 0.298949 0.577141 0.019100 0.030402
5 0.331809 0.527563 0.047838 0.132795
1 0.611663 0.550785 0.026452 0.123162
1 0.666854 0.553172 0.027381 0.120904
4 0.708925 0.558348 0.051048 0.121077
1 0.776577 0.570038 0.027834 0.127549
1 0.221581 0.688613 0.023796 0.120431
1 0.259440 0.690951 0.052390 0.137433
8 0.259598 0.691989 0.052422 0.134521
5 0.314882 0.694631 0.050749 0.138088
5 0.361356 0.696506 0.069565 0.145404
2 0.369376 0.696799 0.052509 0.136040
8 0.425502 0.699435 0.053928 0.135701
1 0.426814 0.709769 0.056185 0.140674
10 0.449549 0.765334 0.020252 0.033691
1 0.494574 0.712337 0.026634 0.123794
1 0.550301 0.712683 0.026313 0.131613
