3 0.201530 0.154914 0.051390 0.141922
8 0.256796 0.158519 0.054618 0.141769
7 0.316986 0.158548 0.050069 0.134468
3 0.370111 0.167202 0.050464 0.137044
1 0.435665 0.173220 0.030114 0.125756
2 0.478585 0.174682 0.055176 0.138522
10 0.502605 0.231284 0.019302 0.029172
3 0.535646 0.180203 0.051020 0.138258
6 0.588376 0.182253 0.053006 0.141746
9 0.647131 0.187532 0.053523 0.137510
1 0.716813 0.194983 0.024301 0.113918
0 0.301612 0.349901 0.052897 0.138902
10 0.325183 0.401861 0.017601 0.028891
0 0.359134 0.351453 0.053256 0.136316
0 0.415899 0.355306 0.054903 0.140791
2 0.737526 0.382722 0.053549 0.135211
10 0.762945 0.431947 0.020595 0.032503
4 0.795386 0.385079 0.052604 0.119337
5 0.850320 0.390348 0.051012 0.135942
3 0.238148 0.531815 0.048476 0.132221
0 0.293900 0.537116 0.053612 0.135997
10 0.317921 0.589633 0.020075 0.032360
4 0.353324 0.539972 0.053727 0.117456
1 0.635776 0.563599 0.024097 0.117786
1 0.689887 0.564419 0.026481 0.120233
4 0.731458 0.567094 0.049747 0.117259
1 0.732923 0.568438 0.047460 0.123230
10 0.754268 0.624679 0.019437 0.029352
0 0.787697 0.569737 0.053922 0.135960
5 0.220391 0.696780 0.050415 0.135599
9 0.277774 0.700939 0.051376 0.131992
8 0.332936 0.706950 0.053798 0.136586
8 0.389918 0.709014 0.052798 0.135255
0 0.445776 0.714634 0.054076 0.134799
10 0.467380 0.774537 0.019843 0.029315
2 0.501807 0.721407 0.052147 0.136422
0 0.558241 0.724019 0.052326 0.136575
