3 0.202167 0.149561 0.049454 0.130658
8 0.256680 0.153499 0.052453 0.134119
7 0.316581 0.158500 0.051212 0.132769
9 0.369158 0.158542 0.054052 0.140590
5 0.369370 0.161637 0.050245 0.137089
3 0.369659 0.166679 0.052071 0.141217
9 0.424036 0.165203 0.050635 0.133872
9 0.481455 0.171535 0.050500 0.131853
10 0.504690 0.227814 0.017760 0.028711
3 0.537762 0.175984 0.051361 0.137528
9 0.538443 0.173326 0.048821 0.138218
3 0.592507 0.180273 0.050916 0.137245
8 0.646499 0.182398 0.053997 0.133222
8 0.703125 0.186859 0.052977 0.136327
9 0.248192 0.345321 0.052947 0.137160
2 0.305721 0.344188 0.053477 0.133747
1 0.374830 0.352145 0.024180 0.116896
8 0.416897 0.352311 0.052620 0.135375
2 0.741406 0.376534 0.050243 0.131362
4 0.797369 0.379187 0.051600 0.114459
2 0.852384 0.386281 0.047892 0.131629
5 0.852816 0.383664 0.048182 0.126153
2 0.238330 0.524453 0.053805 0.137187
6 0.293501 0.527141 0.053227 0.136197
10 0.316954 0.582179 0.018888 0.029454
6 0.351321 0.528050 0.052194 0.137058
1 0.637189 0.552198 0.025046 0.114564
1 0.691175 0.558409 0.025763 0.118616
2 0.731940 0.563037 0.048145 0.129282
10 0.758480 0.618359 0.018263 0.027445
6 0.787202 0.562479 0.050324 0.133519
5 0.221395 0.693700 0.051870 0.143872
2 0.221417 0.693760 0.051315 0.140875
9 0.278685 0.696454 0.052318 0.128234
6 0.333604 0.704160 0.053264 0.139843
6 0.390432 0.702468 0.052273 0.136327
7 0.452370 0.709636 0.049303 0.132562
10 0.471809 0.768367 0.020422 0.032053
1 0.517432 0.719632 0.025977 0.126189
2 0.560478 0.718349 0.051605 0.133624
