4 0.189873 0.149918 0.052341 0.123922
6 0.243961 0.157211 0.050569 0.134325
8 0.246461 0.155235 0.053561 0.145325
9 0.299653 0.160219 0.051594 0.132701
4 0.355966 0.165186 0.051828 0.123470
1 0.423188 0.173224 0.028674 0.122304
9 0.463502 0.175608 0.050010 0.131082
10 0.484658 0.226786 0.017651 0.028042
9 0.519738 0.176704 0.052387 0.137725
1 0.585551 0.180407 0.029561 0.123293
6 0.622495 0.188018 0.055706 0.143167
4 0.682777 0.189840 0.053240 0.122050
0 0.288509 0.346905 0.053203 0.133904
10 0.313069 0.401784 0.018882 0.033244
0 0.343266 0.352357 0.051112 0.136122
0 0.398975 0.352953 0.053277 0.135178
2 0.716932 0.385144 0.053061 0.135542
10 0.738335 0.437251 0.018584 0.033369
4 0.772479 0.386609 0.051980 0.115357
5 0.827111 0.393363 0.050580 0.134877
2 0.224536 0.523478 0.053168 0.140395
10 0.283652 0.524645 0.043965 0.126582
7 0.284765 0.522193 0.048996 0.135268
10 0.304097 0.578828 0.020165 0.033697
2 0.335353 0.525764 0.049729 0.130863
1 0.613832 0.556544 0.025141 0.117266
4 0.666747 0.561456 0.027142 0.100076
1 0.667498 0.561535 0.025147 0.116563
4 0.708144 0.563933 0.052023 0.114091
1 0.776493 0.568909 0.026578 0.116495
1 0.224295 0.688789 0.024689 0.114265
8 0.263724 0.694234 0.050484 0.135006
5 0.318810 0.695749 0.050152 0.136815
2 0.372109 0.699961 0.052072 0.140140
5 0.373281 0.700050 0.052465 0.143029
1 0.427485 0.714945 0.054322 0.143432
8 0.427804 0.704554 0.054689 0.135916
10 0.446500 0.757688 0.018313 0.030783
1 0.496708 0.710000 0.028017 0.129976
1 0.552185 0.715224 0.026055 0.126906
