3 0.202584 0.159047 0.047848 0.132355
8 0.255998 0.160176 0.052217 0.137768
7 0.314852 0.159567 0.049862 0.132375
3 0.368644 0.166396 0.053457 0.143297
7 0.428139 0.167466 0.038633 0.122074
2 0.477947 0.176663 0.055422 0.137800
10 0.505862 0.232068 0.019206 0.029035
3 0.535206 0.178186 0.053777 0.146214
5 0.535225 0.179179 0.051238 0.138653
9 0.535853 0.175698 0.050351 0.148028
6 0.588927 0.180357 0.055232 0.152035
9 0.645543 0.187576 0.053171 0.139448
7 0.714848 0.197558 0.029867 0.103090
0 0.301645 0.348331 0.050993 0.135960
10 0.323304 0.401404 0.021337 0.028665
0 0.358611 0.351404 0.054020 0.138107
0 0.415716 0.355268 0.054317 0.138173
2 0.737759 0.380479 0.051684 0.129532
4 0.794724 0.382796 0.051072 0.115938
5 0.850152 0.389585 0.050301 0.134724
2 0.236765 0.529204 0.057214 0.142753
7 0.299673 0.529459 0.048761 0.138149
5 0.351270 0.533548 0.048174 0.133148
1 0.635960 0.560949 0.026040 0.116083
1 0.689267 0.565193 0.026300 0.121724
4 0.730361 0.567738 0.048558 0.119981
1 0.731680 0.567989 0.047971 0.123119
0 0.731704 0.568610 0.051195 0.123272
10 0.757005 0.620471 0.019680 0.030396
0 0.787212 0.568343 0.054921 0.138176
5 0.220596 0.696811 0.049792 0.141622
2 0.222293 0.698213 0.048089 0.143329
8 0.277768 0.703358 0.052431 0.137164
9 0.277874 0.700957 0.052597 0.138249
8 0.332915 0.705573 0.053612 0.137985
8 0.389858 0.708114 0.053062 0.136947
0 0.445303 0.713083 0.053996 0.134340
10 0.466619 0.770357 0.021581 0.037216
2 0.501382 0.719619 0.053273 0.137430
0 0.558872 0.722477 0.052710 0.133342
