4 0.185406 0.146700 0.052936 0.119482
6 0.239462 0.151963 0.052707 0.134528
9 0.295388 0.157670 0.051591 0.131446
4 0.352001 0.157577 0.052877 0.123498
1 0.420072 0.167357 0.025028 0.118219
1 0.459983 0.170533 0.050265 0.136784
9 0.460550 0.170330 0.049230 0.130282
10 0.483155 0.229518 0.017944 0.028762
9 0.517433 0.173263 0.052075 0.136764
1 0.586348 0.179809 0.025751 0.116129
6 0.625707 0.183290 0.049303 0.136961
4 0.683441 0.186830 0.053356 0.120670
0 0.283646 0.343751 0.051356 0.133724
10 0.307701 0.394884 0.020597 0.032618
0 0.338593 0.346500 0.052336 0.139541
0 0.395045 0.352681 0.052881 0.140124
2 0.715109 0.380656 0.054182 0.140884
10 0.737505 0.433692 0.019294 0.031131
4 0.772688 0.380216 0.051247 0.119377
5 0.826024 0.388302 0.049288 0.134489
2 0.219530 0.519022 0.052152 0.134497
6 0.274594 0.521921 0.053554 0.135466
10 0.297727 0.576541 0.018901 0.031618
4 0.332733 0.526987 0.052960 0.121095
1 0.612097 0.552854 0.026227 0.122308
1 0.666268 0.561741 0.024925 0.126299
2 0.706219 0.558914 0.049833 0.128891
10 0.729031 0.615573 0.019276 0.029617
8 0.760470 0.565821 0.053597 0.140128
1 0.220321 0.688275 0.023733 0.117126
1 0.257959 0.691950 0.052914 0.139052
8 0.258522 0.692490 0.052077 0.132410
5 0.313336 0.696177 0.049873 0.135402
2 0.368239 0.697765 0.052525 0.138288
1 0.424636 0.711434 0.053928 0.143192
8 0.424752 0.700930 0.053729 0.135370
10 0.446733 0.765082 0.020212 0.031417
1 0.493731 0.713291 0.026271 0.125427
1 0.550317 0.714847 0.026801 0.129835
