3 0.202733 0.157880 0.050705 0.132451
8 0.256783 0.159460 0.055193 0.140104
7 0.316849 0.161475 0.050283 0.130127
3 0.369957 0.168909 0.051362 0.137783
1 0.436652 0.171235 0.025910 0.110875
2 0.481455 0.175905 0.051794 0.134001
10 0.505331 0.228988 0.019070 0.029581
2 0.535656 0.178346 0.053376 0.138861
5 0.535976 0.177930 0.050894 0.132839
3 0.537236 0.181322 0.050898 0.135898
6 0.589882 0.183575 0.053140 0.140961
9 0.648929 0.189218 0.051469 0.133518
1 0.713083 0.193195 0.035532 0.126566
0 0.302436 0.350333 0.052833 0.140751
10 0.327434 0.402538 0.020113 0.036335
0 0.359315 0.351392 0.052848 0.133756
0 0.415931 0.352813 0.054040 0.137011
2 0.740729 0.383804 0.051731 0.133219
4 0.797580 0.383447 0.049858 0.111244
5 0.852240 0.389425 0.049585 0.132647
1 0.637280 0.560996 0.025320 0.111905
1 0.689276 0.561351 0.028229 0.118141
4 0.734624 0.439371 0.052013 0.254595
4 0.734631 0.565649 0.050308 0.116172
10 0.754800 0.622005 0.020231 0.030647
1 0.804665 0.573582 0.025372 0.116765
2 0.238094 0.528420 0.054747 0.140489
6 0.292250 0.532237 0.051196 0.137465
10 0.318181 0.585955 0.019698 0.029999
8 0.352149 0.532019 0.052809 0.136717
5 0.220681 0.696079 0.049722 0.133307
9 0.278387 0.700215 0.051258 0.131015
8 0.333061 0.710326 0.053351 0.138960
8 0.389015 0.712829 0.053801 0.140987
0 0.446689 0.713186 0.055025 0.135567
10 0.468634 0.771590 0.019194 0.028800
2 0.502989 0.718776 0.052257 0.137349
0 0.560356 0.725630 0.055366 0.142510
