4 0.185407 0.150181 0.049608 0.114863
6 0.238917 0.155683 0.050704 0.135071
9 0.294963 0.159779 0.050977 0.130479
4 0.351477 0.163750 0.051609 0.119133
1 0.419015 0.172155 0.024782 0.114946
9 0.461317 0.174622 0.050394 0.134284
10 0.483302 0.228071 0.018589 0.028115
9 0.516803 0.180125 0.052696 0.133181
1 0.585817 0.184354 0.025841 0.121305
6 0.625282 0.187907 0.050146 0.135714
4 0.682771 0.190739 0.052794 0.120766
0 0.283731 0.347432 0.052040 0.136131
10 0.310190 0.403444 0.019911 0.031496
0 0.339369 0.352715 0.052361 0.137355
0 0.395754 0.357187 0.053236 0.137545
2 0.715615 0.383908 0.053959 0.141178
10 0.741124 0.438066 0.018862 0.031029
4 0.772804 0.386062 0.051075 0.117983
5 0.826973 0.390461 0.048115 0.133258
2 0.219929 0.523425 0.053114 0.137070
2 0.276267 0.529582 0.049325 0.140044
5 0.276327 0.525937 0.051612 0.135023
10 0.297855 0.585357 0.018808 0.029987
7 0.335230 0.531719 0.044180 0.127588
1 0.611929 0.559566 0.025802 0.124085
1 0.666383 0.564887 0.025236 0.124655
3 0.707714 0.567436 0.050603 0.135787
10 0.729733 0.623325 0.020309 0.031924
1 0.776690 0.572211 0.026654 0.118845
1 0.220200 0.693858 0.024671 0.114431
1 0.257743 0.695226 0.053036 0.138560
8 0.258059 0.697019 0.050830 0.134494
5 0.312568 0.698901 0.050305 0.135481
2 0.368045 0.704019 0.052896 0.140793
8 0.424035 0.711435 0.054702 0.140629
1 0.425553 0.716782 0.056252 0.143515
10 0.446777 0.769451 0.019559 0.030424
1 0.494284 0.720976 0.026569 0.125750
1 0.550101 0.722910 0.027909 0.135604
