3 0.202220 0.157573 0.049799 0.135361
8 0.256859 0.158833 0.054901 0.139618
7 0.316730 0.159275 0.049792 0.133691
3 0.370217 0.169113 0.051381 0.137933
3 0.427731 0.169095 0.044583 0.124383
7 0.428632 0.169906 0.046105 0.129322
1 0.437482 0.172123 0.025443 0.111668
2 0.480993 0.175375 0.052406 0.136518
10 0.505292 0.229439 0.019456 0.029794
3 0.537359 0.180546 0.051064 0.136932
6 0.589687 0.183638 0.053556 0.142162
9 0.648488 0.187915 0.052041 0.134036
1 0.709381 0.188342 0.034629 0.122985
0 0.303284 0.348813 0.050460 0.135218
10 0.328175 0.401932 0.020259 0.037610
0 0.359321 0.350944 0.052934 0.134158
0 0.416181 0.352857 0.054588 0.138541
2 0.740787 0.384157 0.053226 0.138638
4 0.797265 0.383976 0.050469 0.112494
5 0.852563 0.389777 0.049599 0.132869
1 0.638033 0.561628 0.025880 0.114928
1 0.689786 0.562579 0.028531 0.121481
4 0.733964 0.565505 0.051098 0.117759
4 0.734392 0.439894 0.052590 0.256136
10 0.756086 0.623310 0.020926 0.031668
1 0.804058 0.573042 0.025555 0.116598
2 0.237583 0.529214 0.055133 0.140838
6 0.292576 0.531793 0.051834 0.136734
10 0.319197 0.586009 0.019253 0.029500
5 0.352195 0.532963 0.049866 0.135881
5 0.220480 0.696240 0.049656 0.133365
9 0.278500 0.699952 0.050768 0.130670
8 0.333226 0.710579 0.053219 0.138958
8 0.388709 0.713056 0.053826 0.140457
0 0.446693 0.712668 0.054907 0.134895
10 0.468800 0.771310 0.019350 0.029452
2 0.502920 0.718808 0.051948 0.137479
0 0.560064 0.722132 0.052992 0.134951
