4 0.186789 0.146306 0.052472 0.117213
6 0.239958 0.151935 0.051284 0.131713
9 0.296480 0.156607 0.052349 0.131835
4 0.353158 0.157022 0.052150 0.123062
1 0.420686 0.164909 0.025527 0.120468
9 0.461003 0.168202 0.048826 0.130786
10 0.484275 0.222893 0.016942 0.026524
9 0.518148 0.172049 0.052554 0.138342
1 0.586892 0.179078 0.025688 0.116698
6 0.626699 0.182987 0.049923 0.137283
4 0.683490 0.185621 0.054042 0.123805
0 0.284951 0.339390 0.052926 0.131743
10 0.309422 0.397818 0.017981 0.027092
0 0.341103 0.343302 0.051649 0.135496
0 0.395648 0.351619 0.052824 0.141345
2 0.716163 0.379739 0.051802 0.137591
10 0.739564 0.431067 0.018884 0.031783
4 0.773085 0.379173 0.051061 0.120941
5 0.827922 0.386900 0.047895 0.130730
2 0.220306 0.518180 0.052180 0.140967
6 0.276770 0.520920 0.053639 0.131556
10 0.298767 0.576970 0.021313 0.032117
1 0.348187 0.529961 0.025837 0.120433
1 0.612774 0.554219 0.025387 0.123362
1 0.666644 0.552764 0.027587 0.123841
4 0.669135 0.560140 0.038113 0.116918
4 0.708377 0.557377 0.050046 0.117847
10 0.733166 0.618943 0.020386 0.030531
1 0.776695 0.569253 0.027471 0.126811
1 0.221284 0.687376 0.023659 0.117717
1 0.258911 0.690382 0.052349 0.139034
8 0.259484 0.691446 0.052408 0.135035
5 0.314498 0.694195 0.050321 0.137832
2 0.369177 0.696910 0.052759 0.135329
8 0.425462 0.698905 0.054019 0.136214
1 0.426550 0.710055 0.056318 0.142617
10 0.447046 0.763340 0.020193 0.031033
1 0.495144 0.713317 0.026884 0.128728
1 0.551162 0.710673 0.026700 0.130719
