4 0.188770 0.148128 0.050139 0.122145
6 0.242823 0.158097 0.050919 0.129080
9 0.298116 0.162278 0.053284 0.136937
8 0.299178 0.160701 0.052251 0.135904
4 0.354054 0.166143 0.051780 0.129010
9 0.356590 0.164839 0.048998 0.121501
7 0.423405 0.172050 0.034603 0.127954
9 0.462249 0.177298 0.051117 0.135300
8 0.463851 0.177496 0.053666 0.148922
10 0.485487 0.231963 0.018534 0.027909
9 0.519066 0.178805 0.053316 0.139551
1 0.582930 0.184313 0.032453 0.120700
6 0.621164 0.190472 0.055957 0.144321
4 0.681245 0.190899 0.054106 0.126220
0 0.287616 0.347597 0.052503 0.134633
0 0.342068 0.351303 0.054084 0.136911
0 0.397345 0.353864 0.053805 0.135389
2 0.716858 0.383110 0.052814 0.134114
10 0.740417 0.434430 0.017608 0.033666
4 0.771668 0.387461 0.053222 0.119834
5 0.826132 0.392349 0.049507 0.134193
2 0.222079 0.525681 0.051230 0.141131
6 0.277266 0.525950 0.053020 0.139481
10 0.301526 0.582014 0.020111 0.033097
2 0.331842 0.526062 0.050816 0.132220
1 0.610132 0.548619 0.028163 0.122182
1 0.663986 0.566019 0.029220 0.123543
3 0.705780 0.565135 0.051161 0.135437
10 0.728387 0.617421 0.016861 0.028422
6 0.759434 0.567021 0.050628 0.133139
1 0.223586 0.691523 0.023728 0.114707
8 0.260957 0.695460 0.051846 0.136367
5 0.315885 0.697224 0.051100 0.137725
2 0.370086 0.700996 0.052007 0.139410
8 0.426360 0.705263 0.055205 0.139288
1 0.494599 0.706914 0.027988 0.118383
1 0.549786 0.720882 0.024703 0.123829
