3 0.202433 0.157808 0.049272 0.136066
8 0.256717 0.159338 0.055227 0.140635
7 0.315759 0.159984 0.050416 0.133122
3 0.370042 0.166621 0.051777 0.138580
7 0.427576 0.168827 0.048265 0.132214
1 0.436994 0.170545 0.025131 0.110065
2 0.480907 0.175267 0.051772 0.136763
10 0.505334 0.229893 0.019634 0.030072
3 0.537146 0.181257 0.051023 0.137253
6 0.590121 0.183747 0.052953 0.135855
9 0.648495 0.188004 0.051606 0.132936
0 0.302393 0.351132 0.052861 0.140418
10 0.328441 0.402911 0.020062 0.036485
0 0.359485 0.351624 0.052792 0.135153
0 0.415945 0.352860 0.054266 0.136982
2 0.740903 0.383516 0.050659 0.131957
4 0.797567 0.383308 0.049560 0.109972
5 0.852256 0.389247 0.049469 0.133051
2 0.238171 0.528687 0.055151 0.142096
6 0.294022 0.529932 0.053604 0.139313
10 0.319022 0.589035 0.020238 0.029191
3 0.353172 0.539626 0.050296 0.132728
5 0.353279 0.530919 0.049675 0.132949
1 0.637569 0.560532 0.024695 0.108329
1 0.689185 0.561401 0.028761 0.118731
4 0.733922 0.567474 0.049075 0.115916
10 0.756809 0.621599 0.019876 0.029511
0 0.789435 0.568649 0.052707 0.135136
5 0.220825 0.696106 0.049444 0.134129
9 0.278243 0.699874 0.050952 0.131087
8 0.333230 0.710148 0.053141 0.138832
8 0.388919 0.712619 0.053626 0.139815
0 0.446844 0.712475 0.054755 0.134710
10 0.468093 0.771386 0.019283 0.029133
2 0.503122 0.718676 0.052100 0.138142
0 0.559853 0.722370 0.052208 0.134002
