3 0.202211 0.157627 0.050945 0.134268
8 0.256817 0.159560 0.055014 0.140418
7 0.316454 0.159504 0.050996 0.132969
10 0.336405 0.222106 0.017706 0.028274
3 0.370309 0.168133 0.051197 0.141502
1 0.439778 0.172656 0.023817 0.115132
2 0.480709 0.176317 0.053494 0.135244
10 0.505472 0.229534 0.018773 0.028164
3 0.537156 0.180783 0.050644 0.135482
6 0.589611 0.183707 0.053003 0.140027
9 0.648410 0.189308 0.050698 0.132694
1 0.716503 0.192140 0.027557 0.106290
0 0.303408 0.348872 0.050206 0.133896
10 0.327978 0.402961 0.019423 0.034706
0 0.359289 0.351622 0.053056 0.134062
0 0.416471 0.353550 0.055058 0.138080
2 0.740003 0.380651 0.050751 0.127804
4 0.797212 0.383431 0.051692 0.115109
5 0.852021 0.389284 0.049526 0.131789
2 0.238424 0.529128 0.056822 0.140628
7 0.299589 0.528345 0.048943 0.135700
2 0.352565 0.538996 0.050873 0.131371
1 0.637130 0.563389 0.025705 0.123493
1 0.690501 0.562904 0.026901 0.118398
4 0.734630 0.565610 0.050916 0.117305
10 0.755735 0.623360 0.020519 0.030909
1 0.804147 0.572519 0.025701 0.118676
5 0.220492 0.696100 0.050298 0.135824
9 0.278504 0.700419 0.051810 0.131865
8 0.332929 0.710365 0.053037 0.138969
8 0.388961 0.712840 0.053692 0.139914
0 0.390809 0.715394 0.056469 0.143624
0 0.446694 0.713058 0.054745 0.136004
10 0.469144 0.771231 0.018898 0.029053
2 0.503303 0.719156 0.051378 0.135699
0 0.559672 0.726277 0.053672 0.140870
