4 0.187010 0.146031 0.053311 0.121967
6 0.240124 0.151171 0.051251 0.132141
9 0.296780 0.154958 0.052746 0.131303
4 0.352584 0.158926 0.051848 0.118564
1 0.420865 0.165414 0.025425 0.119744
9 0.461083 0.168064 0.049470 0.132362
10 0.484386 0.222534 0.017080 0.026015
9 0.518328 0.172618 0.054051 0.136304
1 0.585903 0.178815 0.026775 0.120775
6 0.626633 0.182653 0.049755 0.137445
4 0.684236 0.185232 0.054661 0.126964
0 0.284338 0.342290 0.051986 0.136339
10 0.308443 0.392672 0.020254 0.032236
0 0.339821 0.346583 0.052619 0.137612
0 0.395810 0.350296 0.053646 0.140900
2 0.715579 0.379254 0.052563 0.138356
10 0.738451 0.432212 0.019239 0.032458
4 0.773309 0.378466 0.051061 0.120987
5 0.827269 0.387026 0.049998 0.137227
2 0.220290 0.517594 0.052916 0.143132
6 0.221393 0.520703 0.055288 0.141906
5 0.276555 0.520746 0.049153 0.132891
10 0.299049 0.576022 0.018370 0.031864
9 0.332618 0.528716 0.051560 0.134453
1 0.612302 0.554929 0.025881 0.124381
1 0.666712 0.561484 0.026178 0.130698
3 0.708229 0.564954 0.049423 0.135468
10 0.729134 0.618218 0.018511 0.029557
9 0.763097 0.566231 0.051342 0.133596
1 0.221899 0.686582 0.023768 0.112162
1 0.259144 0.690154 0.051895 0.136345
8 0.259464 0.691571 0.052229 0.133893
5 0.314436 0.694937 0.050644 0.137729
2 0.369505 0.696543 0.052392 0.134851
8 0.425438 0.698623 0.053863 0.135484
1 0.426068 0.709231 0.055272 0.142321
10 0.447490 0.762421 0.020301 0.031219
1 0.495584 0.711965 0.026384 0.127442
1 0.551201 0.709947 0.026544 0.129153
