4 0.182879 0.148396 0.051570 0.118188
6 0.236723 0.154298 0.052744 0.137542
9 0.293435 0.159820 0.051624 0.133825
4 0.349129 0.159540 0.053549 0.122062
1 0.418117 0.169463 0.025109 0.117147
9 0.459004 0.172484 0.048718 0.128261
10 0.481310 0.231662 0.018426 0.029123
9 0.515378 0.178024 0.052997 0.131044
1 0.583815 0.181177 0.027331 0.119716
6 0.624326 0.186186 0.050361 0.135897
4 0.682585 0.190804 0.053409 0.117763
0 0.281851 0.343612 0.052798 0.133860
10 0.306272 0.396903 0.021258 0.033106
0 0.337873 0.350103 0.052320 0.137642
0 0.394260 0.354562 0.052806 0.135219
2 0.714683 0.382382 0.054055 0.141589
10 0.736081 0.434821 0.018972 0.031636
4 0.772172 0.382957 0.051274 0.117495
5 0.826317 0.389316 0.047857 0.129638
2 0.217485 0.521923 0.053072 0.132564
5 0.272879 0.523266 0.050229 0.135359
10 0.296297 0.582438 0.018555 0.028978
6 0.327705 0.527082 0.050130 0.132296
1 0.611324 0.556299 0.026317 0.121073
1 0.664402 0.562646 0.025515 0.126097
2 0.706714 0.561919 0.052557 0.134020
10 0.730162 0.611126 0.019551 0.028391
7 0.765811 0.568187 0.046745 0.124964
1 0.217607 0.691356 0.024441 0.118107
9 0.255397 0.692805 0.048310 0.128860
8 0.255761 0.693843 0.051693 0.135197
5 0.310915 0.696899 0.050443 0.134307
2 0.366000 0.707065 0.053178 0.135875
8 0.422954 0.702936 0.054087 0.136583
1 0.423614 0.714801 0.055813 0.143407
10 0.446499 0.761583 0.021363 0.034019
1 0.493467 0.717963 0.026992 0.127162
1 0.548953 0.721139 0.027460 0.132180
