3 0.202302 0.157969 0.049618 0.136262
8 0.256761 0.159368 0.054845 0.138439
7 0.315705 0.160483 0.050735 0.133496
3 0.370111 0.167561 0.051778 0.138349
1 0.438409 0.172415 0.024729 0.112055
2 0.481097 0.175483 0.052412 0.133793
10 0.504647 0.230856 0.019331 0.029760
2 0.536200 0.178896 0.053715 0.140383
3 0.537003 0.181899 0.049428 0.136600
6 0.589671 0.183921 0.052867 0.140336
9 0.648483 0.188372 0.052106 0.134478
0 0.302431 0.351349 0.053106 0.141399
10 0.322671 0.401994 0.020317 0.026748
0 0.359267 0.351307 0.053062 0.134519
0 0.416124 0.352881 0.054069 0.137125
2 0.740982 0.379626 0.049534 0.123856
4 0.797143 0.383777 0.051375 0.114174
5 0.852199 0.389959 0.049585 0.133513
1 0.637336 0.560950 0.025276 0.109315
1 0.689212 0.560586 0.028906 0.116264
4 0.734418 0.438882 0.051516 0.253599
4 0.734586 0.566104 0.049260 0.114591
10 0.757713 0.621389 0.020191 0.031384
1 0.803521 0.570154 0.025534 0.111472
2 0.238283 0.529252 0.054865 0.141145
6 0.293602 0.531080 0.053363 0.136494
10 0.318869 0.585779 0.018920 0.029911
9 0.353220 0.532459 0.051931 0.136703
5 0.220876 0.696936 0.049214 0.133948
9 0.278250 0.700490 0.051195 0.131646
8 0.333107 0.710490 0.053322 0.139830
8 0.388997 0.713075 0.053864 0.141490
0 0.446681 0.713171 0.055147 0.136047
10 0.468088 0.771992 0.018894 0.028265
2 0.503149 0.719060 0.052366 0.137244
0 0.560452 0.725646 0.055201 0.142698
