3 0.204841 0.156675 0.050514 0.134059
8 0.259219 0.158138 0.055543 0.141100
7 0.317468 0.158789 0.050281 0.134748
3 0.371374 0.166694 0.052511 0.139059
7 0.430243 0.170538 0.043829 0.124593
1 0.438193 0.170810 0.026855 0.117144
2 0.483491 0.175708 0.051889 0.136669
10 0.506489 0.229297 0.019364 0.029601
3 0.538400 0.179706 0.051435 0.140240
6 0.591251 0.182852 0.053605 0.142083
9 0.649479 0.187775 0.051066 0.132219
7 0.706176 0.188398 0.045611 0.134943
1 0.713008 0.193605 0.037057 0.124053
0 0.305320 0.349140 0.050666 0.133103
10 0.329514 0.404254 0.019202 0.030842
0 0.361417 0.351630 0.051717 0.132256
0 0.418182 0.351265 0.053242 0.137888
2 0.741396 0.383952 0.051744 0.133850
4 0.798333 0.383780 0.050171 0.111632
5 0.852767 0.389213 0.049146 0.133751
1 0.638326 0.562179 0.026148 0.111962
1 0.691118 0.563009 0.030083 0.115637
4 0.735404 0.429871 0.053721 0.235838
4 0.735756 0.566378 0.050371 0.115991
10 0.757637 0.621791 0.020607 0.031400
1 0.804858 0.571979 0.026013 0.119744
2 0.240784 0.529172 0.056246 0.139331
7 0.303440 0.524831 0.046224 0.127781
1 0.368901 0.542979 0.025557 0.122331
5 0.223566 0.697722 0.048413 0.133127
9 0.280886 0.700642 0.052828 0.134012
8 0.335499 0.704903 0.053841 0.137452
8 0.392264 0.708395 0.053864 0.136685
0 0.448509 0.713893 0.055314 0.137955
10 0.472044 0.774168 0.019098 0.029336
2 0.504853 0.719451 0.051118 0.137583
0 0.561716 0.726701 0.055772 0.142974
