3 0.205006 0.157645 0.049982 0.131406
8 0.259159 0.159709 0.055227 0.139998
7 0.318713 0.159591 0.049817 0.134558
3 0.371853 0.168764 0.052947 0.139761
7 0.433033 0.172456 0.039505 0.128101
1 0.437331 0.171155 0.027403 0.113235
2 0.483308 0.177974 0.051845 0.138599
10 0.505223 0.230476 0.019111 0.027729
3 0.539052 0.179360 0.050906 0.140256
6 0.591743 0.183914 0.052340 0.138326
9 0.649377 0.189771 0.051304 0.134263
7 0.707582 0.189676 0.045587 0.135076
0 0.305842 0.349709 0.050788 0.132994
10 0.330039 0.403652 0.019512 0.032315
0 0.361639 0.351849 0.052022 0.132033
0 0.417951 0.353220 0.054363 0.136817
2 0.740588 0.380582 0.051102 0.127930
4 0.798452 0.383986 0.050746 0.110940
5 0.853281 0.390010 0.049680 0.133889
2 0.241065 0.529143 0.055987 0.138947
7 0.301133 0.528720 0.049532 0.136758
10 0.321603 0.587042 0.018820 0.032356
4 0.355187 0.538622 0.053412 0.118156
1 0.638879 0.560537 0.026702 0.114145
1 0.690141 0.561090 0.030043 0.118306
4 0.735593 0.566855 0.051138 0.116420
10 0.757477 0.622641 0.020952 0.031228
1 0.804288 0.572208 0.026012 0.119190
5 0.224042 0.697429 0.048263 0.133143
8 0.280869 0.706475 0.052443 0.135860
9 0.280906 0.700036 0.052762 0.133880
8 0.335649 0.704412 0.053797 0.137046
8 0.391003 0.713797 0.053811 0.139202
0 0.448214 0.713293 0.054777 0.136158
10 0.474024 0.768343 0.018834 0.028793
2 0.504757 0.718439 0.051292 0.136759
0 0.561952 0.724931 0.054704 0.140132
