3 0.202226 0.157569 0.050164 0.136236
8 0.256846 0.159682 0.055104 0.140346
7 0.315559 0.160134 0.050614 0.133839
3 0.370335 0.169181 0.051462 0.139147
1 0.438410 0.172415 0.025092 0.114404
2 0.481407 0.175965 0.051644 0.134176
10 0.503925 0.229772 0.018719 0.028782
3 0.537167 0.181088 0.050662 0.135530
6 0.589922 0.183903 0.052963 0.140228
9 0.648508 0.188751 0.051672 0.134322
0 0.302106 0.351413 0.053446 0.142314
10 0.327669 0.402320 0.020470 0.039198
0 0.359256 0.351740 0.053100 0.134993
0 0.416155 0.352802 0.054547 0.138356
2 0.740862 0.378720 0.049812 0.125019
4 0.797423 0.382568 0.051303 0.113699
5 0.852359 0.388739 0.049325 0.132100
1 0.638301 0.559934 0.025842 0.113037
1 0.689080 0.561660 0.028776 0.119045
4 0.734509 0.438044 0.052163 0.251256
4 0.734849 0.566376 0.050682 0.118093
10 0.757361 0.622316 0.021230 0.032228
1 0.803858 0.572172 0.025709 0.115559
2 0.238124 0.528619 0.054545 0.140474
6 0.292716 0.531478 0.051410 0.136379
10 0.317847 0.585532 0.018600 0.028497
5 0.352071 0.533046 0.050346 0.137216
5 0.220488 0.695969 0.049541 0.133752
9 0.278436 0.700162 0.050863 0.130941
8 0.332945 0.710152 0.053320 0.139131
8 0.388976 0.712763 0.053606 0.140099
0 0.446508 0.712803 0.055039 0.135982
10 0.468526 0.772017 0.019577 0.028918
2 0.503034 0.718819 0.052133 0.137824
0 0.559901 0.722130 0.052773 0.134342
