3 0.202259 0.157119 0.049019 0.135513
8 0.256402 0.159021 0.054729 0.138730
7 0.316355 0.160265 0.050671 0.135308
10 0.336095 0.224077 0.018131 0.028859
3 0.370154 0.168054 0.053461 0.136485
7 0.429774 0.169242 0.043509 0.128518
1 0.438046 0.171596 0.024453 0.110195
2 0.480425 0.175295 0.053546 0.134304
10 0.505126 0.228824 0.018810 0.027260
5 0.536513 0.178464 0.052281 0.139319
3 0.537144 0.180808 0.050516 0.135304
6 0.589478 0.182981 0.052687 0.139140
9 0.648457 0.188176 0.051951 0.135238
7 0.707695 0.187831 0.040392 0.126845
1 0.716504 0.193922 0.028815 0.111890
0 0.302137 0.350318 0.052623 0.140792
10 0.322845 0.402518 0.020349 0.026636
0 0.359418 0.351775 0.053187 0.134930
0 0.416063 0.353042 0.054721 0.138094
2 0.739808 0.379440 0.050801 0.127469
4 0.797509 0.382905 0.049439 0.109126
5 0.852314 0.389008 0.049461 0.132503
1 0.637430 0.561657 0.025536 0.111872
1 0.689814 0.562311 0.027529 0.119335
4 0.734561 0.446340 0.051666 0.272369
4 0.734614 0.565420 0.051330 0.118717
10 0.757906 0.622285 0.021258 0.032245
1 0.804292 0.573208 0.025579 0.117058
2 0.237708 0.528612 0.055374 0.141378
6 0.292452 0.532341 0.051277 0.136687
10 0.318393 0.586196 0.019948 0.030198
6 0.350931 0.532170 0.050889 0.133934
5 0.220313 0.695978 0.049719 0.134632
9 0.278360 0.700147 0.051153 0.131638
8 0.333012 0.710112 0.053007 0.138017
8 0.388855 0.712698 0.053721 0.139915
0 0.446647 0.712753 0.055097 0.135906
10 0.468585 0.771216 0.019008 0.028450
2 0.502833 0.718772 0.051739 0.137158
0 0.559756 0.721938 0.052769 0.134300
