3 0.202154 0.156240 0.050687 0.136510
9 0.202805 0.156076 0.047949 0.129016
8 0.256203 0.157462 0.052592 0.139486
7 0.315410 0.162407 0.051318 0.136754
3 0.369393 0.165900 0.051943 0.134988
1 0.435451 0.170844 0.030874 0.133044
2 0.480316 0.175315 0.050416 0.132942
10 0.503079 0.229383 0.018534 0.029643
3 0.535749 0.179126 0.051128 0.140151
6 0.588580 0.181742 0.053377 0.138423
9 0.646573 0.186449 0.052457 0.138343
1 0.717788 0.193140 0.025783 0.115648
0 0.302394 0.349380 0.054065 0.142507
10 0.324898 0.401264 0.020067 0.027013
0 0.358934 0.351740 0.052721 0.133804
0 0.415751 0.353012 0.055267 0.139150
2 0.739045 0.378379 0.049854 0.124506
4 0.794983 0.381753 0.050672 0.116675
5 0.850541 0.389038 0.050347 0.133606
2 0.237481 0.529032 0.055321 0.142792
6 0.293714 0.531643 0.054074 0.139678
10 0.315742 0.586611 0.018682 0.029886
4 0.351496 0.538448 0.052543 0.112638
1 0.637586 0.559535 0.026471 0.115418
1 0.689569 0.562455 0.027642 0.125441
1 0.730202 0.567676 0.048179 0.137592
3 0.731530 0.569505 0.048690 0.133647
10 0.754894 0.619777 0.016938 0.025974
6 0.785614 0.567907 0.052496 0.137320
5 0.220513 0.697225 0.050514 0.135965
9 0.277890 0.701286 0.051244 0.134262
8 0.332311 0.711908 0.054043 0.141338
8 0.389374 0.708665 0.053342 0.137513
0 0.445739 0.713930 0.054592 0.136389
10 0.469343 0.773151 0.019009 0.031887
2 0.501919 0.720555 0.051239 0.136347
0 0.558392 0.723458 0.053239 0.136136
