3 0.199141 0.154062 0.049362 0.135896
8 0.253576 0.155936 0.052450 0.136693
7 0.312075 0.159636 0.049982 0.135351
3 0.365119 0.167324 0.050167 0.135702
8 0.420401 0.166708 0.053403 0.136963
5 0.477649 0.175315 0.053841 0.139432
7 0.537831 0.182152 0.044211 0.124636
1 0.548223 0.175677 0.028053 0.116904
9 0.588487 0.181553 0.050108 0.130104
5 0.644121 0.187215 0.051053 0.138067
7 0.702302 0.193289 0.053120 0.140341
7 0.248214 0.339907 0.046168 0.130374
7 0.304549 0.342328 0.044852 0.130280
10 0.318288 0.402455 0.019690 0.027258
8 0.356858 0.349561 0.053029 0.136734
4 0.413668 0.357244 0.052008 0.117316
2 0.737205 0.376675 0.052289 0.128883
4 0.794085 0.381590 0.051620 0.118255
5 0.843989 0.385104 0.051786 0.145158
2 0.234721 0.531108 0.051644 0.136093
6 0.289327 0.532842 0.050812 0.137212
10 0.315745 0.588124 0.021571 0.036090
5 0.348671 0.531771 0.048826 0.135249
1 0.635067 0.563275 0.024127 0.121600
1 0.688915 0.563589 0.026593 0.122218
3 0.729651 0.570711 0.050107 0.140012
0 0.730075 0.568483 0.050714 0.136828
10 0.755985 0.621958 0.018790 0.029019
0 0.785514 0.568832 0.055727 0.141245
5 0.217579 0.697633 0.050528 0.135962
9 0.276242 0.705316 0.051999 0.136364
7 0.334771 0.704610 0.046318 0.133463
0 0.387330 0.711954 0.054024 0.139172
1 0.459306 0.719845 0.025011 0.116624
10 0.462047 0.725682 0.028229 0.104016
10 0.466602 0.773805 0.020317 0.031009
7 0.502504 0.720538 0.046885 0.135209
8 0.555707 0.727887 0.053926 0.140533
