3 0.201727 0.156899 0.049183 0.135862
8 0.255796 0.159682 0.054871 0.141325
7 0.316266 0.159513 0.049686 0.137152
3 0.368888 0.165737 0.051528 0.139901
7 0.426753 0.168778 0.047350 0.126868
1 0.431864 0.171448 0.031726 0.110462
2 0.478360 0.175509 0.054166 0.137319
10 0.504960 0.228694 0.018592 0.028271
5 0.534717 0.177804 0.050332 0.137935
3 0.535075 0.178922 0.050662 0.136246
6 0.588594 0.182231 0.052989 0.135173
9 0.646611 0.187367 0.052248 0.138945
1 0.715457 0.193366 0.026975 0.112398
0 0.301456 0.351670 0.051813 0.137960
10 0.326934 0.402610 0.020906 0.037560
0 0.358366 0.351467 0.052771 0.134795
0 0.415187 0.352924 0.054510 0.137974
2 0.737656 0.379626 0.050549 0.126643
4 0.794376 0.382129 0.051182 0.116330
5 0.849456 0.389164 0.050200 0.130250
2 0.237763 0.528713 0.056519 0.139722
7 0.299220 0.525647 0.044768 0.129123
10 0.317576 0.586671 0.015903 0.027602
0 0.351189 0.540364 0.054220 0.135209
1 0.635713 0.563944 0.024394 0.122205
1 0.688612 0.563003 0.025782 0.115110
4 0.732210 0.567003 0.049688 0.116461
10 0.753734 0.623878 0.021223 0.031737
1 0.802060 0.571743 0.025623 0.116946
5 0.219355 0.696555 0.050234 0.134759
9 0.277469 0.700944 0.051636 0.133093
8 0.332773 0.706077 0.053505 0.136425
8 0.389250 0.707505 0.052547 0.135370
0 0.445244 0.714053 0.054468 0.134748
10 0.467087 0.772465 0.019410 0.028822
2 0.501284 0.720773 0.052150 0.135678
0 0.558101 0.723572 0.053057 0.134885
