3 0.202183 0.157249 0.049524 0.135256
8 0.256584 0.159626 0.054631 0.138628
7 0.316639 0.159752 0.049666 0.131563
3 0.370110 0.166614 0.052268 0.133902
7 0.433232 0.170906 0.037441 0.130221
1 0.437236 0.171580 0.025656 0.110503
2 0.480451 0.175944 0.053879 0.135261
10 0.504812 0.229013 0.018665 0.028366
5 0.536298 0.178783 0.052761 0.138988
3 0.537220 0.180891 0.050810 0.135895
6 0.589885 0.183690 0.053350 0.141781
9 0.648958 0.188632 0.052562 0.136529
7 0.710719 0.187508 0.037312 0.126252
1 0.712880 0.192625 0.036969 0.130203
0 0.302409 0.351473 0.052033 0.140416
10 0.327154 0.402648 0.020149 0.036896
0 0.359372 0.351860 0.052995 0.134463
0 0.416217 0.353451 0.054845 0.137850
2 0.740018 0.380392 0.050586 0.127665
4 0.797625 0.383962 0.050651 0.112317
5 0.852255 0.389530 0.049544 0.133497
2 0.238106 0.528724 0.057128 0.140390
7 0.299393 0.527814 0.049160 0.136173
10 0.318552 0.587509 0.016281 0.028148
0 0.352708 0.539692 0.054978 0.133792
1 0.637833 0.561304 0.025604 0.112634
1 0.689950 0.562257 0.027589 0.119857
4 0.734327 0.565869 0.050387 0.116492
10 0.755460 0.622539 0.020421 0.030867
1 0.804094 0.572523 0.025635 0.116573
5 0.220266 0.696197 0.049741 0.132422
9 0.278611 0.700403 0.051801 0.131608
8 0.333664 0.704222 0.053589 0.137812
8 0.388839 0.712758 0.053506 0.139402
0 0.446443 0.713254 0.054812 0.135509
10 0.472729 0.770866 0.020567 0.032433
2 0.503137 0.719153 0.052134 0.135900
0 0.560104 0.722284 0.052477 0.133200
