4 0.187035 0.145878 0.053964 0.121589
6 0.240423 0.151428 0.051282 0.138437
9 0.296501 0.156318 0.052266 0.131121
4 0.353279 0.155361 0.051923 0.121080
1 0.420835 0.166215 0.025464 0.120257
1 0.460724 0.169656 0.050432 0.137053
9 0.460922 0.168029 0.050106 0.133940
10 0.483077 0.226889 0.017636 0.029281
9 0.518367 0.171842 0.051833 0.137027
1 0.587360 0.177890 0.025812 0.117926
6 0.626504 0.183291 0.049554 0.137022
4 0.683932 0.186304 0.053960 0.119427
0 0.284496 0.342998 0.052329 0.136683
10 0.308487 0.393652 0.020127 0.032041
0 0.339974 0.346116 0.052364 0.136971
0 0.396421 0.349133 0.052560 0.132236
2 0.715708 0.379390 0.052652 0.139324
10 0.738077 0.431972 0.019871 0.032279
4 0.773445 0.378488 0.051232 0.120268
5 0.827400 0.387058 0.049121 0.133695
2 0.220149 0.517779 0.052735 0.141220
5 0.276467 0.520832 0.049480 0.133051
10 0.299534 0.576475 0.018585 0.032138
9 0.332782 0.528704 0.051855 0.134698
1 0.612298 0.554971 0.025448 0.122488
1 0.666609 0.560178 0.025203 0.125093
4 0.707548 0.557425 0.049094 0.118584
10 0.729304 0.617549 0.019050 0.029636
0 0.762019 0.566702 0.053336 0.137888
1 0.221524 0.687578 0.023923 0.118205
1 0.259535 0.690605 0.052193 0.137872
8 0.259735 0.691649 0.052297 0.134966
5 0.314431 0.695223 0.050295 0.137465
2 0.369491 0.696700 0.052744 0.135456
8 0.425508 0.698958 0.053871 0.135295
1 0.425622 0.709054 0.053391 0.141909
10 0.446955 0.762833 0.019756 0.031165
1 0.496528 0.711259 0.025914 0.125018
1 0.551278 0.710772 0.026894 0.129492
