4 0.186344 0.149148 0.051065 0.120808
6 0.239542 0.153320 0.051870 0.133622
9 0.295506 0.158411 0.051240 0.130505
4 0.351654 0.159275 0.052154 0.122005
1 0.419032 0.170595 0.025365 0.118246
9 0.460570 0.171579 0.049356 0.133580
10 0.479991 0.231499 0.018763 0.031376
9 0.516345 0.174351 0.051897 0.136047
1 0.580903 0.180079 0.029847 0.125808
6 0.624461 0.185387 0.050199 0.134175
4 0.681762 0.187434 0.052173 0.121183
0 0.283842 0.341789 0.052539 0.133091
10 0.307264 0.395013 0.020520 0.032877
0 0.338622 0.348430 0.052311 0.138681
0 0.394735 0.353914 0.053444 0.139616
2 0.713704 0.381686 0.053805 0.141164
10 0.736148 0.434168 0.019096 0.032291
4 0.770961 0.381533 0.051018 0.118778
5 0.824710 0.387671 0.047755 0.129491
2 0.219749 0.519954 0.052046 0.134677
6 0.273713 0.521703 0.051868 0.134942
10 0.298171 0.576860 0.019483 0.030248
8 0.331134 0.529465 0.053062 0.136636
1 0.611043 0.554058 0.026168 0.121112
1 0.663463 0.562486 0.025505 0.122674
4 0.706811 0.563866 0.049759 0.115800
10 0.731326 0.618295 0.021393 0.031643
1 0.775394 0.571079 0.026645 0.125572
1 0.220632 0.689237 0.023844 0.119368
1 0.257705 0.692610 0.052764 0.138540
8 0.258510 0.693462 0.052116 0.133331
5 0.313042 0.696391 0.049783 0.135354
2 0.367737 0.698383 0.053119 0.136294
8 0.423851 0.707196 0.054656 0.139301
1 0.424291 0.712118 0.053690 0.144171
10 0.446582 0.763100 0.019722 0.030749
1 0.492894 0.713364 0.026057 0.124411
1 0.549065 0.714229 0.026456 0.127208
