4 0.189371 0.148841 0.051374 0.121473
6 0.242372 0.155070 0.050788 0.129288
8 0.245416 0.154338 0.052244 0.136320
9 0.299411 0.159237 0.052065 0.133127
9 0.355541 0.161811 0.049959 0.132442
4 0.356013 0.162850 0.052338 0.126340
7 0.416649 0.166323 0.037565 0.130105
1 0.419455 0.167701 0.031991 0.135422
9 0.462046 0.175389 0.050413 0.134052
9 0.519453 0.177497 0.053526 0.145288
8 0.519788 0.179063 0.050560 0.129430
1 0.587801 0.181512 0.029320 0.116845
6 0.621321 0.187786 0.056682 0.146414
4 0.680600 0.186465 0.055132 0.131071
0 0.288511 0.344951 0.052662 0.134112
0 0.342010 0.348065 0.053547 0.133974
0 0.398028 0.352163 0.055938 0.137441
2 0.714492 0.382443 0.051782 0.129151
10 0.740533 0.436181 0.018811 0.033668
4 0.771556 0.385011 0.051680 0.118965
5 0.825956 0.389635 0.049124 0.134688
3 0.224420 0.522086 0.051889 0.137895
0 0.280338 0.524038 0.055800 0.134078
10 0.301217 0.578486 0.020605 0.036153
1 0.346504 0.528057 0.029528 0.122259
1 0.613111 0.553884 0.025000 0.112666
1 0.665316 0.557205 0.026927 0.114125
4 0.705854 0.561728 0.052178 0.111887
1 0.774931 0.566428 0.025769 0.103322
1 0.224268 0.687731 0.024381 0.109067
8 0.262624 0.692794 0.049552 0.132448
5 0.316694 0.694016 0.049162 0.131976
5 0.369302 0.699014 0.055493 0.138928
2 0.372088 0.697482 0.052674 0.135385
8 0.427472 0.702745 0.053820 0.134182
1 0.496436 0.707189 0.027977 0.124428
1 0.550064 0.714640 0.024322 0.113131
