3 0.201738 0.158022 0.050292 0.136240
8 0.256911 0.159482 0.055222 0.139978
7 0.317083 0.160123 0.049417 0.132829
3 0.370379 0.167121 0.051540 0.137873
3 0.426986 0.169147 0.044935 0.123284
7 0.428249 0.169832 0.047387 0.129385
1 0.435889 0.170512 0.026440 0.108323
2 0.481079 0.176061 0.051557 0.133387
10 0.504274 0.229311 0.018743 0.029201
3 0.537175 0.180683 0.051168 0.137067
6 0.589730 0.183852 0.052969 0.140298
10 0.615507 0.240419 0.019466 0.029597
9 0.648371 0.188918 0.052163 0.134113
1 0.713009 0.194948 0.034269 0.124415
0 0.302371 0.350860 0.053292 0.142158
10 0.327790 0.403277 0.020591 0.036655
0 0.359313 0.351277 0.053063 0.134185
0 0.416478 0.352669 0.054779 0.141819
2 0.740619 0.378975 0.049601 0.124196
4 0.797723 0.382968 0.049336 0.108595
5 0.852377 0.389382 0.049851 0.134001
2 0.852433 0.383729 0.045911 0.129376
2 0.238041 0.528665 0.054872 0.140684
6 0.294117 0.530791 0.053749 0.137601
10 0.319235 0.589123 0.019736 0.027750
3 0.353107 0.539254 0.050490 0.134036
5 0.353499 0.531657 0.049791 0.132784
1 0.637831 0.560873 0.024380 0.117694
1 0.690363 0.562091 0.027553 0.120400
3 0.733114 0.568979 0.049659 0.137556
10 0.757172 0.619085 0.017109 0.026770
6 0.787251 0.567619 0.051395 0.135551
5 0.220738 0.696004 0.049128 0.132592
9 0.278491 0.700019 0.051032 0.131146
8 0.333146 0.710463 0.053214 0.138503
8 0.388888 0.712774 0.053567 0.139633
0 0.446633 0.713296 0.054907 0.135861
10 0.469552 0.771658 0.019373 0.029336
2 0.503290 0.718565 0.051799 0.136802
0 0.560262 0.721766 0.052127 0.133567
