4 0.185682 0.150599 0.049862 0.115259
6 0.239540 0.154699 0.051580 0.132323
9 0.295244 0.159752 0.051185 0.130723
4 0.351737 0.160491 0.052065 0.119814
1 0.419604 0.170732 0.025301 0.117938
1 0.459328 0.173323 0.050082 0.138165
9 0.460238 0.174376 0.053096 0.138901
10 0.480526 0.231765 0.018816 0.030232
9 0.516491 0.175350 0.052317 0.136134
1 0.583894 0.182893 0.026724 0.120261
6 0.624641 0.186137 0.049710 0.134021
4 0.681845 0.190900 0.051873 0.115699
0 0.283922 0.342536 0.052525 0.132458
10 0.307857 0.395268 0.020930 0.032603
0 0.338533 0.348432 0.052452 0.138954
0 0.395259 0.354143 0.052788 0.135700
2 0.713979 0.381594 0.054006 0.141873
10 0.735907 0.433356 0.018824 0.031288
4 0.771340 0.381571 0.050611 0.117866
5 0.824912 0.388104 0.047875 0.129650
2 0.219838 0.521136 0.052891 0.138823
6 0.275391 0.522038 0.053195 0.131812
10 0.296702 0.578323 0.020569 0.031500
1 0.346677 0.529094 0.024600 0.114571
1 0.611529 0.554107 0.026480 0.121433
1 0.664162 0.562637 0.024989 0.122698
1 0.706342 0.564373 0.050049 0.140677
3 0.706404 0.566688 0.051133 0.140335
10 0.729579 0.615331 0.019589 0.034391
7 0.764140 0.565452 0.047689 0.128957
1 0.221086 0.687741 0.023707 0.115870
1 0.258160 0.691012 0.052607 0.137928
8 0.258603 0.692235 0.052021 0.132320
5 0.313362 0.695531 0.050078 0.136248
2 0.368051 0.697267 0.052430 0.134533
8 0.424182 0.699352 0.053210 0.133818
1 0.424267 0.711329 0.053664 0.142395
10 0.447187 0.763638 0.020450 0.031197
1 0.493586 0.713694 0.026351 0.127044
1 0.549085 0.713982 0.026732 0.128571
