4 0.187002 0.151537 0.051551 0.118488
6 0.240177 0.156654 0.050694 0.134719
9 0.297024 0.163099 0.051416 0.131719
4 0.353547 0.162925 0.051692 0.120421
1 0.420019 0.172895 0.025681 0.118937
9 0.462289 0.175234 0.051180 0.136265
10 0.483808 0.228103 0.017918 0.027661
9 0.518161 0.177108 0.052097 0.134867
1 0.586349 0.181847 0.028385 0.120675
6 0.626087 0.187909 0.050056 0.134020
10 0.651401 0.245138 0.018684 0.028632
4 0.683183 0.191617 0.052293 0.119299
0 0.284584 0.344786 0.053345 0.133993
10 0.310831 0.402379 0.019157 0.030514
0 0.339394 0.350705 0.052867 0.140315
0 0.396467 0.356201 0.052480 0.135089
2 0.716662 0.383651 0.053563 0.139480
10 0.738563 0.434739 0.018761 0.031696
4 0.772934 0.383818 0.051880 0.118109
5 0.827496 0.391544 0.049673 0.130649
2 0.220515 0.521940 0.051544 0.134904
6 0.274749 0.523103 0.052751 0.135645
10 0.298849 0.584188 0.019096 0.029912
0 0.332304 0.527621 0.054164 0.135351
1 0.612387 0.554527 0.026763 0.122348
1 0.667405 0.562915 0.025663 0.125000
3 0.706841 0.565811 0.049109 0.133983
10 0.729901 0.616329 0.017325 0.028566
8 0.760982 0.568249 0.053130 0.139508
1 0.221035 0.689241 0.024910 0.116505
1 0.259211 0.691514 0.052814 0.137604
8 0.259391 0.693125 0.052080 0.136308
5 0.314661 0.698276 0.050617 0.136573
2 0.369372 0.698987 0.052130 0.138049
8 0.425254 0.707862 0.055181 0.140327
1 0.426147 0.713250 0.055371 0.143847
10 0.447659 0.765523 0.019337 0.030388
1 0.495124 0.716691 0.026846 0.128064
1 0.550870 0.718140 0.026985 0.130254
