3 0.202086 0.157018 0.049757 0.135121
8 0.256616 0.158606 0.054629 0.138097
7 0.316798 0.160935 0.050610 0.130773
3 0.370304 0.168969 0.051369 0.138207
7 0.431803 0.170387 0.037322 0.132534
1 0.438885 0.171744 0.024063 0.111992
2 0.480433 0.175928 0.053619 0.136370
10 0.505067 0.229726 0.018628 0.027949
3 0.537003 0.181133 0.051375 0.138156
6 0.589688 0.183639 0.053462 0.142109
9 0.648385 0.189016 0.051434 0.133608
1 0.716048 0.193768 0.031988 0.128009
0 0.302243 0.350010 0.053126 0.142187
10 0.322812 0.401665 0.020208 0.026585
0 0.359362 0.352104 0.053035 0.134714
0 0.416162 0.353603 0.054563 0.137461
2 0.740140 0.379762 0.050306 0.125636
4 0.797361 0.383113 0.051474 0.114043
5 0.852391 0.389474 0.049808 0.133770
2 0.238016 0.529197 0.054825 0.140450
6 0.292923 0.531793 0.052062 0.137571
10 0.322056 0.587486 0.023956 0.036495
2 0.351549 0.533173 0.051933 0.132933
1 0.637047 0.561533 0.025536 0.112876
1 0.690248 0.562436 0.027472 0.123053
3 0.732707 0.568987 0.049216 0.133479
1 0.733318 0.568965 0.047568 0.137440
10 0.757587 0.619093 0.017464 0.026805
8 0.788386 0.567107 0.053197 0.135997
5 0.220809 0.696445 0.049701 0.133622
9 0.278261 0.699943 0.051107 0.130879
8 0.333091 0.710232 0.053003 0.137809
8 0.388683 0.712632 0.053485 0.139155
0 0.446540 0.712686 0.054817 0.135568
10 0.467905 0.771321 0.019858 0.029329
2 0.502922 0.718760 0.051947 0.136689
0 0.560091 0.725550 0.054547 0.140718
