3 0.202702 0.157926 0.049753 0.129991
8 0.256486 0.159350 0.054709 0.138405
7 0.316334 0.161453 0.051121 0.132163
3 0.370458 0.169196 0.051646 0.138293
7 0.431806 0.171729 0.037797 0.127033
1 0.437729 0.172217 0.024897 0.111725
2 0.481917 0.175512 0.051512 0.134465
10 0.503396 0.229596 0.018916 0.029934
2 0.536340 0.178989 0.053423 0.140373
3 0.537280 0.180905 0.049723 0.134581
6 0.589593 0.183838 0.053116 0.140413
10 0.615398 0.240290 0.019340 0.029451
9 0.648919 0.188494 0.051474 0.132789
1 0.715813 0.192403 0.031276 0.129069
0 0.302327 0.349757 0.053276 0.142031
10 0.327371 0.403039 0.020079 0.035392
0 0.359373 0.351609 0.053110 0.135044
0 0.416113 0.352924 0.054343 0.137807
2 0.740739 0.384183 0.051568 0.133623
4 0.796706 0.382519 0.051464 0.114340
5 0.852201 0.388979 0.049500 0.133061
2 0.237916 0.528737 0.055146 0.141077
6 0.294659 0.529299 0.053701 0.139522
1 0.366858 0.541700 0.026104 0.118744
1 0.637123 0.561534 0.025287 0.110908
1 0.689433 0.561374 0.028975 0.118458
4 0.733787 0.567485 0.049076 0.114969
10 0.757465 0.621895 0.020323 0.029782
0 0.786380 0.573610 0.051561 0.134906
5 0.220508 0.695669 0.049231 0.132286
9 0.278320 0.699876 0.051142 0.130762
8 0.333006 0.709952 0.053531 0.139878
8 0.388844 0.712748 0.053710 0.140039
0 0.446690 0.713021 0.054749 0.135581
10 0.469180 0.771359 0.019422 0.029080
2 0.502764 0.718796 0.052188 0.137814
0 0.559794 0.726025 0.054955 0.140804
