4 0.186265 0.151808 0.051867 0.118747
6 0.241146 0.155388 0.051235 0.134002
9 0.296130 0.159794 0.050555 0.133018
9 0.350983 0.160206 0.049689 0.130273
4 0.351460 0.163065 0.053306 0.127934
1 0.417449 0.171380 0.031229 0.110893
7 0.417754 0.168736 0.032803 0.116590
9 0.459767 0.174652 0.051925 0.135726
10 0.481003 0.227517 0.017558 0.026454
9 0.515590 0.178086 0.051333 0.131853
1 0.579727 0.179963 0.030627 0.130035
6 0.622038 0.190182 0.048369 0.135175
4 0.677797 0.191701 0.052044 0.117175
0 0.284982 0.347554 0.055035 0.139051
10 0.310867 0.399558 0.019007 0.031325
0 0.339726 0.349398 0.055130 0.136892
0 0.395226 0.351497 0.053678 0.136655
2 0.710807 0.381108 0.051018 0.132299
10 0.734686 0.436363 0.018631 0.033874
4 0.769385 0.385259 0.051815 0.116259
5 0.823026 0.389662 0.048558 0.130548
3 0.221480 0.522048 0.050835 0.136520
0 0.276751 0.523859 0.054828 0.130258
10 0.297239 0.580537 0.019095 0.029818
1 0.344695 0.528848 0.025556 0.117565
1 0.609723 0.556449 0.025654 0.116661
1 0.662829 0.562665 0.024703 0.115782
4 0.703684 0.563254 0.054689 0.121989
10 0.728775 0.617805 0.019466 0.031495
1 0.772215 0.572676 0.026439 0.122408
1 0.220823 0.688283 0.024288 0.117184
8 0.259617 0.692736 0.051149 0.132744
5 0.313052 0.695015 0.049522 0.132433
2 0.368323 0.698171 0.053114 0.137709
8 0.423818 0.701278 0.054108 0.136529
10 0.440921 0.755344 0.019208 0.030278
1 0.494264 0.708657 0.026975 0.120336
1 0.547714 0.714370 0.025018 0.118039
